0.0000000000
0.0000000000
-0.0000000000
0.0000000002
-0.0000000000
0.0008573017
-0.0000000000
0.0000000000
-0.0000000000
-0.0000000000
0.0000000000
-0.0000000000
-0.0000000000
-0.0000000000
-0.0000000000
0.0000000000
-0.0000000000
-0.0000000000
-0.0000000000
0.0000000000
0.0000000000
-0.0000000000
0.0000000000
-0.0000000000
-0.0000000000
-0.0000000000
0.0000000000
0.0000000000
-0.0000000000
-0.0000000000
-0.0000000000
0.0000120790
-0.0000000000
0.0000000000
0.0002068641
0.0000000000
-0.0000000078
-0.0000012006
0.0000000000
-0.0000000000
0.0000017373
-0.0000000000
0.0083078034
-0.0000000000
0.0000017834
-0.0000000000
0.0000569286
-0.0000000000
-0.0000000000
-0.0000000000
-0.0000000000
-0.0000000000
0.0000000000
-0.0000011330
0.0000000000
-0.0000001314
-0.0000191557
-0.0184413753
0.0000000000
0.0000000000
-0.0000000000
-0.0000000000
0.0000000000
-0.0000000000
0.0000010891
0.0000055572
0.0000000000
-0.0000000000
0.0000000000
-0.0020807483
-0.0000000000
-0.0000000000
-0.0000000000
-0.0000000000
0.0000000000
0.0000000000
-0.0000000000
-0.0000000014
-0.0000000000
0.0000000000
-0.0000000000
0.0000000000
-0.0000000000
-0.0000000000
0.0000000000
0.0000000000
0.0000000000
-0.0000000000
-0.0000000000
0.0000000000
-0.0000000000
-0.0000000000
-0.0000000016
0.0000000000
-0.0000000000
0.0000000000
0.0000002301
0.0004995924
0.0000000000
0.0062852260
-0.0000000000
0.0000000000
0.0000039877
-0.0000000000
0.0000001206
0.0000000000
0.0000000000
-0.0000000000
0.0000000822
0.0004259551
0.0000000000
-0.0000554755
-0.0000000000
-0.0000000000
0.0000000000
-0.0000000000
-0.0000000000
0.0000000000
-0.0000000000
0.0000000000
0.0000000000
-0.0000000000
0.0000000000
0.0000068829
0.0000000000
-0.0000000000
-0.0000000000
0.0099147400
-0.0000000000
0.0000356478
0.0000001128
-0.0000000000
0.0000000000
0.0000000000
0.0000000000
-0.0000000000
0.0000000000
0.0000000000
0.0000000000
0.0000000000
0.0000398773
0.0000000009
0.0000000000
-0.0000000000
-0.0000000531
0.0000000000
-0.0000000000
0.0000000000
0.0000000000
0.0000000000
0.0112278759
0.0000000000
0.0000000000
0.0000000000
-0.0000000000
0.0000000002
-0.0000003932
0.0000000000
-0.0000004282
0.0000000000
0.0000000000
0.0000000000
0.0000002093
-0.0000000000
0.0000000000
0.0000000335
0.0000000001
0.0000000000
0.0000000000
0.0000000000
0.0000000000
0.0000000000
-0.0000000000
0.0000000000
0.0000000000
0.0000000000
0.0000000000
0.0000000000
-0.0000000000
-0.0000000000
-0.0000000000
0.0000000000
-0.0000000000
-0.0000000000
0.0000000000
-0.0000000000
0.0000000000
0.0000000000
0.0000000000
-0.0000000000
0.0000000060
0.0000000000
0.0000000000
0.0039674337
-0.0000000000
0.0000000000
-0.0002075256
0.0000000000
-0.0000000000
0.0000000000
-0.0000000000
-0.0000000000
0.0000000000
0.0000000000
0.0000000000
-0.0000000000
0.0000000046
0.0000000000
-0.0000000000
-0.0000000000
-0.0000000000
-0.0000000000
0.0000000000
0.0000000000
0.0000055382
-0.0000000000
0.0000000000
0.0000000000
0.0000000000
0.0004842618
-0.0000000000
-0.0000000000
0.0000000000
0.0000000000
0.0000000000
0.0000000000
0.0000000000
-0.0000001150
0.0008132200
-0.0000000000
-0.0000000000
0.0000000000
0.0004406809
0.0000000000
-0.0000000000
0.0000000000
0.0000000000
0.0000000000
0.0000000000
0.0000000001
-0.0000000000
0.0000000000
-0.0000000074
-0.0000000000
-0.0000000000
0.0000000000
0.0000008083
0.0000000000
0.0000000000
0.0000000000
0.0000000000
0.0000000000
-0.0000000000
0.0000000000
-0.0000000000
0.0000000000
-0.0000000000
0.0000001072
0.0000024877
0.0000000000
0.0000000000
0.0000000023
0.0000000000
0.0004320005
0.0000000000
0.0000000000
-0.0000000000
-0.0000000000
0.0000000000
0.0000000000
-0.0000000000
0.0000000018
0.0000000000
0.0000000000
0.0000000004
0.0000001804
-0.0000000000
0.0000000000
0.0000027894
-0.0000000000
0.0000000000
-0.0000000000
0.0000000000
0.0000000000
0.0000000000
-0.0000000000
0.0000000000
-0.0000000000
0.0000000000
0.0000000000
-0.0000000000
-0.0000000000
0.0000000000
-0.0000000000
0.0000000000
-0.0000000000
0.0000000172
-0.0000000000
0.0000000000
0.0000000000
0.0000000832
0.0000000000
-0.0000000000
0.0000000000
-0.0000000000
0.0000000000
-0.0000000000
0.0005605078
-0.0000000000
-0.0000000000
0.0000000000
-0.0000000000
-0.0000000000
-0.0000000000
0.0000000044
-0.0000000000
-0.0000000000
0.0000000000
-0.0000000000
0.0000000002
0.0000000000
0.0000000000
0.0000012890
0.0000000205
0.0000000000
0.0000000000
-0.0000000000
0.0000000000
-0.0000000000
0.0000000001
0.0000000000
-0.0000000000
0.0000000000
-0.0000000000
-0.0000000000
0.0000000000
0.0000000000
-0.0000000000
0.0000000000
0.0000006505
0.0000000000
-0.0000000000
0.0000000000
-0.0000000000
0.0000000003
0.0000000000
0.0000005345
-0.0000000000
0.0008462102
-0.0000000000
0.0004499513
-0.0000000000
0.0000000000
0.0000000000
0.0302552916
0.0000000000
-0.0000000000
0.0000000000
-0.0000000000
-0.0000000000
-0.0000000000
0.0000000000
0.0015216694
-0.0000000000
0.0000000546
-0.0000022423
0.0000000000
-0.0000000000
-0.0000000000
0.0000000000
0.0000171490
0.0000000000
-0.0000474199
0.0000000000
0.0000000000
0.0000000000
-0.0000000000
-0.0000000000
-0.0000000000
0.0000000000
0.0000000000
-0.0000000000
0.0000000000
0.0000000000
0.0000000000
0.0000000000
0.0000000000
0.0000000000
0.0000000762
0.0000000000
0.0000001345
0.0000000000
-0.0000000000
-0.0000000000
0.0000000000
0.0000000000
-0.0000000000
0.0000000000
-0.0000000000
0.0000355385
0.0000000000
0.0000165193
-0.0000000000
0.0000000001
-0.0000000000
0.0000000000
0.0000000000
-0.0000000000
0.0000000000
0.0000000030
0.0000000000
0.0004883633
-0.0000000000
-0.0000000000
-0.0000000000
0.0000000000
0.0000004032
0.0000000000
0.0000040118
-0.0000000000
-0.0000000000
0.0000000000
0.0000000000
0.0018915754
0.0000000000
0.0000006867
0.0000382171
0.0000060014
0.0000000000
-0.0000160254
0.0005909538
0.0000000000
-0.0000000000
-0.0000000000
0.0029811554
0.0000000000
-0.0000000000
0.0000000000
0.0000000000
-0.0000000000
0.0000000000
0.0000000000
0.0000000243
-0.0000000000
-0.0000000000
0.0000000000
0.0000000180
-0.0000000000
0.0000030474
0.0000009524
0.0000000009
0.0000000000
0.0000001191
0.0000015896
-0.0000000000
-0.0000000000
-0.0000000000
-0.0000000000
-0.0000000000
-0.0000000000
0.0000001492
-0.0000000001
0.0000004674
0.0000000005
-0.0000000000
0.0000000000
0.0000288896
0.0000000000
-0.0000000000
0.0000000000
0.0000033347
-0.0000000000
0.0000000000
-0.0000000000
-0.0000000000
0.0000000000
0.0000000000
-0.0224554911
-0.0000000000
-0.0000599786
-0.0000000000
-0.0000000052
-0.0000000621
0.0000000000
0.0000000004
0.0000575093
-0.0000000000
0.0001663196
-0.0000000000
0.0000000000
0.0000000000
-0.0000000000
0.0010514765
-0.0000000000
-0.0000000000
0.0024973585
0.0000000000
-0.0000004726
0.0000000000
-0.0000000000
0.0000000000
-0.0000001222
0.0017405506
-0.0000000000
-0.0000000000
-0.0000000000
-0.0000001046
0.0000000000
0.0000001410
-0.0000000000
-0.0000000000
0.0000000166
-0.0000000000
0.0000000000
0.0000000000
0.0001191109
-0.0008445987
0.0000797412
0.0000000000
-0.0000004178
0.0000000000
0.0000000000
-0.0000000000
-0.0000000051
0.0000000000
0.0000007221
0.0000000000
0.0000000000
0.0000000163
-0.0000000000
0.0000003426
-0.0000000000
-0.0000000000
-0.0000026535
0.0000000000
-0.0005957030
0.0000000913
0.0000570480
-0.0000000002
0.0000000012
0.0000000005
0.0000000000
-0.0000000000
-0.0000000000
0.0000002894
-0.0000000000
0.0020446512
-0.0000000000
0.0002033084
0.0000000000
-0.0011799691
-0.0000000000
0.0000000000
0.0000000000
-0.0000000000
0.0000000018
-0.0000000000
0.0000000000
0.0020528585
0.0000000000
0.0000000025
0.0007331029
-0.0000000000
0.0037489024
0.0000000000
0.0000000000
-0.0000000013
-0.0000000000
0.0000022592
0.0000000000
-0.0000000000
-0.0000000000
-0.0000000000
-0.0000000000
0.0000000000
0.0000000000
0.0000000008
0.0000000000
-0.0000000000
-0.0000000000
0.0000000000
0.0000000000
0.0000000000
-0.0000000000
-0.0000093644
-0.0000000000
-0.0000000000
0.0000000000
-0.0000000000
-0.0000000000
0.0000000000
-0.0000000000
0.0000000000
-0.0000000000
-0.0000000000
0.0219676774
0.0000000000
-0.0000000000
0.0000000000
-0.0000000000
-0.0000000000
-0.0000000000
0.0000141049
-0.0000463924
-0.0000000000
0.0000000000
0.0000000000
-0.0000000000
0.0000000009
0.0000000000
0.0000000000
0.0000000000
-0.0000000000
0.0000000000
-0.0000000000
-0.0000000000
-0.0000000000
0.0000000000
-0.0000000000
0.0000000000
-0.0157561451
-0.0000000000
0.0000000000
0.0000000000
-0.0000000000
-0.0000000000
-0.0000000000
0.0000000028
0.0000059176
-0.0000000000
0.0000000000
-0.0000000000
0.0000000000
-0.0000000000
-0.0000000000
-0.0000000000
-0.0000000000
0.0000000000
0.0000000000
0.0000000000
-0.0000000000
0.0000000000
0.0000000000
0.0000000000
-0.0000000000
0.0000000000
-0.0000000000
0.0000000000
-0.0000000000
0.0000000000
0.0000000000
0.0000000000
0.0000015801
0.0000000000
-0.0000000000
-0.0000000000
-0.0011339339
0.0006865042
0.0000927918
-0.0000000000
0.0000036971
-0.0000001032
0.0000000075
-0.0000000000
0.0000045968
0.0095021231
-0.0003636023
-0.0000000000
-0.0000000000
0.0009022452
-0.0000000000
0.0002297923
-0.0000000000
0.0000000235
-0.0000098989
0.0000603463
-0.0045469939
-0.0000000000
-0.0000000044
0.0000000000
-0.0000000000
0.0000000000
0.0000428634
0.0000000002
0.0000000082
-0.0000000000
-0.0000000000
0.0000000000
0.0000364912
-0.0000000000
0.0000000000
0.0000000000
-0.0000000000
0.0000000405
0.0000000000
-0.0000000000
-0.0000000000
0.0000000000
0.0000000000
-0.0000003008
-0.0000203461
0.0000000000
-0.0000000169
0.0000000002
-0.0000000000
-0.0000126600
0.0000000000
-0.0000000000
0.0000000000
0.0000000000
0.0000000000
0.0000000000
-0.0000000000
0.0000000000
0.0000000009
-0.0005596289
-0.0000000000
-0.0000000000
-0.0000000000
-0.0000000000
0.0000000000
0.0000000000
0.0000000000
-0.0000000000
-0.0000000000
-0.0003038179
0.0000000000
-0.0000000000
0.0000000000
0.0002229669
0.0000065892
-0.0017269221
0.0000000000
0.0000000000
0.0000000000
-0.0000000000
-0.0274639484
0.0000000026
0.0000000000
0.0000000000
0.0000000000
-0.0000030339
0.0000000000
0.0000000000
0.0000000000
0.0002897299
-0.0000000000
0.0000000000
0.0000000000
0.0000000000
-0.0000000036
0.0000000000
0.0000000000
-0.0000000000
0.0000051124
0.0000000000
-0.0000000000
0.0000000000
-0.0000000000
-0.0000000000
-0.0000000000
0.0000000013
0.0000000445
-0.0000000000
-0.0000000000
0.0000000000
0.0000000000
-0.0000000000
-0.0000000002
-0.0000000000
0.0000000000
-0.0000000000
-0.0000000000
-0.0006768300
0.0016285722
0.0000000000
-0.0000000000
0.0000000000
0.0000000000
-0.0000000000
-0.0000000000
-0.0000000000
0.0000000000
0.0002948740
0.0000010656
0.0000000000
-0.0000000000
-0.0000000000
-0.0000000000
0.0000047431
0.0000000000
0.0000000000
0.0003536060
0.0000019941
0.0001832004
0.0000002824
0.0000000000
-0.0000000000
0.0000000000
-0.0000000000
0.0000000000
0.0000000002
0.0000000000
-0.0000000000
0.0000000000
-0.0000000000
-0.0000000000
0.0000000000
-0.0000000000
0.0000000000
0.0000000218
0.0004349255
0.0000000000
-0.0000000000
-0.0000000000
0.0000000000
0.0000000000
0.0000000000
-0.0000000000
0.0000288891
-0.0000000000
0.0000585011
0.0000000000
0.0000000000
0.0010371223
-0.0000000337
-0.0000000000
0.0000885933
0.0000000000
0.0000000000
-0.0000000000
-0.0000000000
0.0000000000
-0.0000000000
-0.0000000000
0.0000000000
0.0000345714
-0.0000000000
-0.0000000000
0.0000000000
0.0000000172
0.0000000000
-0.0000000007
0.0000000000
0.0000013325
-0.0000000018
-0.0000005957
-0.0000000000
0.0000000000
0.0000000000
-0.0001176940
-0.0000000000
0.0000000000
-0.0030848845
0.0014639142
0.0000056668
0.0000000000
0.0000000161
0.0000157214
0.0000000000
0.0000000000
0.0000000000
0.0000000000
-0.0490296632
0.0000000000
0.0000000000
0.0000000000
0.0000000000
0.0000000000
0.0000000000
0.0000000000
0.0000000000
-0.0000000000
-0.0000000000
-0.0000000000
-0.0000000000
0.0000000000
0.0000000000
0.0000000705
0.0000000004
-0.0171571318
0.0000000000
-0.0000000021
0.0000000000
0.0000000000
-0.0000000000
0.0000000000
0.0000000000
0.0000467732
-0.0000000000
0.0000000000
0.0000000000
-0.0000000000
-0.0000000000
-0.0000000000
0.0000000000
-0.0000000000
0.0000000000
0.0223570671
0.0000000000
-0.0000000000
0.0000000000
-0.0000000000
-0.0000000000
-0.0003102348
0.0000000000
0.0000000000
-0.0000000000
0.0000199840
-0.0000000000
-0.0000000000
0.0000013199
-0.0000000000
0.0000000753
0.0000000000
0.0000000088
-0.0000000000
0.0000000000
-0.0788676217
0.0000000000
-0.0000000000
0.0000216326
0.0000000000
-0.0000000000
0.0000000000
0.0000000000
-0.0000000000
-0.1001823619
0.0000000000
-0.0000000000
0.0000000000
0.0000000000
0.0000000000
0.0000000000
0.0000000000
-0.0000000000
0.0000000000
0.0000000000
-0.0000000000
0.0000392602
0.0000000000
-0.0002819612
-0.0000000000
-0.0000000000
0.0000000005
0.0000000000
0.0000000000
0.0000000000
-0.0000000000
0.0000000000
0.0000000000
-0.0000000000
-0.0000000000
-0.0000000000
-0.0000000000
0.0005124155
0.0000000000
-0.0000000000
-0.0000123709
-0.0000000000
-0.0000000000
-0.0000000000
0.0000000000
0.0000001561
0.0000000000
0.0000005527
-0.0000000000
0.0000000000
0.0000000000
0.0000000025
0.0000000000
0.0000000000
-0.0000000000
0.0000004228
-0.0000000000
-0.0000000000
0.0000000000
0.0000000000
-0.0000000000
0.0000000000
0.0000000000
0.0000000000
-0.0036524301
-0.0000000000
-0.0026352871
0.0000870851
-0.0000000000
0.0000000000
-0.0000000000
-0.0000000066
0.0000000000
0.0000000000
0.0000000000
0.0000000000
-0.0000000000
-0.0000000000
-0.0000000000
-0.0000000000
-0.0000000000
0.0124483500
0.0000000000
-0.0000000000
0.0000000000
0.0000000000
0.0000000000
0.0000047842
-0.0000000000
-0.0000000000
-0.0000000000
0.0000000000
0.0000198339
-0.0000000000
-0.0000000000
0.0000000000
0.0000000000
-0.0000000000
-0.0000000108
0.0000000000
-0.0000000000
-0.0000000000
0.0000002739
0.0000995670
-0.0000000000
0.0000000000
0.0000000000
-0.0000000000
0.0000000000
-0.0000000000
0.0000000000
-0.0000000000
-0.0000000000
0.0000000000
0.0013725887
0.0000000000
-0.0000000000
-0.0000000000
0.0000000000
-0.0000000000
0.0000000000
-0.0000000000
-0.0000000000
-0.0000000000
-0.0000001701
0.0000000000
0.0000000000
-0.0000000000
0.0000015987
0.0000000000
0.0000000000
-0.0000000000
-0.1461237520
0.0000041532
-0.0000000000
0.0000983547
-0.0000000000
-0.0000000000
0.0000000031
0.0000000000
0.0000000000
0.0000000001
-0.0000000000
-0.0000000000
-0.0000000000
-0.0000000000
-0.0000000000
0.0000000000
-0.0000010258
0.0000000000
-0.0000000000
0.0000000000
0.0000000001
-0.0000000000
0.0000000000
0.0000000000
0.0000000000
0.0000000000
-0.0000000002
-0.0000000000
-0.0000000000
-0.0000000004
-0.0000000005
-0.0000000000
-0.0000000000
0.0011134607
-0.0000000000
0.0000000000
-0.0000000000
0.0001344636
0.0000000000
0.0000000084
-0.0000000000
-0.0000000000
-0.0000000000
0.0000000000
0.0001769251
-0.0000000000
0.0000000000
0.0000000000
-0.0000000000
-0.0000000000
0.0000000000
-0.0000000000
-0.0000000000
-0.0012899600
-0.0000000000
0.0000000000
-0.0000000000
0.0000000000
0.0000000001
0.0000000000
0.0000000000
0.0000000000
-0.0000000000
0.0000007742
-0.0000000000
0.0000000000
0.0000000000
-0.0008357900
0.0000000000
0.0000000000
0.0000000000
0.0000000000
-0.0000000000
0.0000000000
-0.0000000000
0.0000000000
0.0000000000
0.0000000000
0.0000000000
-0.0000000000
0.0000000000
0.0000000000
0.0000000000
0.0000000000
0.0000000000
0.0000000000
-0.0000244997
-0.0000000000
0.0000000000
0.0000000000
0.0000000000
0.0000000000
0.0000000000
0.0007310702
0.0000000000
0.0000000000
0.0000002732
0.0000000000
0.0000000009
-0.0000000001
0.0000000004
-0.0000718401
-0.0000000000
-0.0000000000
-0.0000000000
0.0000000000
0.0000000000
-0.0000000000
-0.0000000000
0.0000000000
0.0000000000
0.0000319962
0.0000474219
0.0000000000
-0.0000000000
-0.0000151340
0.0000247696
-0.0000000000
0.0000000000
0.0000000000
0.0000000000
0.0000000000
-0.0000000000
-0.0003995624
0.0000000000
-0.0000000000
-0.0001072026
0.0000007301
-0.0000000000
-0.0000000000
0.0000000000
0.0000000000
0.0000000000
0.0000000000
0.0000000000
-0.0000000000
0.0000000000
-0.0000000000
-0.0000000000
-0.0000000000
-0.0000000000
0.0000000000
-0.0000000000
-0.0000000000
-0.0000000000
-0.0000000000
0.0000000000
-0.0000000000
-0.0000000000
-0.0000000000
0.0000000000
0.0000000000
0.0000000000
0.0000000000
0.0000000000
0.0000000000
-0.0000000000
0.0000321995
-0.0000000000
0.0000062691
0.0000000000
0.0000001488
-0.0000000000
0.0000000000
0.0000000000
0.0000000000
-0.0000000000
-0.0000000000
-0.0000000000
-0.0000000000
-0.0000000000
-0.0000000000
0.0000000000
-0.0000000154
0.0000000000
-0.0000000000
0.0000000000
0.0000003162
-0.0000000000
-0.0000000000
-0.0000000000
0.0000000000
-0.0000000000
0.0000000000
0.0000000000
0.0000000000
0.0000000000
0.0000000000
0.0000000000
-0.0000000000
-0.0000000000
-0.0000000000
-0.0000000000
-0.0000000000
0.0000000000
0.0000000000
-0.0000000000
0.0000000000
0.0000000000
-0.0000000000
0.0000000000
0.0000000000
0.0000000000
0.0000000000
0.0000000000
-0.0000000000
-0.0000000000
-0.0000000000
0.0000000000
-0.0000000000
0.0000000000
-0.0000000000
0.0000000000
-0.0000000000
0.0000000000
0.0000000000
0.0000000000
-0.0000000003
0.0000000000
-0.0000000000
0.0000000000
-0.0000000000
0.0000000000
-0.0000000000
-0.0000000000
-0.0000000000
-0.0000000000
-0.0000000000
0.0000000000
0.0000000000
0.0000000000
0.0000000000
0.0000000000
-0.0000000000
-0.0000000000
-0.0000000000
-0.0000000000
-0.0000000000
-0.0000000000
-0.0000000000
0.0000003546
0.0000000000
-0.0000000000
0.0000000000
-0.0000000000
0.0000000000
0.0000000000
0.0000000000
0.0000000001
0.0000000000
-0.0000000000
-0.0000000000
-0.0000000000
0.0000608438
0.0000000000
0.0000000000
0.0000000000
-0.0000000000
0.0000269140
0.0000000000
-0.0000000000
-0.0000000000
0.0000000000
0.0000000000
0.0000000000
0.0000000000
0.0000000000
-0.0000000000
0.0000000000
0.0000000000
0.0000000000
0.0000000000
-0.0000000000
0.0000000000
0.0000000000
0.0000000000
0.0000000000
0.0000010235
-0.0000000000
-0.0000000000
0.0000000000
0.0000000000
-0.0000000000
-0.0000007830
0.0000003118
0.0000000000
0.0000000000
0.0000750420
-0.0000000000
-0.0000000000
0.0000000000
0.0000001430
-0.0000031776
0.0000000000
-0.0000009711
-0.0000000000
-0.0000000000
-0.0000000000
0.0000000000
-0.0000000000
0.0000000000
0.0000000000
-0.0000000000
-0.0000000000
-0.0000000000
-0.0000000000
-0.0000878148
-0.0000000036
0.0000000000
0.0000000000
0.0000000000
0.0000228049
0.0000000000
0.0000000000
0.0000051028
-0.0000000000
0.0000000041
0.0000000000
-0.0000000000
-0.0000000000
0.0000000000
0.0000000000
-0.0000000000
-0.0000000000
-0.0000000000
-0.0000000000
0.0000000000
-0.0000000000
0.0000000000
-0.2308456749
0.0000000000
-0.0000000000
0.0000000000
0.0000000000
0.0000000000
0.0000000000
0.0000000377
0.0000000000
0.0000000000
-0.0000000000
-0.0000000000
0.0000000000
-0.0000000000
-0.0989766270
-0.0000000000
0.0000000000
0.0000000000
-0.0000000000
-0.0000000000
0.0000000035
-0.0000000000
-0.0000000000
0.0000000000
-0.0000000000
0.0000000000
0.0000000000
0.0029526046
-0.0000000001
0.0000000000
0.0000903148
-0.0000000000
-0.0000000000
-0.0000000000
-0.0000000000
0.0000000000
0.0000000000
0.0000000000
-0.0000000000
-0.0000003586
-0.0000000000
0.0000000000
-0.0000000000
-0.0000000000
0.0000000000
0.0000000000
0.0000000000
0.0000000000
-0.0000000000
0.0000000000
-0.0000000000
0.0000000000
0.0000000004
0.0000000000
0.0000000000
-0.0000000000
-0.0000000003
0.0000000000
-0.0000000000
0.0000000011
-0.0000000000
0.0000000000
0.0000000000
0.0001341488
-0.0000000000
-0.0000000000
0.0000000000
0.0000000000
0.0000000000
-0.0000000000
0.0000000000
0.0000094100
0.0006825972
0.0000001731
-0.0000000000
0.0000000000
-0.0000000000
-0.0000000000
0.0000000003
-0.0000016564
-0.0000000000
-0.0000000000
-0.0000000000
0.0002483533
0.0000000000
-0.0000000000
-0.0000000000
0.0000000000
-0.0073893913
0.0000000000
0.0000000000
0.0000000000
0.0000000000
-0.0000000000
-0.0000000000
-0.0000000000
-0.0000000000
0.0000000075
0.0000000033
-0.0000000000
0.0000000000
0.0000000000
-0.0000406238
-0.0000000000
-0.0000000000
-0.0000000000
-0.0000000000
0.0000000000
0.0000000001
0.0000000000
-0.0000000000
0.0000000000
0.0000000000
0.0000000000
0.0000000000
0.0000000000
0.0000000000
0.0000000000
-0.0000013369
0.0000000000
0.0000000000
0.0000000000
0.0000000000
0.0000000000
-0.0000000000
-0.0000000000
0.0000000000
-0.0000000000
-0.0000000000
-0.3244209588
-0.0000000000
0.0003312893
0.0000000000
0.0000000000
-0.0000000000
-0.0000000000
-0.0000000000
-0.0000000000
-0.0000000000
0.0000000006
-0.0000000000
-0.0000000000
0.0000000000
0.0000000000
0.0000000003
0.0000000000
0.0000000000
-0.0018965080
0.0000000000
0.0000002146
-0.0000000000
0.0000000000
-0.0000000000
0.0054931450
0.0000000000
0.0000000001
0.0000000000
0.0000049577
0.0000000000
-0.0000000000
0.0000000000
0.0000000125
0.0000000093
0.0000000000
-0.0000000000
-0.0000000000
-0.0000000000
-0.0000000000
-0.0000440701
0.0000000000
0.0000000000
0.0000000000
0.0000000000
-0.0000000000
-0.0000000000
-0.0000000000
-0.0000000000
0.0000082519
0.0000000000
0.0000000000
0.0000080707
0.0000000000
-0.0000000000
0.0000000000
0.0000000000
-0.0000000000
-0.0000000000
-0.0000000000
0.0000000000
-0.0000000000
0.0000000000
-0.0000000000
0.0000000000
0.0000000000
0.0000057927
0.0000000000
-0.0000000000
0.0000000000
-0.0000000000
0.0006206059
0.0000000000
0.0000000000
-0.0000000000
0.0000000000
0.0000000000
-0.0000000000
0.0000000000
0.0000000000
0.0000000000
0.0000006807
0.0000000000
0.0000000000
0.0000000000
0.0000000000
0.0000000000
0.0000062549
0.0000000000
0.0008875775
-0.0000120770
0.0000000000
0.0009311141
-0.0000000020
0.0000000000
0.0000000000
0.0000000000
-0.0000000000
0.0075369081
-0.0000000000
0.0000000000
-0.0000000000
0.0005082762
-0.0000000000
-0.0000000000
0.0000000000
0.0000082541
-0.0000000000
0.0000000000
-0.0000000000
-0.0000000000
0.0000028989
-0.0000000000
0.0000000000
0.0000000000
0.0000000002
0.0000000000
-0.0000000000
-0.0000000000
0.0000000000
0.0000000000
-0.0000000000
-0.0000000000
0.0000000000
-0.0000000000
-0.0000000000
-0.0000000000
0.0000000000
0.0000000000
0.0000000000
-0.0000000000
0.0000000000
-0.0000000000
-0.0000000000
0.0000000000
-0.2569076717
0.0000000000
0.0000000000
-0.0000000000
0.0000000000
-0.0000000000
-0.0003703739
-0.0000000000
0.0000000000
0.0000000000
-0.0047148988
-0.0000000000
0.0000000000
0.0000000000
0.0000000000
0.0000000042
0.0000000000
-0.0000000000
0.0000000000
-0.0000619707
0.0000000000
0.0000000000
0.0000000000
0.0000000000
-0.0000000000
0.0000000000
0.0000000025
0.0000000000
0.0000005069
-0.0000000000
0.0000000000
0.0000000000
-0.0000000000
0.0000000000
0.0000000000
-0.0000000000
-0.0000000000
-0.0068669724
-0.0000000000
0.0000000005
-0.0000000000
-0.0000000000
0.0000000000
0.0000000000
-0.0000000000
0.0000000000
0.0001035089
0.0000000000
0.0000000000
0.0000000000
0.0000000000
0.0000000000
0.0000000000
-0.0000000000
0.0000000000
-0.0000000000
-0.0000000000
-0.0000000000
-0.0000000000
0.0000000000
0.0000000000
0.0000000000
-0.0000000000
0.0000000000
0.0000001075
-0.0000000000
-0.0000000000
-0.0000000000
-0.0000000000
0.0000000000
-0.1454901993
-0.0000000000
-0.0000000000
0.0000000000
-0.0000000000
-0.0000001086
-0.0000000000
0.0000000000
0.0007034449
0.0000000000
0.0000000002
-0.0026898412
0.0000000000
0.0000000000
-0.0000000000
0.0000000000
0.0000000000
0.0000000000
0.0000000000
0.0019469785
0.0000015188
-0.0000010257
0.0000000000
0.0000002616
0.0000000000
-0.0409199521
-0.0000000000
0.0000000000
0.0000000000
0.0000000000
-0.0000000000
0.0006659121
0.0000000000
-0.0000000000
0.0000000009
-0.0000000000
0.0000000000
0.0000000197
0.0000000000
0.0000000000
0.0000000000
-0.0000000000
0.0000000000
-0.0000000000
-0.0000000000
-0.0000000000
0.0000000000
0.0000000000
0.0000000000
0.0000000000
0.0000000000
-0.0000000000
-0.0000000000
0.0000000000
-0.0000000000
0.0000000000
-0.0000000000
0.0000280784
-0.0000000000
0.0000000000
-0.0000000000
0.0000000000
-0.0000000000
0.0000000000
0.0000000000
0.0000023163
0.0000000000
-0.0000000000
-0.0000000000
0.0000000000
-0.0000000000
-0.0000000637
-0.0000000000
-0.0000000818
-0.0000000000
0.0000000000
-0.0000000000
0.0000000000
0.0000000000
-0.0000000065
-0.0000000000
-0.0000000000
0.0000000000
0.0000000000
0.0000022878
-0.0000000000
-0.0000000000
0.0000000001
-0.0000000005
0.0000000000
-0.0000000000
-0.0000000000
0.0000000000
0.0000421482
0.0000000241
0.0000000010
0.0000178566
-0.0000000000
0.0000000210
-0.0000000000
0.0000000000
0.0000000000
0.0000000000
-0.0000000000
0.0000000000
-0.0000000000
-0.0000000000
0.0000000000
-0.0000000000
-0.0000000000
0.0000000000
0.0000000000
0.0000000000
-0.0000000000
-0.0000000000
-0.0000000000
0.0000000000
0.0000000000
0.0000000000
-0.0000000000
0.0000000000
0.0000000000
0.0079193953
-0.0000000000
-0.0000000000
0.0000000000
-0.0000000000
-0.2081379741
0.0000000000
0.0000000000
0.0000000002
0.0000000000
0.0000000047
-0.0000000000
-0.0000000000
-0.0000000000
0.0006584036
-0.0000000000
0.0000541542
0.0000000000
-0.0000000000
-0.0000000000
-0.0000000000
0.0000000000
0.0000000000
0.0000000676
-0.0000000000
0.0000000000
-0.0000000000
0.0005147227
0.0000000000
-0.0000000000
0.0000000097
0.0000000000
0.0000000013
0.0004301871
-0.0000000000
0.0000000000
-0.0000000000
0.0118727433
0.0000000000
-0.0000000000
0.0000000001
0.0000000006
-0.0941176638
0.0000000002
0.0000000000
-0.0000000000
0.0000000000
-0.0000000000
-0.0000000000
0.0000000000
-0.0000000000
-0.0000000000
0.0000000000
-0.0000000000
-0.0000000000
0.0000000000
0.0000000000
0.0000000000
0.0000000000
-0.0000000000
0.0000000000
0.0000000000
0.0000000000
0.0000000000
0.0000000000
-0.0000000000
-0.0000000000
0.0000223842
-0.0000000000
0.0000000000
-0.0000000000
0.0000000318
-0.0010762278
0.0000000000
0.0000000000
0.0000000000
-0.0000000000
0.0000000000
-0.0000000000
-0.0000000000
-0.0000000000
-0.0000000000
-0.0000000023
0.0000000000
0.0000000000
0.0000000000
0.0000000000
0.0001190847
0.0000000000
-0.0000000000
-0.0000000000
0.0000000053
-0.0000000000
0.0000000000
-0.0000000000
0.0000000000
-0.0000000000
-0.0000000000
0.0000000000
0.0000053185
0.0000000192
0.0000000121
0.0000000001
0.0000040706
0.0000000006
0.0000000016
-0.0000000000
0.0000000002
0.0025087739
0.0000000000
-0.0000000000
0.0000000000
0.0000000000
0.0000000000
-0.0000000000
0.0000000000
0.0000000000
-0.0000000000
0.0000000000
-0.0000000000
0.0000000000
-0.0000000000
-0.0000000000
-0.0000000000
-0.0000000000
-0.0000000000
0.0000000000
0.0000000000
0.0000000000
0.0000000000
0.0001331166
0.0000000000
0.0000000000
0.0000000000
-0.0000000000
-0.0000000000
0.0000015481
0.0000001199
-0.0000000000
0.0000000000
-0.0000000000
-0.0000000000
0.0000000041
-0.0000000015
-0.0000000000
-0.0000000000
0.0000000000
0.0000000000
-0.0000000000
0.0000000000
-0.0000000000
-0.0000000000
0.0000000000
0.0000000000
-0.0000000000
-0.0000000000
0.0000148329
0.0000000000
-0.0000000000
-0.0000000000
-0.0000000000
0.0000000000
0.0000000000
-0.0000000000
0.0000286732
0.0023928492
0.0023569923
-0.0000000000
0.0000000000
0.0000000000
-0.0000000000
-0.0000000000
-0.0000000000
-0.0000000000
-0.0000000000
-0.0000000000
-0.0000000000
0.0000000000
0.0000000000
-0.0000000000
0.0000000000
0.0000000000
0.0000000000
-0.0000000000
-0.0000000000
0.0000000000
0.0000000000
0.0000000000
0.0000000000
-0.0000000000
0.0000000000
-0.0000000000
-0.0000000000
-0.0000000000
0.0000000000
0.0000000000
0.0000000000
0.0000005098
0.0000000000
0.0000000000
0.0000000000
-0.0000000000
0.0000000071
-0.0000000000
-0.0000000000
0.0000000000
0.0020816538
0.0000000000
-0.0000000000
0.0000000000
0.0000000000
0.0000000000
0.0000140033
-0.0000000000
-0.0000000000
-0.0000000010
0.0000869733
-0.0000000000
-0.0000000000
-0.0000000000
0.0000000000
0.0000000000
0.0000097861
0.0000000000
0.0000000000
0.0000000000
0.0000000000
0.0000000000
0.0000000000
-0.0000000000
-0.0000000000
0.0000000000
-0.0000000000
0.0000000000
0.0000000001
0.0000000000
0.0000000058
0.0000000000
-0.0000000000
-0.0000000000
-0.0000000000
-0.0000000000
0.0000000000
0.0000000000
-0.0000000000
0.0000000000
-0.0000000000
0.0000000000
-0.0000000000
0.0000081258
0.0000000000
0.0000000000
0.0000000000
0.0000000000
0.0000000000
0.0000000000
0.0000000000
0.0000000000
0.0000039428
0.0000000000
0.0000000000
-0.0000000000
0.0000000000
0.0000000149
0.0000000000
-0.0000000000
-0.0000000000
-0.0000000011
0.0000000000
0.0000000000
0.0000000000
-0.0000000000
-0.0000000000
0.0000000000
-0.0000056305
-0.0000000000
0.0000000000
-0.0000000000
-0.0000000000
0.0000000163
-0.0000000000
0.0000119908
0.0000000000
-0.0000000000
-0.0000022324
0.0356145613
-0.0000000000
-0.0000000124
-0.0000510303
-0.0000000000
0.0000009725
-0.0000000000
-0.0000000000
0.0000000001
0.0000000000
0.0000000000
-0.0000000000
0.0000000000
0.0000000000
-0.0000000000
0.0000000000
-0.0000000000
0.0000000000
-0.0000000000
0.0000000000
-0.0000000000
-0.0000000000
-0.0000000000
0.0000000000
0.0000000000
0.0000000000
-0.0000000000
-0.0000000000
0.0000000000
0.0000000000
-0.0000000000
-0.0000000000
-0.0000000000
-0.0000000000
-0.0000000000
-0.0000000000
0.0000000093
0.0187624320
-0.0000000000
0.0000000000
-0.0000000000
0.0000000007
0.0000000000
-0.0014031256
0.0000000000
-0.0000000000
0.0000000000
-0.0000000000
-0.0000000000
0.0000083347
0.0000000000
0.0000000000
0.0000084220
0.0000000000
0.0000000000
0.0014693076
0.0000000000
0.0000000000
-0.0000331552
0.0000000000
-0.0000000000
0.0000000000
-0.0000000000
0.0000000000
0.0007023766
-0.0000000000
0.0000000000
-0.0000000000
0.0280543920
-0.0000000000
0.0000000000
0.0000000000
0.0000000000
0.0000000000
-0.1948997825
-0.0000000000
0.0000000000
0.0000000000
-0.0000000000
0.0000000000
-0.0000000000
-0.0000000000
-0.0000000000
0.0000000000
0.0000000000
-0.0000000000
0.0000000000
-0.0000000000
0.0000000000
-0.0000000000
-0.0000000000
0.0000000000
-0.0000000000
-0.0000000000
0.0000000000
0.0000000000
0.0000000000
-0.0000000000
0.0000000000
0.0000000000
0.0000002048
0.0000000000
-0.1403645724
0.0000000000
0.0000000000
-0.0000000000
0.0000000000
0.0000099807
-0.0000000000
-0.0000000000
-0.0000000000
-0.0000000002
-0.0000000000
0.0000000000
-0.0000000000
0.0056944401
-0.0027810708
0.0000000000
0.0000000000
-0.0000000000
-0.0000000000
0.0000000000
-0.0000000000
0.0000000000
-0.0000007220
-0.0000000000
-0.0000000000
0.0000000000
0.0000000000
0.0000000000
-0.0000000000
0.0000000000
-0.0000000000
0.0000220016
-0.0000000000
0.0000000000
0.0000000000
0.0000000000
-0.0000000000
-0.0000000000
-0.0000000000
0.0000000000
0.0000444805
0.0000000000
0.0000000000
0.0000000000
0.0000000000
-0.0000000000
0.0000000000
0.0000000000
0.0000000000
-0.0000000000
0.0033296531
0.0000000000
0.0000000000
-0.0000000000
-0.0000000000
-0.0000000000
-0.0000000000
-0.0000000000
0.0000000000
-0.0000000000
0.0000000000
0.0000000000
0.0000000000
0.0000000000
-0.0000000000
0.0000000000
0.0000000000
-0.0000000000
0.0000000000
0.0033569639
0.0000000000
0.0000000000
-0.0000000000
-0.0000000000
-0.0000000000
0.0000000000
0.0000000303
-0.0000000000
-0.0000000000
0.0000000000
-0.0000000000
0.0034562231
0.0000000000
-0.0000000000
0.0000000000
0.0000000003
-0.0000000000
-0.0000000000
-0.0000000000
-0.0000000000
-0.0000000000
-0.0000000035
-0.0000015447
-0.0000000000
0.0000000000
0.0015071061
0.0000002082
0.0000004339
0.0000000029
0.0007058827
-0.0125972619
0.0000000000
0.0000000000
0.0000000000
-0.1526630223
-0.0000000000
0.0000000000
-0.0000000000
0.0000000000
0.0000000000
-0.0000000000
-0.0000000000
0.0000000000
-0.0000000000
-0.0000000000
0.0002083441
-0.0000000000
0.0000000000
0.0000000000
0.0000000000
-0.0000000000
0.0000000000
-0.0000000000
-0.0000000000
0.0000000000
0.0000028437
-0.1192037687
0.0000000000
0.0000000000
0.0000000000
0.0000000000
0.0000000000
-0.0000000000
0.0000000000
-0.0000000000
-0.0000000000
0.0000000000
-0.0000000000
0.0000000000
0.0032939229
0.0000000069
-0.0000000000
0.0000000132
0.0000000514
-0.0000000000
0.0000000000
-0.0000000000
0.0000000000
0.0000144506
-0.0000000000
-0.0000000000
-0.0000000000
0.0000000000
0.0000059227
-0.0000000000
-0.0000000000
0.0000000000
-0.0000000000
0.0009792352
-0.0000000000
0.0000023530
-0.0000000000
0.0000000726
0.0000000000
0.0000000000
-0.0000000000
0.0000000000
-0.0000000000
0.0000000000
-0.0000000000
0.0000000000
0.0000000001
0.0000000000
-0.0000000000
0.0000000000
0.0000000000
-0.0000000000
-0.0000000000
-0.0000000000
0.0000000000
0.0000000000
0.0000000000
-0.0000000000
-0.0000000000
0.0000000000
-0.0000000000
0.0000000000
0.0000000000
-0.0000000000
0.0000000000
-0.0000000000
0.0000039760
-0.0000000000
0.0000000000
0.0000000000
0.0000000000
0.0000000000
0.0003246394
0.0000000000
-0.0000000000
0.0000000000
-0.0000000000
0.0001484284
-0.0890253484
-0.0000000000
0.0000000000
0.0000000000
0.0156276952
0.0000305318
-0.0000000000
0.0000000000
-0.0000000000
-0.0000000000
0.0000000000
-0.0000000000
0.0000000000
-0.0000000000
-0.0000000000
0.0000073375
-0.0000000000
0.0000000000
-0.0000411937
0.0000000000
0.0003648525
-0.0000000000
0.0000008801
-0.0885405689
0.0000000000
0.0000024248
-0.0075523518
0.0000000000
0.0000000000
0.0000000000
-0.0000000000
0.0000000027
0.0000000000
0.0000000000
0.0000000000
-0.0000000000
0.0000000000
0.0000000000
-0.0000000000
0.0000000000
-0.0000000000
-0.0000000000
-0.0000000000
-0.0000000000
-0.0000000000
-0.0000000000
0.0000000000
0.0000000007
0.0022870784
0.0000000000
0.0000000000
0.0000000092
-0.0000000000
-0.0000000000
-0.1109643802
-0.0000000000
0.0013323430
-0.0664993376
0.0000000000
0.0000000000
0.0000000000
-0.0000000000
0.0000000000
-0.0000000000
0.0000004422
-0.0000000000
-0.0000000000
-0.0000064009
-0.0000000000
-0.0000000000
0.0060650758
0.0000000020
0.0000000461
-0.0000000000
0.0000455775
-0.0000000000
0.0351906978
0.0000000004
0.0000008054
0.0000000000
0.0000000000
-0.0131414849
0.0000000000
0.0022802674
0.0000000000
-0.0000000000
-0.0000000000
-0.0000000000
0.0000049956
0.0000000082
-0.0000000000
-0.0000000000
0.0000000000
-0.0000000000
0.0000000000
-0.0000000000
-0.0000000000
-0.0000000000
-0.0000000000
0.0000000000
0.0000000000
-0.0000000000
-0.0000000000
-0.0000000000
0.0000000000
0.0000000000
-0.0000000000
-0.0000000000
-0.0000000000
-0.0000000000
0.0000000000
-0.0000000000
0.0000000000
0.0013000912
-0.0000000000
0.0000000000
0.0010377974
0.0000000000
0.0000000000
0.0000000000
-0.0000000000
0.0000000000
0.0000000000
0.0000000000
0.0000371796
0.0000000000
-0.0000000028
0.0000000000
-0.0000000000
-0.0000000000
0.0000000259
-0.0000000000
0.0000000000
0.0000000000
0.0000000000
0.0005719609
0.0000000000
-0.0000000000
0.0000000000
0.0000000000
-0.0000000885
0.0000000000
0.0000566862
-0.0000000000
-0.0000000000
-0.0000000000
-0.0000000656
0.0006157428
0.0000000000
-0.0000000000
0.0000000924
0.0000000000
0.0000000000
0.0000000000
0.0000015701
-0.0000000000
0.0000000000
0.0000000000
0.0000000066
-0.0000000000
0.0000000000
-0.0000000000
0.0000000000
-0.0000000000
0.0000000000
0.0000000000
0.0000000000
-0.0000000000
0.0000000000
-0.0000000000
0.0000000000
-0.0000000000
-0.0000000000
0.0000000000
-0.0000000000
0.0000000000
0.0000140065
0.0000003713
-0.0000000000
0.0000000000
0.0000000000
-0.0000000000
0.0000000000
0.0000000000
-0.0000000000
-0.0000000000
0.0002194974
0.0000000000
0.0000000000
0.0000000854
0.0000000000
0.0000000000
-0.0000000000
0.0000000000
0.0000000000
0.0112571856
-0.0000000000
-0.0000000000
0.0000000000
0.0000000241
-0.0000000000
0.0000000000
-0.0000000000
0.0000000000
-0.0000000000
-0.0000000000
0.0000000000
0.0000000000
0.0000000000
0.0000000000
-0.0000000000
-0.0000000000
-0.0000000000
-0.0000000000
-0.0615011007
0.0000026867
0.0000000000
-0.0000000000
0.0000000000
-0.0000000000
0.0000000711
0.0000000000
0.0000000000
0.0000000000
0.0000000000
0.0003318123
0.0000000008
-0.0000000000
0.0000000000
0.0000000000
0.0000000000
-0.0000000000
0.0000000000
0.0000000000
0.0000000000
-0.0000000000
0.0000000000
0.0000000000
0.0000000000
0.0000000000
0.0000000000
0.0000000000
0.0000000000
0.0000523057
-0.0000000000
0.0000000000
0.0000000000
0.0027103282
0.0000000000
0.0000000000
-0.0296695940
0.0000000000
0.0000000000
-0.0000000000
-0.0004899122
-0.0000000000
-0.0000000000
-0.0000000000
0.0000000000
0.0000000000
0.0000000000
-0.0000000000
0.0000000888
0.0000000216
-0.0000000000
0.0000000000
0.0000000000
-0.0000000000
-0.0000000000
0.0000000000
-0.0000000000
0.0000000000
0.0000032297
-0.0000000000
-0.0000000000
0.0000000000
-0.0000000000
-0.0000000000
-0.0000000000
0.0000000001
0.0000000000
0.0000503801
0.0000147446
0.0000000000
-0.0877021253
0.0000000000
0.0000000000
0.0000000000
0.0000000000
-0.0000000000
-0.0000000000
0.0000000000
0.0000000000
0.0000000000
0.0000000000
0.0000000000
0.0000000000
0.0000000000
0.0000000000
-0.0000000000
-0.0000000000
0.0000000000
0.0004082415
-0.0000000000
0.0000000000
-0.0000000000
-0.0000000000
0.0000000252
0.0000000000
0.0000000000
0.0000000000
0.0000000000
-0.0000000000
0.0000000000
-0.0000000000
0.0000000000
-0.0000000000
0.0000904907
0.0000000000
0.0000000006
0.0000000000
-0.0000000000
-0.0000000000
-0.0000000000
0.0000000000
-0.0000000000
-0.0000000000
-0.0000000323
-0.0000000000
-0.0000000000
0.0000000000
-0.0000000000
0.0000000000
0.0000000000
-0.0000000000
-0.0000000000
0.0273645278
-0.0000000000
0.0068472624
0.0000000000
-0.0000000000
0.0000000000
-0.0000000000
-0.0002983905
-0.0000029186
-0.0000000000
-0.1865644306
0.0020340215
0.0000000000
0.0000000000
0.0000000000
0.0000000000
0.0000000000
0.0000000000
0.0000000000
0.0000000001
0.0000000000
0.0000000000
0.0000000000
0.0000000000
0.0000000000
0.0000000000
-0.0000000000
0.0000000000
0.0000000000
0.0000107467
0.0000000000
-0.0000000000
0.0000000000
-0.0000000000
-0.0000000000
-0.0000000000
0.0001570135
0.0000000000
-0.0000000000
0.0017427113
0.0000000000
0.0000000000
-0.0000000000
-0.0000000000
-0.0000000000
-0.0000000000
0.0000000000
0.0000000004
0.0000000000
0.0000375972
-0.0000000000
-0.0000000000
0.0000000000
0.0000000000
0.0000000000
0.0000000025
-0.0000000000
-0.0000000000
-0.0000000000
-0.0000000000
-0.0000000000
0.0000000000
-0.0000000000
0.0000006261
0.0000000000
0.0000000000
-0.0000000000
-0.0000000000
0.0000005207
0.0000000000
-0.0000000000
0.0000000000
0.0000000000
-0.0000000000
0.0003732294
-0.0007057363
-0.0000000000
-0.0000000000
-0.0000000000
-0.0723374039
-0.0000000000
0.0000000000
0.0000000000
0.0002488506
-0.0000000000
-0.0000000000
-0.0000000000
0.0000000434
-0.0000000000
0.0000000000
0.0000000000
0.0199208204
-0.0000000000
0.0000000000
0.0000000429
0.0002052005
0.0000000000
-0.0000000000
0.0000000000
0.0000000000
0.0001592658
0.0000751795
-0.0000000000
0.0000000000
0.0000000009
0.0000000000
0.0000000000
0.0000000000
0.0000000000
0.0000000088
0.0004305367
-0.0000000000
0.0000034072
-0.0000000000
0.0000385581
-0.0000000005
0.0000000000
0.0000000000
0.0000000000
0.0000000000
0.0000000000
0.0000000077
0.0000000000
0.0000000000
0.0000000000
0.0000000000
0.0000000000
0.0066092564
-0.0000000000
-0.0000000000
0.0000000000
-0.0000000000
0.0000000011
0.0000000000
0.0000000000
0.0000000003
0.0002152872
0.0000000000
0.0000000000
0.0000000000
0.0001295149
-0.0000000000
0.0000000000
0.0000000000
0.0000000000
-0.0000000000
0.0000000000
0.0000000001
0.0000000000
0.0010223943
-0.0000000000
0.0000037268
0.0000000000
0.0000000000
0.0004579011
0.0000000000
0.0000000000
-0.0000000000
0.0000000000
-0.0000000000
0.0000011639
0.0000000000
0.0000000000
0.0000000002
-0.0069110198
0.0000000000
0.0000000000
-0.0000000000
0.0000000000
0.0000000000
-0.0000000000
-0.0000000000
0.0000000000
-0.0000000001
-0.0000000000
0.0000000000
0.0000000000
-0.0000000000
-0.0000000000
-0.0000011957
0.0000000717
-0.0000000000
0.0000592681
-0.0000270961
0.0000000051
-0.0000000000
-0.0000000000
-0.0000000000
-0.0000000000
0.0000294786
-0.0000000000
0.0000000821
0.0000000000
-0.0000000000
0.0000000000
-0.0000000000
-0.0000000000
-0.0000000000
-0.0029711579
0.0000000020
0.0000000000
0.0000000000
0.0000000000
0.0005467411
0.0000000000
0.0000000000
0.0000000087
0.0000000013
0.0000000000
0.0000007307
0.0005173465
-0.0000000000
-0.0000000000
-0.0000000000
-0.0000000000
0.0000000000
-0.0000000000
-0.0000000000
0.0000000000
-0.0000000000
-0.0000000000
0.0000000000
-0.0000000000
-0.0000000000
0.0000000000
0.0000000000
-0.0000000000
0.0000000000
0.0000000000
-0.0000000000
-0.0000000000
-0.0000000000
0.0000000000
0.0000000000
-0.0000000000
0.0000000000
0.0001335992
-0.0000000000
0.0000000000
0.0000000034
-0.0000000000
-0.0000000000
0.0000000000
0.0000000000
-0.0000000000
0.0000000000
0.0000000000
0.0000000000
-0.0000000000
-0.0000005279
-0.0000000000
0.0000000000
0.0000000000
0.0000000000
-0.0000000000
-0.0000000000
0.0000008545
-0.0000000000
-0.0000000000
-0.0000000000
0.0000017582
0.0000000000
0.0000017637
-0.0000000000
0.0000000005
0.0000000000
0.0001112840
0.0004532897
0.0000000000
0.0005406692
-0.0000000000
0.0000000739
-0.0000000000
0.0000011464
-0.0000000000
-0.0000000000
-0.0000000000
-0.0000000000
-0.0000000000
0.0000000000
-0.0000000000
0.0007295255
0.0000021091
-0.0000000000
0.0000000000
-0.1686151475
0.0000000000
0.0000000000
-0.1687050909
-0.0000000000
-0.0008071864
0.0055973786
-0.0009719136
0.0000000000
0.0000000000
0.0000000000
-0.0000000000
0.0000000000
0.0000000000
-0.0000000000
-0.0000000000
0.0000033691
0.0000015712
0.0000000000
-0.0000000000
-0.0479943715
0.0000000000
-0.0000000000
0.0000000031
-0.0000060889
0.0000000000
0.0000000000
-0.0000000000
-0.0000000000
-0.0000000000
-0.0000000000
0.0000000000
0.0000000000
-0.0000000000
0.0000000005
0.0000000000
0.0000000000
-0.0400665812
0.0000000000
-0.0000000000
0.0000000000
-0.0000000000
0.0000000000
0.0000000000
0.0000000000
0.0000000000
0.0000000000
0.0000000000
0.0000000000
0.0000000000
-0.0096257711
0.0013323892
0.0000000000
0.0000000000
-0.1830653399
-0.0000000000
0.0000000000
-0.0000001253
0.0000000000
-0.0000000000
0.0000000001
-0.0000000000
-0.0000000000
0.0016025734
0.0000000000
-0.0000000000
0.0000000000
0.0000020255
-0.1184349284
-0.0000000000
0.0000000028
-0.0000000000
-0.0000000000
0.0000000000
-0.0000000000
0.0000000000
0.0000000000
-0.0000000000
-0.0000000000
0.0003245207
-0.0000000000
0.0000001483
0.0004959664
0.0000000000
0.0000000000
0.0000000000
0.0000000000
-0.0000000000
0.0000000538
0.0000000100
0.0000000000
0.0000000000
-0.0000000000
-0.0000000000
-0.0000000000
-0.0000000000
0.0000000007
-0.0000000000
-0.0000978095
0.0000000000
-0.0000000000
0.0099810287
0.0000000000
-0.0000000000
0.0000000155
0.0000000000
0.0000000000
0.0000000000
-0.0000028325
-0.0000000000
0.0000000000
-0.0000000000
0.0785044283
0.0000000000
-0.1694601476
-0.1158902198
-0.0000000000
0.0000000000
-0.0000000000
0.0000000000
0.0000000000
0.0001630563
0.0000000269
0.0000000066
0.0000000000
-0.0000000000
-0.0000000000
-0.0000000000
-0.0000000000
0.0000000000
-0.0000000000
-0.0000000000
0.0000000000
-0.0000000000
0.0000000000
0.0000001128
-0.0000000000
-0.0000000000
0.0000000000
-0.0000000000
-0.0000000000
0.0000000000
0.0000000008
-0.0000000000
0.0000000000
0.0000000000
-0.0000000000
-0.0000000000
0.0000000000
0.0000000000
0.0000000000
-0.0000000000
0.0000000000
-0.0000000000
0.0000000000
0.0000000000
0.0000000000
0.0004395654
-0.0000000011
0.0000000000
-0.0000000000
-0.0000000000
0.0000000000
-0.0000000000
-0.0000000000
-0.0000000000
-0.0000012476
-0.0000000000
0.0013713283
-0.0000000000
-0.0000000000
0.0000000000
0.0000000486
-0.0000000000
0.0000000000
0.0000000000
-0.0000000000
-0.0000000000
0.0000000000
-0.0000000000
0.0000175779
0.0001971577
-0.0000000000
-0.0000000000
0.0050299750
0.0000001073
-0.0000000000
0.0000000000
-0.0000000000
0.0000006911
-0.0000000000
-0.0000000000
0.0000000000
-0.0000000000
-0.0000000000
0.0000000000
0.0174761992
0.0000000000
-0.0000000000
-0.0000000000
0.0000000000
0.0000000000
0.0000000000
-0.0000000000
0.0000000000
-0.0000000000
-0.0000000000
0.0000000000
-0.0000000000
0.0000000000
0.0000002881
-0.0000000000
-0.0000000000
-0.0000000202
0.0000000054
-0.0000000000
0.0000000000
-0.0000000047
0.0000000000
-0.0000000000
0.0000000073
-0.0000000000
0.0000000100
0.0085923038
-0.0000000000
0.0000000000
-0.0000000000
0.0000000000
-0.0000000000
-0.0000000000
0.0096626868
0.0000000001
-0.0000000000
0.0000000000
-0.0000000000
0.0000000000
0.0000000000
0.0000000000
-0.0000000000
0.0000000000
0.0000000000
-0.0000000000
0.0000142174
0.0000002660
-0.0000000000
0.0000000000
0.0000186368
0.0000000000
-0.0000000000
0.0010979464
0.0000000000
0.0372397341
-0.0000000000
0.0000108421
0.0000000000
0.0000000000
-0.0000304479
0.0000000000
-0.0000000000
0.0000000000
0.0000000000
-0.0000000000
0.0000000000
-0.0001853867
0.0000000000
-0.0000000000
-0.0000000000
0.0000000000
0.0000000072
-0.0000000000
0.0000000000
0.0000121085
-0.0000000000
0.0002460414
-0.0000000000
0.0000000000
0.0000000000
-0.0000000000
-0.0000000000
-0.1128641292
-0.0000000000
0.0000000000
0.0000000057
0.0000000000
-0.0000000000
0.0000000000
-0.0000000000
-0.0000000000
0.0000000000
0.0000000000
0.0000000000
0.0000000000
0.0000000000
-0.0000000000
-0.0000000000
-0.0000000000
0.0000000000
-0.0000000000
-0.0000000000
0.0000000000
0.0000000000
0.0000000000
-0.0000000000
-0.0000000000
-0.0000000000
0.0000000000
-0.0000000000
0.0000000000
0.0000411819
-0.0000000000
-0.0000628592
0.0557293035
0.0000000000
0.0000000112
0.0435928069
0.0000000000
-0.0400937609
0.0013109664
-0.0000000000
-0.0000000000
-0.0593213923
-0.0000000000
0.0000000000
0.0000000000
0.0000000000
-0.0000000000
0.0000000000
-0.0000000000
-0.0000000000
0.0000000000
0.0000000000
0.0000000000
0.0000000000
0.0002511198
0.0000000000
-0.0000000000
-0.0000000000
0.0000000405
-0.0000000000
-0.0000000000
-0.0000000000
-0.0000000000
0.0000000000
-0.0821726397
0.0000000000
0.0000000000
0.0000000000
0.0000000000
0.0000000000
0.0000000000
-0.0000000000
0.0000000000
0.0000000000
0.0000003017
0.0000000000
0.0000000000
-0.0000000000
0.0000000000
0.0000000000
-0.0000000000
0.0000000000
0.0000000000
-0.0000042552
0.0000000000
0.0000000000
0.0000000030
-0.0000000003
0.0000000000
0.0000000000
-0.0000000000
0.0000000043
0.0000000000
0.0000000000
-0.0000000000
0.0000000000
0.0000000000
0.0000000000
0.0000083653
-0.0000000000
0.0000000000
-0.0000000004
0.0000000000
-0.0138042904
0.0000000000
0.0000000000
0.0000000000
-0.0724896789
-0.0000000000
-0.0000000000
0.0000346506
0.0000000423
0.0000000000
-0.1218979955
-0.0000000000
0.0000000000
-0.0956316069
0.0000000000
0.0000000126
0.0000000000
-0.0560029000
0.0000000002
-0.0023363947
-0.0000000000
0.0000046847
0.0000000000
-0.0000000000
0.0000052209
-0.0000000000
0.0000216277
0.0000000000
0.0000166962
-0.0000000000
0.0000000000
-0.0000000000
-0.0000000000
-0.0000000000
0.0000000000
0.0000000000
0.0000000000
-0.0000000000
0.0000000000
-0.0000000000
-0.0000000000
0.0000000027
0.0000000000
0.0000000000
0.0000000000
0.0000000000
-0.0000000000
0.0000000000
-0.0000000000
-0.0000000000
-0.0000000000
0.0000000000
0.0000000000
0.0000000000
-0.0000000000
-0.0000000000
0.0000000000
0.0000000000
0.0000000000
-0.0000000000
0.0000000000
0.0000000000
0.0000000000
-0.1178687885
0.0000000000
-0.0000000000
-0.0000000000
-0.0828243643
0.0000033680
0.0000000000
0.0000000096
-0.0056223990
0.0000000000
-0.0000000000
-0.0000000000
0.0000000000
0.0029727793
0.0000000000
-0.0000000000
0.0000000000
0.0000000000
0.0000000000
0.0001751547
0.0002967432
-0.0000000000
0.0000005178
0.0000000000
0.0000001307
-0.0000000000
-0.0001067383
-0.0000000082
0.0000000010
-0.0000000000
0.0000000000
-0.0007336625
0.0000000000
0.0000000000
-0.0000000000
-0.0000000000
-0.0000000000
0.0000000000
-0.0000000000
-0.0000000000
0.0000000000
0.0000000000
-0.0000000000
0.0000004965
0.0000008991
-0.0000000000
0.0000000000
-0.0480677113
0.0000000000
0.0000002261
-0.0000000000
-0.0000000000
0.0000000000
0.0000000000
-0.0000000000
0.0000000000
-0.1111811176
-0.0000000000
-0.0000000000
-0.0000000000
0.0000000000
0.0000000002
0.0000000000
-0.0000000000
-0.0003413403
-0.0000000000
0.0000056457
0.0000000000
0.0000000000
0.0000000000
0.0000000000
-0.0000000000
0.0000000000
0.0000000000
-0.0000000000
0.0000000000
0.0000000003
-0.0000000000
-0.0000078528
-0.0000000000
-0.0000000000
0.0000018426
-0.0000000000
0.0000063114
0.0000000000
-0.0000000000
-0.0000000000
-0.0000000000
0.0000763596
0.0000000000
-0.0000090653
-0.0000000000
0.0000000000
-0.0000000002
0.0000000000
0.0000000131
-0.0000000000
0.0000000000
-0.0000149973
0.0000000000
-0.0000000000
0.0000000000
0.0000000000
0.0000000000
0.0000000000
0.0000000198
0.0000019977
-0.0000000000
-0.0000000000
-0.0000000000
-0.0000000000
-0.0000000000
0.0000000000
0.0000000742
0.0000000000
0.0000000000
0.0000000000
-0.0000000000
-0.0000000000
0.0000000000
-0.0000000000
0.0000000000
-0.0000000000
-0.0000000000
-0.0000000000
0.0000000000
0.0000000000
-0.0000000000
-0.0000004334
-0.0000000000
0.0000000000
-0.0000002134
-0.0000000000
0.0000000000
0.0000000000
0.0000000000
-0.0000000000
0.0000000000
-0.0000000000
0.0000014159
-0.0000000000
-0.0000000000
-0.0000000000
-0.0000000000
0.0000009074
0.0000000000
-0.0000000000
-0.0002956808
0.0000197419
-0.0000000000
-0.0000000000
0.0000000000
0.0000000000
0.0000000000
-0.0000000000
0.0000000000
0.0000000094
0.0000000000
0.0000000000
-0.0000000000
-0.0000424394
0.0000000000
0.0000000981
0.0000011300
0.0000000000
-0.0000007738
0.0000000000
-0.0000000000
0.0000000001
0.0000000000
0.0004472388
-0.0000000000
-0.0000074148
-0.0000000000
-0.0000000000
0.0000000000
0.0000000000
-0.0000000038
0.0000000000
-0.0000000000
-0.0000000000
0.0053033531
0.0000000000
-0.0000000000
0.0000000000
0.0000000000
-0.0000000000
0.0000000000
0.0000000000
-0.0000000000
-0.0000000006
-0.0000000000
0.0000000000
0.0006125373
0.0000000073
-0.1062674373
0.0003571135
0.0000000000
0.0000000000
0.0000000000
0.0000000000
-0.0000000396
0.0000000000
-0.0000079620
0.0000000000
0.0000000000
0.0000000134
0.0000000000
-0.0000000000
-0.0000000000
0.0000000000
0.0000000000
0.0007303396
0.0000000194
-0.0000000000
0.0000071566
-0.0000000103
0.0000000000
0.0010586052
-0.0000000000
0.0000000000
-0.0000000000
0.0000000000
-0.0000000000
0.0000000000
-0.0000000000
0.0000000000
-0.0000000000
-0.0000000000
0.0000000000
-0.0000000000
0.0000000000
0.0000002695
-0.0000005904
0.0000000049
0.0000000000
-0.0030434527
-0.0000000000
0.0000000000
-0.0000000000
0.0000000000
0.0000000000
0.0000000001
0.0006324142
0.0000000000
0.0000000000
0.0000000000
-0.0000000000
-0.0000000000
0.0000000000
0.0000000000
0.0000000000
-0.0000000000
-0.0000668829
0.0000000000
-0.0000000000
-0.0000000000
0.0000000000
0.0000000000
-0.0040861969
0.0000000000
-0.0000000000
-0.0802238733
0.0000000000
0.0000000001
0.0000000000
0.0000000000
-0.0000000000
0.0000000000
-0.0000000000
0.0000000000
0.0000000000
-0.0000000000
0.0000000075
0.0000000040
0.0000000000
0.0000010445
0.0000000000
0.0000000000
-0.0000000000
-0.0000000000
-0.0000000000
-0.0000000000
0.0024150319
-0.0000000000
0.0000008563
0.0000000006
-0.0000000000
0.0000000000
-0.0000383399
-0.0000000000
-0.0000000000
-0.0000000000
0.0000000000
0.0014899924
0.0000000000
0.0000000000
0.0000000002
0.0000002832
-0.0002430509
-0.0000000001
-0.0000000000
0.0000890162
0.0000000000
0.0000000000
0.0000000166
0.0000000000
0.0000000000
-0.0000000000
-0.0000000000
0.0000000000
-0.0000000000
-0.0000000000
-0.0000000000
-0.0932755172
-0.0031208773
-0.0000000000
0.0000000000
0.0000000001
0.0000000000
-0.0000469497
-0.0000000000
0.0000000000
0.0000000000
-0.0000000000
0.0000000000
-0.0761694610
-0.0000000000
0.0000000009
0.0000000000
0.0000000000
-0.0000000000
0.0000013344
0.0000000000
-0.0000000000
0.0000163662
0.0000000318
0.0044929171
-0.0000000000
-0.0000000000
-0.0000000000
-0.0000000000
0.0000000001
-0.0000000000
0.0000000000
0.0000000000
0.0000000000
-0.0000000000
0.0000000000
0.0000000000
-0.0000000000
0.0000000000
0.0000000000
0.0000000004
0.0000000001
0.0000000000
0.0000000000
-0.0000000000
0.0000000049
0.0000000000
-0.0000000000
0.0051378468
-0.0000000000
-0.0000000000
-0.0000000000
-0.0000000000
-0.0000000000
0.0000000000
-0.0000000000
-0.0000000000
-0.0000000000
0.0000000000
-0.0000436700
0.0000000001
0.0017206230
0.0000000000
0.0000000000
-0.0000000000
0.0000001242
0.0000000000
0.0000727231
0.0000000000
0.0000000000
-0.0000000000
-0.0000000000
0.0000000000
0.0000000000
0.0000000000
-0.0000000000
0.0003230340
0.0000000000
-0.0000000000
0.0000000323
0.0000000000
0.0000000000
-0.0000000000
0.0000000000
0.0000000000
0.0000203524
0.0000000000
0.0000000000
0.0000000000
0.0000000000
0.0000000000
-0.0000000000
0.0000000000
-0.0000000000
-0.0000000000
-0.0000000000
0.0000000068
-0.0000000000
-0.0000000000
-0.0000000003
0.0000000000
0.0000000000
-0.0000000000
-0.0000000000
0.0000197144
-0.0000000000
0.0015128037
0.0000000017
0.0000000000
0.0000001986
0.0000000120
-0.0000000000
-0.0000000038
0.0000303703
0.0000000000
-0.0000000000
0.0000001558
-0.0000000000
0.0000000000
0.0000000000
0.0000000000
0.0000000000
-0.0000000000
-0.0000000000
-0.0000000000
0.0000004721
0.0000000000
-0.0000000000
0.0000033879
0.0000000000
-0.0000665563
0.0000004556
0.0000000000
0.0000001958
-0.0000000000
0.0000000000
-0.1425054520
-0.0000000000
0.0000000000
0.0000000000
-0.0000012445
0.0000000000
-0.0000040638
-0.0000000047
-0.0000000000
0.0000000000
0.0000000002
0.0001649447
-0.0000000000
-0.0000000000
-0.0437598564
-0.0000000000
0.0000000000
0.0000000006
-0.0000000000
0.0000000000
0.0000000000
0.0000000000
0.0000000000
-0.0000000000
0.0000000000
-0.0000000000
-0.0000000000
0.0000000000
-0.0000935114
0.0000001025
0.0000000000
-0.0000000000
-0.0000000000
0.0000000000
0.0066377642
0.0000000001
-0.0000000000
0.0000000000
0.0000000000
0.0000000000
-0.0000397180
0.0000000000
-0.0000000000
0.0000000000
0.0000000000
0.0000000000
-0.0000000238
-0.0000000000
-0.0298735816
0.0000000017
-0.0000000000
0.0000000000
-0.0000000000
-0.0000000000
0.0000000000
-0.0000000000
-0.0000000000
0.0000000000
-0.0000000000
-0.0000000027
-0.0000000000
-0.0000000000
0.0000786318
0.0000000000
0.0000000000
0.0000323812
0.0000000000
0.0000000000
0.0000001229
0.0000000000
-0.0000000000
-0.0000000000
0.0000000000
0.0000000000
0.0000000000
0.0000002462
-0.0406496003
-0.0000000000
0.0000000000
0.0007491183
-0.0000000000
0.0000000000
0.0000000000
0.0000000000
0.0000000000
-0.0000000000
0.0000000000
0.0000000000
0.0000000000
0.0000000000
0.0000000000
-0.0000000070
-0.0000000000
0.0000000000
0.0000000000
-0.0000000000
-0.0000000000
0.0000000165
0.0000000000
0.0000000002
0.0000000000
-0.0141880149
-0.0000000000
0.0000000000
-0.0000000000
-0.0000520384
-0.0000000000
-0.0000000000
0.0000127202
-0.0000000000
-0.0000000000
0.0000000000
-0.0000000000
0.0000000000
-0.0000000000
0.0000000000
0.0000217465
0.0000000000
0.0000006016
0.0000000000
0.0000000000
0.0000000005
-0.0005728719
0.0000000000
0.0000000000
-0.0000000000
-0.0000000000
0.0004391701
0.0000000000
0.0000000000
-0.0000000000
-0.0000000000
-0.0000000000
-0.0000000000
0.0000000000
0.0000000000
0.0000000000
0.0000000000
-0.0000000000
0.0000000000
0.0000803000
0.0000023293
0.0000000000
-0.0000965559
0.0000015299
0.0000000000
-0.0552521907
0.0000000000
-0.0000000000
0.0000000001
0.0000000000
0.0000000000
0.0000000000
0.0000219390
0.0000000000
0.0000000000
0.0000000000
