-0.0000000000
-0.0000000000
0.0000000000
0.0000000000
-0.0000000000
0.0028405322
-0.0000000000
0.0000000000
-0.0000000000
0.0000000000
0.0000000000
0.0000000000
0.0000000000
0.0000000000
-0.0000000000
-0.0000000000
-0.0000000000
0.0000000000
-0.0000000000
-0.0000000000
-0.0000000000
0.0000000000
-0.0000000000
0.0000000000
-0.0000000000
-0.0000000000
0.0000000000
0.0000000000
0.0000000000
-0.0000000000
0.0000000000
0.0000380628
0.0000000000
0.0000000000
-0.0060582780
-0.0000000000
-0.0000000003
-0.0000607648
0.0000000000
-0.0000000000
-0.0000004081
0.0000000000
0.0156342462
0.0000000000
-0.0000015148
-0.0000000000
-0.0016600756
-0.0000000000
-0.0000000000
0.0000000000
-0.0000000000
-0.0000000000
0.0000000000
-0.0000030645
-0.0000000000
0.0000000256
0.0005096974
0.0010316982
0.0000000000
-0.0000000000
-0.0000000000
-0.0000000000
-0.0000000000
-0.0000000000
0.0000000114
0.0000003734
0.0000000000
0.0000000000
0.0000000000
0.0083452677
0.0000000000
-0.0000000000
-0.0000000000
-0.0000000000
-0.0000000000
-0.0000000000
-0.0000000000
0.0000000118
-0.0000000000
0.0000000000
0.0000000000
-0.0000000000
-0.0000000000
0.0000000000
-0.0000000000
-0.0000000000
-0.0000000000
0.0000000000
-0.0000000000
-0.0000000000
-0.0000000000
-0.0000000000
-0.0000000002
-0.0000000000
-0.0000000000
-0.0000000000
0.0000000682
0.0006516322
0.0000000000
0.0193819944
0.0000000000
0.0000000000
0.0000052784
0.0000000000
-0.0000005205
0.0000000108
-0.0000000000
-0.0000000000
-0.0000000000
-0.0017747907
-0.0000000000
-0.0002926646
-0.0000000000
0.0000000000
0.0000000000
-0.0000000000
0.0000000000
-0.0000000000
-0.0000000000
0.0000000000
0.0000000000
-0.0000000000
0.0000000000
0.0000022639
0.0000000000
0.0000000000
0.0000000000
0.0271070767
-0.0000000000
0.0000002414
0.0000102942
-0.0000000000
-0.0000000000
0.0000000000
0.0000000000
-0.0000000000
-0.0000000000
-0.0000000000
0.0000000000
0.0000000000
0.0000270747
-0.0000000000
-0.0000000000
0.0000000000
-0.0000003751
0.0000000000
0.0000000000
-0.0000000000
-0.0000000000
-0.0000000000
0.0348185338
0.0000000000
0.0000000000
-0.0000000000
0.0000000000
-0.0000000000
0.0000011649
-0.0000000000
-0.0000016186
0.0000000000
0.0000000000
0.0000000000
-0.0000000076
0.0000000000
-0.0000000000
0.0000000214
-0.0000000000
-0.0000000000
-0.0000000000
0.0000000000
-0.0000000000
0.0000000000
0.0000000000
0.0000000000
-0.0000000000
-0.0000000000
0.0000000000
-0.0000000000
-0.0000000000
0.0000000000
-0.0000000000
-0.0000000000
0.0000000000
-0.0000000000
0.0000000000
0.0000000000
0.0000000000
0.0000000000
-0.0000000000
-0.0000000000
0.0000000000
0.0000000000
-0.0000000000
0.0096688038
0.0000000000
0.0000000000
0.0034397135
0.0000000000
-0.0000000000
0.0000000000
0.0000000000
0.0000000000
0.0000000000
0.0000000000
0.0000000000
-0.0000000000
-0.0000000000
0.0000000000
-0.0000000000
-0.0000000000
0.0000000000
0.0000000000
-0.0000000000
-0.0000000000
-0.0000012546
0.0000000000
-0.0000000000
-0.0000000000
-0.0000000000
0.0035405112
0.0000000000
0.0000000000
0.0000000000
-0.0000000000
-0.0000000000
-0.0000000000
0.0000000000
-0.0000015356
-0.0006239985
0.0000000000
0.0000000000
-0.0000000000
-0.0000013586
-0.0000000000
0.0000000000
0.0000000000
-0.0000000000
-0.0000000000
0.0000000000
0.0000000000
-0.0000000000
-0.0000000000
0.0000000004
0.0000000000
0.0000000000
0.0000000000
-0.0001193197
-0.0000000000
-0.0000000000
-0.0000000000
0.0000000000
-0.0000000000
-0.0000000000
-0.0000000000
0.0000000000
-0.0000000000
-0.0000000000
0.0000000258
0.0000000009
-0.0000000000
-0.0000000000
0.0000000000
-0.0000000000
0.0013345202
0.0000000000
0.0000000000
-0.0000000000
0.0000000000
0.0000000000
0.0000000000
0.0000000000
0.0000000007
-0.0000000000
-0.0000000000
0.0000000000
0.0000001361
-0.0000000000
0.0000000000
0.0000000000
0.0000000000
0.0000000000
0.0000000000
-0.0000000000
-0.0000000000
-0.0000000000
0.0000000000
0.0000000000
-0.0000000000
-0.0000000000
0.0000000000
-0.0000000000
0.0000000000
-0.0000000000
-0.0000000000
-0.0000000000
0.0000000000
0.0000000001
-0.0000000000
0.0000000000
0.0000000000
0.0000000005
0.0000000000
0.0000000000
0.0000000000
0.0000000000
0.0000000000
-0.0000000000
0.0004602263
0.0000000000
-0.0000000000
-0.0000000000
0.0000000000
-0.0000000000
-0.0000000000
0.0000000000
0.0000000000
0.0000000000
0.0000000000
0.0000000000
0.0000000000
-0.0000000000
-0.0000000000
-0.0000036444
0.0000001012
-0.0000000000
-0.0000000000
-0.0000000000
0.0000000000
0.0000000000
-0.0000000000
-0.0000000000
-0.0000000000
-0.0000000000
-0.0000000000
0.0000000000
-0.0000000000
-0.0000000000
-0.0000000000
0.0000000000
0.0000000199
0.0000000000
-0.0000000000
-0.0000000000
-0.0000000000
0.0000000000
-0.0000000000
0.0000038829
0.0000000000
0.0001374662
0.0000000000
0.0004421843
0.0000000000
-0.0000000000
-0.0000000000
0.0595764630
0.0000000000
0.0000000000
-0.0000000000
0.0000000000
0.0000000000
0.0000000000
-0.0000000000
0.0015490246
-0.0000000000
0.0000000032
-0.0000032255
0.0000000000
-0.0000000000
0.0000000000
-0.0000000000
0.0023115647
-0.0000000000
0.0000404570
-0.0000000000
-0.0000000000
-0.0000000000
-0.0000000000
0.0000000000
0.0000000000
0.0000000000
-0.0000000000
-0.0000000000
0.0000000000
-0.0000000000
0.0000000000
-0.0000000000
0.0000000000
-0.0000000000
0.0000000073
-0.0000000000
0.0000000158
0.0000000000
0.0000000000
-0.0000000000
-0.0000000000
0.0000000000
0.0000000000
0.0000000000
0.0000000000
0.0000262200
0.0000000000
0.0000493277
-0.0000000000
0.0000000000
-0.0000000000
0.0000000000
-0.0000000000
-0.0000000000
0.0000000000
0.0000000001
-0.0000000000
0.0088296300
0.0000000000
0.0000000000
0.0000000000
-0.0000000000
0.0000003756
-0.0000000000
0.0000000334
0.0000000000
0.0000000000
-0.0000000000
-0.0000000000
0.0019551716
-0.0000000000
-0.0000000581
0.0000071367
0.0000000026
-0.0000000000
0.0007188543
0.0015732994
0.0000000000
-0.0000000000
0.0000000000
0.0177777633
0.0000000000
0.0000000000
-0.0000000000
-0.0000000000
-0.0000000000
-0.0000000000
-0.0000000000
-0.0000002030
0.0000000000
0.0000000000
-0.0000000000
0.0000001414
-0.0000000000
0.0000049996
0.0000000000
0.0000000000
-0.0000000000
-0.0000000066
0.0000002539
-0.0000000000
-0.0000000000
-0.0000000000
0.0000000000
-0.0000000000
0.0000000000
-0.0000005130
-0.0000000000
0.0000000000
0.0000000000
0.0000000000
0.0000000000
0.0000089785
0.0000000000
-0.0000000000
-0.0000000000
0.0000007319
-0.0000000000
-0.0000000000
0.0000000000
-0.0000000000
-0.0000000000
0.0000000000
0.0258972719
0.0000000000
-0.0001247546
0.0000000000
0.0000000008
-0.0000030041
-0.0000000000
0.0000000000
0.0000060998
-0.0000000000
0.0000858237
0.0000000000
0.0000000000
0.0000000000
-0.0000000000
0.0006150768
0.0000000000
-0.0000000000
0.0044313972
0.0000000000
0.0000078505
0.0000000000
0.0000000000
0.0000000000
-0.0000005916
0.0099863494
-0.0000000000
0.0000000000
0.0000000000
-0.0000127221
-0.0000000000
0.0000004447
-0.0000000000
-0.0000000000
0.0000000081
0.0000000000
-0.0000000000
0.0000000000
-0.0003871110
0.0043084435
0.0002421234
-0.0000000000
0.0000015215
0.0000000000
-0.0000000000
-0.0000000000
0.0000000976
-0.0000000000
0.0000008117
-0.0000000000
0.0000000000
0.0000000001
0.0000000000
0.0000000096
0.0000000000
-0.0000000000
-0.0000152500
-0.0000000000
-0.0068474147
-0.0000000232
0.0002423467
-0.0000001612
0.0000000000
0.0000000000
-0.0000000000
0.0000000000
-0.0000000000
0.0000000051
-0.0000000000
0.0341565125
0.0000000000
0.0002489166
-0.0000000000
-0.0012520917
0.0000000000
-0.0000000000
0.0000000000
0.0000000000
0.0000000000
0.0000000000
-0.0000000000
0.0022639625
-0.0000000000
0.0000000000
-0.0001408127
-0.0000000000
0.0119765662
-0.0000000000
0.0000000000
-0.0000000069
0.0000000000
0.0000006786
-0.0000000000
0.0000000000
-0.0000000000
0.0000000000
0.0000000000
-0.0000000000
-0.0000000000
-0.0000000106
0.0000000000
-0.0000000000
-0.0000000000
-0.0000000000
-0.0000000000
-0.0000000000
-0.0000000000
0.0000403647
-0.0000000000
-0.0000000000
-0.0000000000
0.0000000000
0.0000000000
-0.0000000000
-0.0000000000
-0.0000000000
-0.0000000000
-0.0000000000
0.0095253792
-0.0000000000
0.0000000000
-0.0000000000
0.0000000000
0.0000000000
-0.0000000000
0.0000040604
-0.0007998432
-0.0000000000
-0.0000000000
0.0000000000
-0.0000000000
-0.0000000000
0.0000000000
0.0000000000
-0.0000000000
-0.0000000000
0.0000000000
-0.0000000000
-0.0000000000
-0.0000000000
0.0000000000
0.0000000000
0.0000000000
0.0541694872
0.0000000000
0.0000000000
0.0000000000
0.0000000000
0.0000000000
0.0000000000
0.0000000000
0.0000044096
-0.0000000000
-0.0000000000
0.0000000000
0.0000000000
0.0000000000
-0.0000000000
0.0000000000
0.0000000000
-0.0000000000
-0.0000000000
-0.0000000000
-0.0000000000
0.0000000000
0.0000000000
0.0000000000
0.0000000000
0.0000000000
-0.0000000000
0.0000000000
-0.0000000000
0.0000000000
0.0000000000
0.0000000000
-0.0001877460
0.0000000000
0.0000000000
0.0000000000
0.0512297787
0.0014643982
0.0008789158
-0.0000000000
0.0000006977
-0.0000000138
0.0000000054
0.0000000000
0.0000210245
0.0235883389
0.0032688214
-0.0000000000
0.0000000000
0.0008589147
-0.0000000000
0.0009871386
-0.0000000000
0.0000000000
0.0108088031
0.0000026957
0.0075166891
-0.0000000000
0.0000000000
-0.0000000000
-0.0000000000
-0.0000000000
0.0007158653
0.0000000000
0.0000000000
0.0000000000
0.0000000000
-0.0000000000
0.0000051466
0.0000000000
-0.0000000000
0.0000000000
-0.0000000000
-0.0000014630
0.0000000000
0.0000000000
0.0000000000
0.0000000000
-0.0000000000
-0.0000038167
0.0007287594
-0.0000000000
-0.0000006739
-0.0000000000
0.0000000000
-0.0000449873
0.0000000000
-0.0000000000
-0.0000000000
-0.0000000000
-0.0000000000
-0.0000000000
-0.0000000000
0.0000000000
0.0000000000
-0.0025702496
-0.0000000000
-0.0000000000
-0.0000000000
0.0000000000
0.0000000000
-0.0000000000
0.0000000000
0.0000000000
-0.0000000000
0.0000125525
-0.0000000000
-0.0000000000
-0.0000000000
0.0001206270
-0.0000000021
0.0466058254
0.0000000000
0.0000000000
-0.0000000000
-0.0000000000
0.0757240504
-0.0000000000
0.0000000000
-0.0000000000
-0.0000000000
0.0000005057
-0.0000000000
0.0000000000
-0.0000000000
0.0000446519
-0.0000000000
0.0000000000
0.0000000000
0.0000000000
0.0000000000
-0.0000000000
-0.0000000000
-0.0000000000
0.0000010412
0.0000000000
-0.0000000000
0.0000000000
-0.0000000000
-0.0000000000
-0.0000000000
-0.0000000000
0.0000000726
-0.0000000000
-0.0000000000
0.0000000000
0.0000000000
0.0000000000
-0.0000000000
0.0000000000
0.0000000000
-0.0000000000
-0.0000000000
0.0005065134
0.0060003172
-0.0000000000
0.0000000000
-0.0000000000
-0.0000000000
-0.0000000000
-0.0000000000
0.0000000000
-0.0000000000
0.0001160647
-0.0000125333
-0.0000000000
-0.0000000000
-0.0000000000
-0.0000000000
0.0000000119
0.0000000000
-0.0000000000
0.0005102297
0.0000016636
0.0001628108
0.0000000000
-0.0000000000
-0.0000000000
0.0000000000
0.0000000000
0.0000000000
0.0000000000
-0.0000000000
-0.0000000000
0.0000000000
-0.0000000000
-0.0000000000
0.0000000000
-0.0000000000
0.0000000000
0.0000000001
0.0027089058
-0.0000000000
0.0000000000
-0.0000000000
0.0000000000
0.0000000000
0.0000000000
0.0000000000
0.0000010324
-0.0000000000
-0.0001132240
-0.0000000000
-0.0000000000
0.0006789158
0.0000004566
0.0000000000
-0.0002481111
-0.0000000000
0.0000000000
-0.0000000000
0.0000000000
0.0000000000
0.0000000000
-0.0000000000
-0.0000000000
0.0000935573
-0.0000000000
-0.0000000000
0.0000000000
-0.0000000490
-0.0000000000
0.0000001438
0.0000000000
0.0000130966
0.0000000017
0.0000007514
0.0000000000
-0.0000000000
0.0000000000
0.0063195419
-0.0000000000
0.0000000000
0.0357957669
0.0017615615
-0.0000086355
-0.0000000000
0.0000000365
0.0000000173
0.0000000000
-0.0000000000
0.0000000000
0.0000000000
0.0768634230
-0.0000000000
0.0000000000
-0.0000000000
0.0000000000
-0.0000000000
0.0000000000
-0.0000000000
-0.0000000000
-0.0000000000
-0.0000000000
0.0000000000
-0.0000000000
-0.0000000000
0.0000000000
0.0000000000
-0.0000000000
0.0414580666
0.0000000000
-0.0000000004
-0.0000000000
-0.0000000000
0.0000000000
0.0000000000
-0.0000000000
0.0000001564
0.0000000000
-0.0000000000
0.0000000000
0.0000000000
-0.0000000000
-0.0000000000
0.0000000000
-0.0000000000
-0.0000000000
0.0433815233
0.0000000000
-0.0000000000
-0.0000000000
-0.0000000000
0.0000000000
-0.0007283326
-0.0000000000
-0.0000000000
-0.0000000000
0.0001488382
0.0000000000
0.0000000000
0.0000024319
0.0000000000
0.0000000000
0.0000000000
0.0000000000
0.0000000000
0.0000000000
0.0517416485
0.0000000000
-0.0000000000
0.0000249873
-0.0000000000
0.0000000000
-0.0000000000
-0.0000000000
0.0000000000
0.0218990277
0.0000000000
-0.0000000000
0.0000000000
-0.0000000000
0.0000000000
-0.0000000000
0.0000000000
-0.0000000000
0.0000000000
-0.0000000000
-0.0000000000
0.0000015655
-0.0000000000
0.0000369770
0.0000000000
0.0000000000
0.0000000000
0.0000000000
-0.0000000000
-0.0000000000
-0.0000000000
0.0000000000
-0.0000000000
-0.0000000000
-0.0000000000
-0.0000000000
-0.0000000000
-0.0021577710
-0.0000000000
-0.0000000000
0.0000852191
0.0000000000
-0.0000000000
0.0000000000
0.0000000000
0.0000000060
0.0000000000
-0.0000218429
-0.0000000000
-0.0000000000
0.0000000000
-0.0000000000
0.0000000000
0.0000000000
0.0000000000
0.0000000018
0.0000000000
-0.0000000000
0.0000000000
-0.0000000000
0.0000000000
0.0000000000
-0.0000000000
0.0000000000
0.0070038890
-0.0000000000
0.0114610055
0.0002332230
-0.0000000000
-0.0000000000
0.0000000000
0.0000089517
-0.0000000000
0.0000000000
-0.0000000000
0.0000000000
-0.0000000000
-0.0000000000
-0.0000000000
-0.0000000000
-0.0000000000
0.0685838163
-0.0000000000
0.0000000000
-0.0000000000
0.0000000000
0.0000000000
0.0000027271
0.0000000000
-0.0000000001
0.0000000000
0.0000000000
0.0000007306
0.0000000000
0.0000000000
-0.0000000000
-0.0000000000
-0.0000000000
-0.0000000048
0.0000000000
0.0000000000
0.0000000000
-0.0000000467
-0.0010220525
0.0000000000
0.0000000000
-0.0000000000
0.0000000000
-0.0000000000
0.0000000000
0.0000000000
-0.0000000000
0.0000000000
0.0000000000
0.0095572639
-0.0000000000
-0.0000000000
0.0000000000
0.0000000000
-0.0000000001
0.0000000000
0.0000000000
-0.0000000000
-0.0000000000
0.0000017627
0.0000000000
-0.0000000000
-0.0000000000
0.0000004551
0.0000000000
0.0000000000
0.0000000000
0.0777669773
0.0005295344
-0.0000000000
0.0008518724
-0.0000000000
-0.0000000000
0.0000000869
-0.0000000000
-0.0000000000
0.0000000000
0.0000000000
0.0000000000
0.0000000000
-0.0000000000
0.0000000000
-0.0000000000
0.0000343137
-0.0000000000
0.0000000000
0.0000000000
0.0000000000
-0.0000000000
-0.0000000000
-0.0000000000
0.0000000000
-0.0000000000
0.0000002461
-0.0000000000
0.0000000000
0.0000000000
-0.0000000000
0.0000000000
-0.0000000000
0.0056681051
-0.0000000000
0.0000000000
0.0000000000
0.0009527977
0.0000000000
-0.0000000399
-0.0000000000
-0.0000000000
-0.0000000000
0.0000000000
0.0002041249
0.0000000000
-0.0000000000
-0.0000000000
0.0000000000
0.0000000000
-0.0000000000
-0.0000000000
-0.0000000000
0.0009570986
-0.0000000000
0.0000000000
0.0000000000
-0.0000000000
0.0000000000
0.0000000000
-0.0000000000
0.0000000000
0.0000000000
0.0000435921
-0.0000000000
-0.0000000000
0.0000000000
0.0230580065
-0.0000000000
0.0000000000
0.0000000000
0.0000000000
-0.0000000000
0.0000000000
-0.0000000000
0.0000000000
0.0000000000
0.0000000000
0.0000000000
-0.0000000000
0.0000000000
0.0000000000
0.0000000000
-0.0000000000
-0.0000000000
0.0000000000
0.0000139471
-0.0000000000
-0.0000000000
0.0000000000
0.0000000000
-0.0000000000
0.0000000000
0.0031105631
0.0000000000
-0.0000000000
0.0000000000
0.0000000000
0.0000000000
-0.0000000003
-0.0000000000
-0.0000985753
0.0000000000
0.0000000000
0.0000000000
-0.0000000000
0.0000000000
-0.0000000000
0.0000000000
0.0000000000
0.0000000000
-0.0007035146
0.0017253543
0.0000000000
-0.0000000000
-0.0000015984
0.0000022508
-0.0000000000
0.0000000000
0.0000000000
-0.0000000000
0.0000000000
0.0000000000
0.0023519630
0.0000000000
-0.0000000000
0.0004026795
0.0000067350
-0.0000000000
-0.0000000000
-0.0000000000
-0.0000000000
0.0000000000
-0.0000000000
0.0000000000
-0.0000000000
0.0000000000
0.0000000000
-0.0000000000
0.0000000000
0.0000000000
-0.0000000000
0.0000000000
-0.0000000000
0.0000000000
0.0000000000
-0.0000000000
0.0000000000
0.0000000000
0.0000000000
0.0000000000
-0.0000000000
0.0000000000
0.0000000000
-0.0000000000
0.0000000000
-0.0000000000
0.0097874105
-0.0000000000
0.0000051788
-0.0000000000
0.0000000057
0.0000000000
0.0000000000
-0.0000000000
0.0000000000
-0.0000000000
-0.0000000000
0.0000000000
0.0000000000
0.0000000000
-0.0000000000
0.0000000000
-0.0000000005
0.0000000000
0.0000000000
-0.0000000000
-0.0000641828
0.0000000000
0.0000000000
-0.0000000000
0.0000000000
0.0000000000
-0.0000000000
0.0000000000
-0.0000000000
0.0000000000
0.0000000000
0.0000000000
-0.0000000000
0.0000000000
-0.0000000000
-0.0000000000
0.0000000000
-0.0000000000
0.0000000000
0.0000000000
-0.0000000000
-0.0000000000
0.0000000000
-0.0000000000
-0.0000000000
0.0000000000
0.0000000000
0.0000000000
-0.0000000000
-0.0000000000
0.0000000000
-0.0000000000
0.0000000000
-0.0000000000
-0.0000000000
0.0000000000
-0.0000000000
-0.0000000000
0.0000000000
-0.0000000000
-0.0000000002
-0.0000000000
-0.0000000000
0.0000000000
-0.0000000000
-0.0000000000
-0.0000000000
0.0000000000
-0.0000000000
-0.0000000000
0.0000000000
0.0000000000
-0.0000000000
0.0000000000
-0.0000000000
0.0000000000
0.0000000000
-0.0000000000
-0.0000000000
-0.0000000000
-0.0000000000
0.0000000000
0.0000000000
0.0000000038
0.0000000000
-0.0000000000
0.0000000000
-0.0000000000
0.0000000000
0.0000000000
0.0000000000
0.0000000000
0.0000000000
0.0000000000
-0.0000000000
0.0000000000
0.0007007060
-0.0000000000
0.0000000000
-0.0000000000
0.0000000000
0.0003172475
-0.0000000000
-0.0000000000
0.0000000000
0.0000000000
-0.0000000000
0.0000000000
0.0000000000
0.0000000000
0.0000000000
-0.0000000000
-0.0000000000
0.0000000000
-0.0000000000
-0.0000000000
0.0000000000
-0.0000000000
-0.0000000000
0.0000000000
0.0000004239
0.0000000000
0.0000000000
-0.0000000000
-0.0000000000
-0.0000000000
0.0000144254
0.0000000000
0.0000000000
0.0000000000
0.0005606994
-0.0000000000
0.0000000000
0.0000000000
0.0000000000
0.0000551015
-0.0000000000
-0.0000052141
-0.0000000000
0.0000000000
0.0000000000
-0.0000000000
0.0000000000
0.0000000000
0.0000000000
-0.0000000000
0.0000000000
0.0000000000
-0.0000000000
0.0005582975
-0.0000000021
-0.0000000000
-0.0000000000
-0.0000000000
0.0000488999
0.0000000000
0.0000000000
0.0000001662
-0.0000000000
-0.0000000005
-0.0000000000
0.0000000000
-0.0000000000
0.0000000000
0.0000000000
0.0000000000
-0.0000000000
0.0000000000
-0.0000000000
-0.0000000000
0.0000000000
-0.0000000000
0.0541108735
0.0000000000
0.0000000000
0.0000000000
0.0000000000
0.0000000000
-0.0000000000
0.0000057322
0.0000000000
0.0000000000
0.0000000000
-0.0000000000
0.0000000000
-0.0000000000
0.0598042123
0.0000000000
-0.0000000000
0.0000000000
0.0000000000
0.0000000000
0.0000000000
0.0000000000
0.0000000000
0.0000000000
-0.0000000000
0.0000000000
0.0000000000
0.0108961519
-0.0000000100
-0.0000000000
0.0011318775
-0.0000000000
0.0000000000
-0.0000000000
0.0000000000
-0.0000000000
0.0000000000
0.0000000000
-0.0000000000
-0.0000047817
-0.0000000000
-0.0000000000
0.0000000000
-0.0000000000
-0.0000000000
0.0000000000
-0.0000000000
-0.0000000000
-0.0000000000
-0.0000000000
0.0000000000
-0.0000000000
0.0000000000
-0.0000000000
-0.0000000000
0.0000000000
0.0000000941
-0.0000000000
-0.0000000000
0.0000000341
0.0000000000
0.0000000000
0.0000000000
0.0052121198
0.0000000000
0.0000000000
-0.0000000000
0.0000000000
0.0000000000
0.0000000000
-0.0000000000
0.0002649103
0.0047433996
0.0000057206
0.0000000000
0.0000000000
0.0000000000
-0.0000000000
-0.0000000009
-0.0000107170
-0.0000000000
-0.0000000000
0.0000000000
0.0006051089
-0.0000000000
-0.0000000000
0.0000000000
-0.0000000000
-0.0055120504
0.0000000000
0.0000000000
0.0000000000
-0.0000000000
0.0000000000
0.0000000000
-0.0000000000
0.0000000000
-0.0000014452
0.0000000000
0.0000000000
-0.0000000000
0.0000000000
-0.0001543255
-0.0000000000
-0.0000000000
0.0000000000
-0.0000000000
-0.0000000000
0.0000000000
0.0000000000
0.0000000000
0.0000000001
0.0000000000
-0.0000000000
-0.0000000000
-0.0000000000
0.0000000000
-0.0000000000
0.0001034060
-0.0000000000
0.0000000000
-0.0000000000
-0.0000000000
-0.0000000000
-0.0000000000
0.0000000000
0.0000000000
-0.0000000000
-0.0000000000
0.0803188831
0.0000000000
0.0014120447
-0.0000000019
0.0000000000
-0.0000000000
0.0000000000
0.0000000000
0.0000000000
-0.0000000000
0.0000000000
0.0000000000
-0.0000000000
-0.0000000000
-0.0000000000
0.0000000003
0.0000000000
-0.0000000000
0.0171016548
0.0000000000
0.0000000580
-0.0000000000
0.0000000000
-0.0000000000
0.0062265964
-0.0000000000
0.0000000000
0.0000000000
0.0000002246
-0.0000000000
0.0000000000
-0.0000000000
-0.0000000001
0.0000000000
0.0000000000
-0.0000000000
-0.0000000000
0.0000000000
0.0000000000
0.0000780860
-0.0000000000
0.0000000000
-0.0000000000
0.0000000000
0.0000000000
0.0000000000
0.0000000000
0.0000000000
0.0000100446
0.0000000000
0.0000000000
0.0000813217
0.0000000000
-0.0000000000
-0.0000000000
-0.0000000000
0.0000000000
0.0000000000
0.0000000000
-0.0000000064
0.0000000000
0.0000000000
0.0000000000
0.0000000000
-0.0000000000
0.0020286306
-0.0000000000
0.0000000000
0.0000000000
0.0000000000
0.0108166020
-0.0000000000
-0.0000000000
-0.0000000000
-0.0000000000
-0.0000000000
-0.0000000000
0.0000000000
0.0000000000
-0.0000000000
0.0000660104
-0.0000000000
0.0000000000
0.0000000000
0.0000000000
-0.0000000000
0.0000006271
-0.0000000000
0.0053325230
0.0000960405
-0.0000000000
0.0006098773
0.0000000005
0.0000000000
-0.0000000000
0.0000000000
-0.0000000000
0.0243018847
-0.0000000000
-0.0000000000
0.0000000000
0.0015525979
-0.0000000000
0.0000000000
-0.0000000000
0.0000010526
-0.0000000000
0.0000000000
-0.0000000000
0.0000000000
0.0000000000
0.0000000000
-0.0000000000
-0.0000000000
0.0000000025
0.0000000000
0.0000000000
0.0000000000
-0.0000000000
-0.0000000000
-0.0000000000
0.0000000000
0.0000000000
0.0000000000
0.0000000000
-0.0000000000
0.0000000000
0.0000000000
0.0000000000
0.0000000000
0.0000000000
-0.0000000000
0.0000000000
-0.0000000000
0.1327426434
-0.0000000000
0.0000000000
0.0000000000
-0.0000000000
0.0000000000
0.0017641602
0.0000000000
0.0000000000
0.0000000000
0.0023612764
0.0000000000
0.0000000000
0.0000000000
0.0000000000
0.0000000000
-0.0000000000
0.0000000000
0.0000000000
0.0002766582
-0.0000000000
0.0000000000
-0.0000000000
0.0000000000
0.0000000000
-0.0000000000
-0.0000000000
-0.0000000000
0.0000008402
0.0000000000
-0.0000000000
-0.0000000000
0.0000000000
-0.0000000000
0.0000000000
0.0000000000
0.0000000000
0.1197447777
-0.0000000000
0.0000000000
0.0000000000
0.0000000000
-0.0000000000
-0.0000000000
-0.0000000000
0.0000000013
-0.0011833572
-0.0000000000
-0.0000000000
0.0000000000
-0.0000000038
-0.0000000000
-0.0000000000
-0.0000000000
-0.0000000000
-0.0000000000
0.0000000000
0.0000000000
-0.0000000000
-0.0000000000
-0.0000000000
0.0000000000
-0.0000000000
-0.0000000000
0.0000000595
-0.0000000000
-0.0000000000
0.0000000000
0.0000000000
0.0000000000
0.0682379901
0.0000000000
0.0000000000
0.0000000000
-0.0000000000
0.0000003791
-0.0000000000
0.0000000000
0.0002639862
0.0000000000
0.0000000000
0.0004541943
0.0000000000
-0.0000000000
0.0000000000
-0.0000000000
0.0000000000
0.0000000000
0.0000000000
-0.0010064244
-0.0000000176
0.0000586705
0.0000000000
-0.0000012577
0.0000000000
0.0650431812
-0.0000000000
0.0000000000
-0.0000000000
-0.0000000000
-0.0000000000
0.0003781603
0.0000000000
-0.0000000000
0.0000000377
-0.0000000000
-0.0000000000
0.0000002619
0.0000000000
-0.0000000000
-0.0000000000
-0.0000000000
0.0000000000
0.0000000000
-0.0000000000
-0.0000000000
-0.0000000000
-0.0000000000
-0.0000000000
-0.0000000000
-0.0000000000
-0.0000000000
0.0000000000
0.0000000000
-0.0000000000
0.0000000000
0.0000000000
0.0028129923
0.0000000000
0.0000000000
0.0000000000
-0.0000000000
0.0000000000
-0.0000000000
-0.0000000000
0.0000044179
0.0000000000
0.0000000000
0.0000000000
-0.0000000000
0.0000000000
-0.0000000038
-0.0000000000
0.0000003872
0.0000000000
0.0000000000
-0.0000000000
0.0000000000
-0.0000000000
0.0000000037
-0.0000000000
0.0000000000
0.0000000000
-0.0000000000
0.0000000408
0.0000000000
0.0000000000
0.0000000000
-0.0000000002
0.0000000000
-0.0000000000
0.0000000000
0.0000000000
0.0001273580
-0.0000000000
0.0000000000
0.0000027081
0.0000000000
0.0000000003
-0.0000000000
-0.0000000000
0.0000000000
0.0000000000
0.0000000000
0.0000000000
0.0000000000
-0.0000000000
-0.0000000000
0.0000000000
-0.0000000000
-0.0000000000
0.0000000000
0.0000000000
-0.0000000000
0.0000000000
-0.0000000000
0.0000000000
0.0000000000
-0.0000000000
-0.0000000000
-0.0000000000
0.0000000000
0.0187521838
-0.0000000000
-0.0000000000
-0.0000000000
-0.0000000000
0.0435485356
0.0000000000
0.0000000000
0.0000000000
-0.0000000000
0.0000000000
-0.0000000000
0.0000000000
-0.0000000000
0.0377746485
0.0000000000
0.0000016948
0.0000000000
-0.0000000000
-0.0000000000
-0.0000000000
0.0000000000
-0.0000000000
0.0000000164
-0.0000000000
-0.0000000000
-0.0000000000
-0.0021426850
-0.0000000000
0.0000000000
0.0000000000
0.0000000000
-0.0000000001
0.0021581890
0.0000000000
-0.0000000000
-0.0000000000
0.1127373725
0.0000000000
-0.0000000000
0.0000000000
-0.0000000000
0.1102557182
0.0000000001
-0.0000000000
-0.0000000000
0.0000000000
-0.0000000000
0.0000000000
0.0000000000
0.0000000000
-0.0000000000
0.0000000000
0.0000000000
-0.0000000000
-0.0000000000
-0.0000000000
-0.0000000000
0.0000000000
0.0000000000
0.0000000000
-0.0000000000
0.0000000000
0.0000000000
0.0000000000
-0.0000000000
-0.0000000000
0.0000099576
-0.0000000000
0.0000000000
0.0000000000
0.0000000000
0.0166831482
-0.0000000000
-0.0000000000
0.0000000000
0.0000000000
0.0000000000
-0.0000000000
0.0000000000
0.0000000000
0.0000000000
0.0000000010
0.0000000000
0.0000000000
0.0000000000
0.0000000000
-0.0002165062
0.0000000000
-0.0000000000
0.0000000000
-0.0000000000
0.0000000000
-0.0000000000
-0.0000000000
-0.0000000000
-0.0000000000
0.0000000000
0.0000000000
0.0000000459
0.0000000000
0.0000000031
0.0000000000
0.0000000001
0.0000000001
0.0000000000
0.0000000000
0.0000000019
0.0140374778
0.0000000000
0.0000000000
-0.0000000000
-0.0000000000
0.0000000000
0.0000000000
-0.0000000000
-0.0000000000
-0.0000000000
-0.0000000000
-0.0000000000
-0.0000000000
0.0000000000
-0.0000000000
0.0000000000
0.0000000000
0.0000000000
0.0000000000
-0.0000000000
0.0000000000
0.0000000000
0.0007539672
0.0000000000
0.0000000000
-0.0000000000
-0.0000000000
-0.0000000000
0.0000000025
0.0000000787
0.0000000000
-0.0000000000
-0.0000000000
0.0000000000
0.0000001077
0.0000000008
-0.0000000000
0.0000000000
0.0000000000
-0.0000000000
0.0000000000
0.0000000000
-0.0000000000
-0.0000000000
-0.0000000000
0.0000000000
-0.0000000000
0.0000000000
0.0000004306
0.0000000000
-0.0000000000
-0.0000000000
-0.0000000000
-0.0000000000
0.0000000000
-0.0000000000
0.0001805583
0.0210476182
0.0112392381
0.0000000022
-0.0000000000
0.0000000000
0.0000000000
-0.0000000000
-0.0000000000
-0.0000000000
-0.0000000000
-0.0000000000
-0.0000000000
-0.0000000000
0.0000000000
0.0000000000
-0.0000000000
0.0000000000
0.0000000000
0.0000000000
-0.0000000000
-0.0000000000
-0.0000000000
0.0000000000
-0.0000000000
-0.0000000000
-0.0000000000
0.0000000000
0.0000000000
0.0000000000
-0.0000000000
0.0000000000
0.0000000000
0.0000000000
-0.0000000000
-0.0000000000
-0.0000000000
0.0000000000
-0.0000000793
0.0000000000
0.0000000000
-0.0000000000
0.0085169245
-0.0000000000
-0.0000000000
0.0000000000
-0.0000000000
-0.0000000000
0.0000255107
0.0000000000
0.0000000000
-0.0000000001
0.0000187399
-0.0000000000
0.0000000000
-0.0000000000
0.0000000000
0.0000000000
0.0000000028
0.0000000000
-0.0000000000
-0.0000000000
0.0000000000
-0.0000000000
-0.0000000000
0.0000000000
0.0000000000
-0.0000000000
-0.0000000000
0.0000000000
0.0000000000
0.0000000000
0.0000000000
0.0000000000
0.0000000000
-0.0000000000
0.0000000000
-0.0000000000
0.0000000000
0.0000000000
0.0000000000
0.0000000000
-0.0000000000
-0.0000000000
0.0000000000
0.0000000000
0.0000000000
-0.0000000000
-0.0000000000
0.0000000000
-0.0000000000
0.0000000000
-0.0000000000
-0.0000000000
0.0000058536
-0.0000000000
0.0000000000
-0.0000000000
0.0000000000
0.0000000000
0.0000000000
0.0000000000
0.0000000000
0.0000000002
-0.0000000000
0.0000000000
0.0000000000
0.0000000000
-0.0000000000
-0.0000000000
0.0000822028
-0.0000000000
-0.0000000000
0.0000000000
0.0000000000
0.0000000000
0.0000000000
0.0000272935
0.0000000000
-0.0000000000
-0.0001806127
0.0573126934
0.0000000000
0.0000000048
0.0022076534
-0.0000000000
0.0000000001
0.0000000000
0.0000000000
0.0000000000
0.0000000000
0.0000000000
-0.0000000000
-0.0000000000
0.0000000000
0.0000000000
0.0000000000
-0.0000000000
-0.0000000000
0.0000000000
0.0000000000
0.0000000000
-0.0000000000
-0.0000000000
0.0000000000
0.0000000000
0.0000000000
-0.0000000000
-0.0000000000
-0.0000000000
-0.0000000000
0.0000000000
0.0000000000
0.0000000000
-0.0000000000
-0.0000000000
-0.0000000000
0.0000000000
0.1127399355
-0.0000000000
-0.0000000000
-0.0000000000
0.0000000064
-0.0000000000
0.1120290384
0.0000000000
0.0000000000
0.0000000000
0.0000000000
0.0000000000
-0.0000161893
0.0000000000
-0.0000000000
0.0000000451
-0.0000000000
0.0000000000
0.0005166921
-0.0000000000
-0.0000000000
0.0014196411
0.0000000000
-0.0000000000
-0.0000000000
-0.0000000000
0.0000000000
0.0006786555
-0.0000000000
0.0000000000
-0.0000000000
0.0883983970
-0.0000000000
-0.0000000000
0.0000000000
0.0000000000
0.0000000000
0.0774623826
-0.0000000000
-0.0000000000
0.0000000000
0.0000000000
0.0000000000
0.0000000000
0.0000000000
0.0000000000
0.0000000000
0.0000000000
0.0000000000
0.0000000000
0.0000000000
-0.0000000000
0.0000000000
0.0000000000
-0.0000000000
-0.0000000000
-0.0000000000
0.0000000000
0.0000000000
-0.0000000000
0.0000000000
0.0000000000
0.0000000000
0.0000001313
-0.0000000000
0.1014869362
0.0000000000
0.0000000000
-0.0000000000
0.0000000000
0.0000035588
0.0000000000
0.0000000000
-0.0000000000
0.0000000000
0.0000000000
-0.0000000000
-0.0000000000
0.0240187235
0.0607196763
-0.0000000000
-0.0000000000
-0.0000000000
-0.0000000000
-0.0000000012
0.0000000000
0.0000000000
0.0000006751
0.0000000000
0.0000000000
0.0000000000
0.0000000000
0.0000000000
-0.0000000000
0.0000000000
-0.0000000000
0.0000000833
0.0000000000
0.0000000000
-0.0000000000
0.0000000000
-0.0000000000
-0.0000000000
0.0000000000
-0.0000000000
0.0004102856
-0.0000000048
0.0000000000
0.0000000000
0.0000000000
-0.0000000000
0.0000000000
-0.0000000000
0.0000000000
-0.0000000000
0.0000008791
0.0000000000
0.0000000000
-0.0000000000
0.0000000000
-0.0000000000
-0.0000000000
-0.0000000000
-0.0000000000
0.0000000000
0.0000000000
-0.0000000000
0.0000000000
0.0000000000
-0.0000000000
0.0000000000
0.0000000000
0.0000000000
0.0000000000
0.0227916911
-0.0000000000
-0.0000000000
0.0000000000
-0.0000000000
-0.0000000000
0.0000000000
0.0000000000
0.0000000000
0.0000000000
0.0000000000
0.0000000000
0.0144209685
-0.0000000000
0.0000000000
-0.0000000000
-0.0000000000
-0.0000000000
0.0000000000
-0.0000000000
0.0000000000
0.0000000000
0.0000000000
0.0000041482
-0.0000000000
0.0000000000
0.0024764787
0.0000000172
0.0000005772
0.0000000000
0.0024161027
0.0892115161
-0.0000000000
-0.0000000000
0.0000000000
0.1524533927
0.0000000000
0.0000000000
-0.0000000000
-0.0000000000
-0.0000000000
-0.0000000000
0.0000000000
0.0000000000
0.0000000000
-0.0000000000
0.0000000002
-0.0000000000
-0.0000000000
-0.0000000000
-0.0000000000
0.0000000000
0.0000000000
0.0000000000
-0.0000000000
-0.0000000000
0.0000452472
0.0890162662
-0.0000000000
0.0000000000
0.0000000000
0.0000000000
-0.0000000000
-0.0000000000
0.0000000000
-0.0000000000
0.0000000000
-0.0000000000
0.0000000000
0.0000000000
0.0071538095
0.0000000000
0.0000000000
0.0000006968
0.0000000000
0.0000000000
-0.0000000000
-0.0000000000
0.0000000000
-0.0000664975
0.0000000000
0.0000000000
-0.0000000000
-0.0000000000
0.0000000041
-0.0000000000
-0.0000000000
0.0000000000
0.0000000000
0.0019194457
0.0000000000
0.0000000165
-0.0000000000
0.0000000000
0.0000000000
0.0000000000
0.0000000000
-0.0000000000
0.0000000000
0.0000000000
-0.0000000000
-0.0000000000
0.0000000000
0.0000000000
-0.0000000000
0.0000000000
0.0000000000
-0.0000000000
0.0000000000
0.0000000000
-0.0000000000
-0.0000000000
0.0000000000
-0.0000000000
0.0000000000
-0.0000000000
0.0000000000
0.0000000000
-0.0000000000
0.0000000000
0.0000000000
-0.0000000000
0.0000224047
-0.0000000000
-0.0000000000
0.0000000000
0.0000000000
0.0000000000
-0.0006672432
0.0000000000
0.0000000000
-0.0000000000
-0.0000000000
-0.0001351946
0.0511011891
0.0000000000
-0.0000000000
0.0000000000
0.0981858000
0.0001511714
-0.0000000000
0.0000000000
-0.0000000000
0.0000000000
-0.0000000000
0.0000000000
0.0000000000
-0.0000000000
-0.0000000000
0.0000003577
-0.0000000000
-0.0000000000
0.0007378911
0.0000000000
0.0000729145
0.0000000000
0.0000000143
0.1073655188
0.0000000000
0.0000001233
0.0492898412
0.0000000000
-0.0000000000
0.0000000000
-0.0000000000
0.0000000250
-0.0000000000
0.0000000000
-0.0000000000
-0.0000000000
-0.0000000000
0.0000000000
-0.0000000000
-0.0000000000
0.0000000000
0.0000000000
0.0000000000
-0.0000000000
-0.0000000000
-0.0000000000
0.0000000000
0.0000000031
0.0084044496
-0.0000000000
-0.0000000000
0.0000000000
-0.0000000000
0.0000000000
0.1248509213
0.0000000000
0.0018370791
0.0874355957
0.0000000000
-0.0000000000
-0.0000000000
0.0000000000
0.0000000000
0.0000000000
0.0000000000
-0.0000000000
-0.0000000000
0.0000298352
0.0000000000
0.0000000000
0.0146412635
0.0000000000
0.0000000000
0.0000000000
-0.0001149741
-0.0000000000
0.0447242372
-0.0000000002
0.0000000025
-0.0000000000
-0.0000000000
0.0314055532
0.0000000000
0.0102925841
-0.0000000000
-0.0000000000
0.0000000000
0.0000000000
0.0000002770
0.0000000000
0.0000000000
-0.0000000000
0.0000000000
-0.0000000000
0.0000000000
-0.0000000000
-0.0000000000
0.0000000000
0.0000000000
0.0000000000
-0.0000000000
-0.0000000000
-0.0000000000
-0.0000000000
-0.0000000000
-0.0000000000
0.0000000000
0.0000000000
-0.0000000000
0.0000000000
0.0000000000
-0.0000000000
-0.0000000000
0.0087143574
-0.0000000000
-0.0000000000
0.0108315013
-0.0000000000
-0.0000000000
0.0000000000
0.0000000000
0.0000000000
0.0000000000
0.0000000000
0.0002226272
-0.0000000000
0.0000000001
-0.0000000000
0.0000000000
-0.0000000000
0.0000000000
0.0000000000
-0.0000000000
0.0000000000
-0.0000000000
0.0072516548
-0.0000000000
0.0000000000
0.0000000000
0.0000000000
-0.0000008918
-0.0000000000
0.0000231162
-0.0000000000
-0.0000000000
0.0000000000
-0.0000003861
0.0058864071
0.0000000000
0.0000000000
0.0000000000
0.0000000000
-0.0000000000
0.0000000000
0.0000004258
0.0000000000
0.0000000000
0.0000000000
0.0000008027
-0.0000000000
0.0000000000
0.0000000000
-0.0000000000
-0.0000000000
-0.0000000000
-0.0000000000
0.0000000000
0.0000000000
-0.0000000000
-0.0000000000
0.0000000000
-0.0000000000
-0.0000000000
0.0000000000
0.0000000000
-0.0000000000
0.0000769265
0.0000325969
0.0000000000
-0.0000000000
0.0000000000
-0.0000000000
-0.0000000000
-0.0000000000
-0.0000000000
0.0000000000
0.0179334059
0.0000000000
-0.0000000000
-0.0000000001
-0.0000000000
0.0000000000
0.0000000000
0.0000000000
-0.0000000000
0.0315773189
0.0000000000
0.0000000000
0.0000000000
-0.0000000529
0.0000000000
0.0000000000
0.0000000000
-0.0000000000
-0.0000000000
-0.0000000000
-0.0000000000
0.0000000000
-0.0000000000
-0.0000000000
0.0000000000
-0.0000000000
-0.0000000000
0.0000000000
0.0821546614
0.0000094619
-0.0000000000
0.0000000000
0.0000000000
-0.0000000000
0.0000000000
0.0000000000
0.0000000000
0.0000000000
0.0000000000
0.0039899545
0.0000000000
-0.0000000000
-0.0000000000
0.0000000000
0.0000000001
-0.0000000000
0.0000000000
0.0000000000
-0.0000000000
0.0000000000
0.0000000102
-0.0000000000
0.0000000000
0.0000000000
0.0000000000
-0.0000000000
-0.0000000000
0.0010042741
-0.0000000000
-0.0000000000
0.0000000000
0.0254492071
0.0000000000
0.0000000000
0.0727498606
0.0000000000
0.0000000000
-0.0000000000
0.0197524726
-0.0000000000
0.0000000000
-0.0000000000
-0.0000000000
-0.0000000000
-0.0000000000
0.0000000000
0.0000002772
0.0000000026
-0.0000000000
0.0000000000
0.0000000000
-0.0000000000
-0.0000000000
-0.0000000000
0.0000000000
0.0000000000
0.0000000000
0.0000000000
-0.0000000000
0.0000000000
0.0000000000
0.0000000000
-0.0000000000
-0.0000000000
0.0000000000
0.0001418698
0.0000225807
0.0000000000
0.0896762013
-0.0000000000
-0.0000000000
0.0000000000
-0.0000000000
-0.0000000000
-0.0000000000
-0.0000000000
-0.0000000000
-0.0000000000
0.0000000000
-0.0000000000
0.0000000000
-0.0000000000
0.0000000000
-0.0000000000
0.0000000000
-0.0000000000
0.0030300049
0.0000000000
0.0000000000
-0.0000000000
0.0000000000
0.0000000023
0.0000000000
0.0000000000
0.0000000000
-0.0000000000
-0.0000000000
0.0000000000
-0.0000000000
-0.0000000000
-0.0000000000
0.0006913263
0.0000000000
0.0000000000
0.0000000000
-0.0000000000
0.0000000000
-0.0000000000
0.0000000000
-0.0000000000
0.0000000000
0.0000082912
0.0000000000
-0.0000000000
-0.0000000000
0.0000000000
0.0000000000
0.0000000000
-0.0000000000
-0.0000000000
0.0832420290
-0.0000000000
0.0043663643
0.0000000000
-0.0000000000
0.0000000000
0.0000000000
0.0519308858
0.0003891186
-0.0000000000
0.0859205201
0.0033870966
-0.0000000000
-0.0000000000
0.0000000000
-0.0000000000
0.0000000000
-0.0000000000
-0.0000000000
0.0000000000
0.0000000000
-0.0000000000
-0.0000000000
0.0000000000
-0.0000000000
0.0000000000
0.0000000000
-0.0000000000
-0.0000000000
0.0000021547
0.0000000000
0.0000000000
-0.0000000000
-0.0000000000
-0.0000000000
0.0000000000
0.0001432955
0.0000000000
0.0000000000
0.0462369397
-0.0000000000
0.0000000000
-0.0000000000
-0.0000000000
0.0000000000
0.0000000000
0.0000000000
0.0000000000
-0.0000000000
0.0001482954
-0.0000000000
-0.0000000000
0.0000000000
-0.0000000000
-0.0000000000
-0.0000000000
-0.0000000006
-0.0000000000
0.0000000000
-0.0000000000
-0.0000000000
0.0000000000
0.0000000000
0.0000000000
0.0000000000
-0.0000000000
-0.0000000000
0.0000000000
0.0000005582
0.0000000000
-0.0000000000
-0.0000000000
0.0000000000
0.0000000000
0.0078139780
0.0102950800
0.0000000000
0.0000000000
0.0000000000
0.1054447666
0.0000000000
-0.0000000000
-0.0000000000
0.0051242569
-0.0000000000
0.0000000000
-0.0000000000
0.0000011313
-0.0000000000
0.0000000000
-0.0000000000
0.1178103611
-0.0000000000
-0.0000000000
0.0000000008
0.0021713187
0.0000000000
0.0000000000
-0.0000000000
0.0000000000
0.0002506081
0.0000808392
0.0000000000
-0.0000000000
-0.0000000000
0.0000000000
-0.0000000000
0.0000000000
0.0000000000
0.0000000000
0.0000183344
0.0000000000
0.0000001996
-0.0000000000
0.0000025045
0.0000000000
-0.0000000000
-0.0000000000
0.0000000000
-0.0000000000
-0.0000000000
-0.0000000000
0.0000000000
0.0000000000
-0.0000000000
-0.0000000000
-0.0000000000
0.0224801116
0.0000000000
0.0000000000
-0.0000000000
0.0000000000
0.0000000000
0.0000000000
-0.0000000000
0.0000000004
0.0001885218
-0.0000000000
-0.0000000000
-0.0000000000
0.0000014499
-0.0000000000
0.0000000000
0.0000000000
0.0000000000
-0.0000000000
0.0000000000
-0.0000000000
-0.0000000000
0.0114536751
-0.0000000000
0.0000404257
-0.0000000000
0.0000000000
0.0037606622
-0.0000000000
0.0000000000
-0.0000000000
-0.0000000000
0.0000000000
0.0000001399
0.0000000000
0.0000000000
0.0000000000
0.0345546268
0.0000000000
0.0000000000
-0.0000000000
-0.0000000000
0.0000000000
-0.0000000000
0.0000000000
-0.0000000000
0.0000000000
-0.0000000000
-0.0000000000
-0.0000000000
0.0000000000
0.0000000000
0.0034946252
-0.0000000007
0.0000000000
0.0004387408
0.0002489984
0.0000001005
0.0000000000
0.0000000000
-0.0000000000
-0.0000000000
0.0000981926
0.0000000000
0.0000000065
-0.0000000000
0.0000000000
0.0000000000
0.0000000000
-0.0000000000
-0.0000000000
0.0235136468
0.0000000000
-0.0000000000
0.0000000000
-0.0000000000
0.0023024166
-0.0000000000
0.0000000000
0.0000000022
0.0000004504
0.0000000000
0.0000000093
0.0023317430
0.0000000000
-0.0000000000
-0.0000000000
-0.0000000000
0.0000000000
0.0000000000
0.0000000000
-0.0000000000
-0.0000000000
0.0000000000
-0.0000000000
0.0000000000
0.0000000000
-0.0000000000
0.0000000000
0.0000000000
0.0000000000
-0.0000000000
-0.0000000000
0.0000000000
0.0000000000
-0.0000000000
-0.0000000000
-0.0000000000
-0.0000000000
0.0003142161
-0.0000000000
-0.0000000000
0.0000000000
0.0000000000
0.0000000000
0.0000000000
-0.0000000000
0.0000000000
0.0000000000
0.0000000000
0.0000000000
0.0000000000
-0.0001362783
0.0000000000
-0.0000000000
-0.0000000000
-0.0000000000
-0.0000000000
-0.0000000000
0.0000000000
0.0000000000
0.0000000000
-0.0000000000
0.0000000505
0.0000000000
0.0000000001
-0.0000000000
0.0000000000
-0.0000000000
0.0001624142
0.0073666433
0.0000000000
0.0002643890
0.0000000000
0.0000000001
-0.0000000000
0.0000000001
-0.0000000000
0.0000000000
-0.0000000000
0.0000000000
-0.0000000000
-0.0000000000
0.0000000000
0.0007260337
0.0000100551
0.0000000000
-0.0000000000
0.0311153010
-0.0000000000
0.0000000000
0.0915687084
-0.0000000000
0.0080173137
0.0366561636
0.0071739634
0.0000000000
0.0000000000
0.0000000000
0.0000000000
0.0000000000
-0.0000000000
0.0000000000
-0.0000000000
0.0000000000
0.0000000001
0.0000000000
0.0000000000
0.0593908839
-0.0000000000
-0.0000000000
0.0000000000
0.0000281681
-0.0000000000
-0.0000000000
-0.0000000000
-0.0000000000
0.0000000000
-0.0000000000
-0.0000000000
-0.0000000000
0.0000000000
-0.0000000000
0.0000000000
-0.0000000000
0.0655543283
0.0000000000
-0.0000000000
-0.0000000000
0.0000000000
-0.0000000000
-0.0000000000
0.0000000000
-0.0000000000
0.0000000000
0.0000000000
0.0000000000
-0.0000000000
0.0286907330
0.0024071657
-0.0000000000
0.0000000000
0.0763267055
0.0000000000
-0.0000000000
0.0000366824
-0.0000000000
-0.0000000000
0.0000000001
-0.0000000000
-0.0000000000
0.0025352461
-0.0000000000
-0.0000000000
0.0000000000
0.0000000001
0.1122126132
0.0000000000
0.0000000000
0.0000000000
0.0000000000
0.0000000000
-0.0000000000
-0.0000000000
-0.0000000000
-0.0000000000
-0.0000000000
0.0000525705
0.0000000000
0.0000000000
0.0009995729
0.0000000000
-0.0000000000
0.0000000000
-0.0000000000
-0.0000000000
0.0000002015
-0.0000000197
-0.0000000000
0.0000000000
-0.0000000000
0.0000000000
0.0000000000
-0.0000000000
-0.0000018347
-0.0000000000
-0.0014028718
0.0000000000
-0.0000000000
0.0228694044
0.0000000000
-0.0000000000
0.0000000000
0.0000000000
-0.0000000000
-0.0000000000
0.0000244799
-0.0000000000
-0.0000000000
-0.0000000000
0.1163360178
-0.0000000000
0.0654042140
0.0693321228
-0.0000000000
-0.0000000000
-0.0000000000
0.0000000000
-0.0000000000
0.0003295807
0.0000000004
0.0000000000
-0.0000000000
-0.0000000000
0.0000000000
-0.0000000000
0.0000000000
-0.0000000000
0.0000000000
0.0000000000
0.0000000000
-0.0000000000
0.0000000000
0.0000000000
-0.0000000000
0.0000000000
-0.0000000000
-0.0000000000
0.0000000000
0.0000000000
0.0000000000
0.0000000000
-0.0000000000
-0.0000000000
-0.0000000000
0.0000000000
-0.0000000000
-0.0000000000
0.0000000000
0.0000000000
0.0000000000
0.0000000000
-0.0000000000
-0.0000000000
0.0000000000
0.0007182324
-0.0000000000
-0.0000000000
0.0000000000
-0.0000000000
-0.0000000000
0.0000000000
-0.0000000000
0.0000000000
-0.0000573401
-0.0000000000
-0.0008606903
0.0000000000
-0.0000000000
-0.0000000000
-0.0000000000
0.0000000000
0.0000000000
-0.0000000000
0.0000000000
-0.0000000000
0.0000000000
0.0000000000
0.0000085835
0.0000921424
0.0000000000
-0.0000000000
0.0102032581
0.0000000000
0.0000000000
-0.0000000000
0.0000000000
0.0000003090
0.0000000000
-0.0000000000
-0.0000000000
-0.0000000000
0.0000000000
-0.0000000000
0.0846657753
-0.0000000000
0.0000000000
-0.0000000000
0.0000000000
0.0000000000
-0.0000000000
-0.0000000000
-0.0000000000
0.0000000000
-0.0000000000
-0.0000000000
-0.0000000000
-0.0000000000
0.0000000779
0.0000000000
0.0000000000
0.0000000071
-0.0000000000
0.0000000000
-0.0000000000
-0.0000003187
-0.0000000000
0.0000000000
0.0000000000
-0.0000000000
-0.0000000000
0.0052668490
-0.0000000000
-0.0000000000
-0.0000000000
0.0000000000
0.0000000000
-0.0000000000
0.0092123728
0.0000000000
-0.0000000000
0.0000000000
0.0000000000
0.0000000000
0.0000000000
0.0000000000
-0.0000000000
-0.0000000000
-0.0000000000
0.0000000000
0.0000019042
0.0000000000
0.0000000000
-0.0000000000
0.0000149717
-0.0000000000
0.0000000000
0.0133594405
-0.0000000000
0.0564666092
-0.0000000000
0.0000067658
-0.0000000000
0.0000000000
0.0016887436
-0.0000000000
-0.0000000000
0.0000000000
0.0000000000
0.0000000000
0.0000000000
0.0029657339
0.0000000000
0.0000000000
0.0000000000
-0.0000000000
0.0000000000
-0.0000000000
-0.0000000000
0.0000002998
-0.0000000000
-0.0000109762
-0.0000000000
0.0000000000
0.0000000000
-0.0000000000
0.0000000000
0.0204806216
0.0000000000
0.0000000000
0.0000000000
0.0000000000
-0.0000000000
0.0000000000
0.0000000000
0.0000000000
0.0000000000
0.0000000000
0.0000000000
-0.0000000000
0.0000000000
0.0000000000
-0.0000000000
-0.0000000000
0.0000000000
0.0000000000
0.0000000000
-0.0000000000
-0.0000000000
-0.0000000000
0.0000000000
0.0000000000
0.0000000000
-0.0000000000
0.0000000000
0.0000000000
0.0005975961
-0.0000000000
0.0005565243
0.0768176988
-0.0000000000
0.0000000000
0.1362444609
-0.0000000000
0.0549632162
0.0068696719
-0.0000000000
-0.0000000000
0.0433620773
-0.0000000000
0.0000000000
0.0000000000
-0.0000000000
-0.0000000000
0.0000000000
-0.0000000000
0.0000000000
0.0000000000
0.0000000000
0.0000000000
-0.0000000000
0.0001299869
0.0000000000
0.0000000000
-0.0000000000
-0.0000000000
0.0000000000
-0.0000000000
0.0000000000
0.0000000000
0.0000000000
0.0409996584
-0.0000000000
0.0000000000
-0.0000000000
-0.0000000000
0.0000000000
-0.0000000000
-0.0000000000
0.0000000000
0.0000000000
0.0000005587
0.0000000000
-0.0000000000
0.0000000000
0.0000000000
-0.0000000000
-0.0000000000
0.0000000000
0.0000000000
-0.0000500567
-0.0000000000
0.0000000000
0.0000000000
0.0000000000
0.0000000000
0.0000000000
0.0000000000
0.0000000000
-0.0000000000
0.0000000000
0.0000000000
-0.0000000000
-0.0000000000
0.0000000000
0.0000003175
-0.0000000000
-0.0000000000
0.0000000014
0.0000000000
0.0152164875
-0.0000000000
0.0000000000
-0.0000000000
0.0416107737
-0.0000000000
0.0000000000
0.0000071640
0.0000000000
-0.0000000000
0.0570899099
0.0000000000
0.0000000000
0.0645291507
-0.0000000000
0.0000000002
0.0000000000
0.0406776033
0.0000000000
0.0203932412
0.0000000000
0.0000592759
0.0000000000
-0.0000000000
0.0000001141
0.0000000000
0.0000418553
0.0000000000
0.0000020839
0.0000000000
0.0000000000
0.0000000000
0.0000000000
-0.0000000000
-0.0000000000
0.0000000000
0.0000000000
-0.0000000000
-0.0000000000
-0.0000000000
-0.0000000000
-0.0000000252
0.0000000000
-0.0000000000
0.0000000000
0.0000000000
-0.0000000000
-0.0000000000
0.0000000000
0.0000000000
0.0000000000
-0.0000000000
-0.0000000000
0.0000000000
-0.0000000000
0.0000000000
0.0000000000
-0.0000000000
0.0000000000
0.0000000000
-0.0000000000
0.0000000000
0.0000000000
0.0541653782
-0.0000000000
-0.0000000000
-0.0000000000
0.1000695527
0.0000000777
0.0000000000
0.0000000000
0.0207391027
-0.0000000000
0.0000000000
0.0000000000
0.0000000000
0.0069501447
0.0000000000
-0.0000000000
-0.0000000000
-0.0000000000
-0.0000000000
0.0032176315
0.0068736440
-0.0000000000
-0.0000136063
-0.0000000000
0.0000000738
-0.0000000000
0.0173764881
0.0000000287
0.0000000000
0.0000000000
-0.0000000000
0.0028936465
-0.0000000000
-0.0000000000
-0.0000000000
-0.0000000005
-0.0000000000
-0.0000000000
0.0000000000
-0.0000000000
-0.0000000000
-0.0000000000
-0.0000000000
0.0000000000
0.0001627595
0.0000000000
-0.0000000000
0.0011638133
-0.0000000000
0.0000000263
-0.0000000000
0.0000000000
0.0000000000
-0.0000000000
0.0000000000
0.0000000000
0.0143785011
0.0000000000
-0.0000000000
-0.0000000000
0.0000000000
0.0000000000
-0.0000000000
-0.0000000000
0.0066352678
0.0000000000
0.0000354634
-0.0000000000
-0.0000000000
0.0000000000
0.0000000000
0.0000000000
0.0000000000
-0.0000000000
-0.0000000000
0.0000000000
0.0000000000
-0.0000000000
0.0001147804
0.0000000000
0.0000000000
0.0000031958
-0.0000000000
0.0000147327
0.0000000000
0.0000000000
-0.0000000000
-0.0000000000
0.0005547588
-0.0000000000
0.0000075600
0.0000000000
0.0000000000
0.0000000000
-0.0000000000
0.0000000000
-0.0000000000
-0.0000000000
0.0002668606
-0.0000000001
0.0000000000
-0.0000000000
-0.0000000000
-0.0000000000
0.0000000000
0.0000000000
0.0000000000
-0.0000000000
0.0000000000
-0.0000000000
0.0000000000
0.0000000000
0.0000000000
0.0000001747
-0.0000000000
-0.0000000000
-0.0000000000
-0.0000000000
0.0000000000
0.0000000000
0.0000000000
-0.0000000000
-0.0000000000
0.0000000000
-0.0000000000
0.0000000000
-0.0000000000
0.0000000000
-0.0000000084
0.0000000000
-0.0000000000
0.0000064485
0.0000000000
-0.0000000000
0.0000000000
0.0000000000
0.0000000000
-0.0000000000
-0.0000000000
0.0000001749
-0.0000000000
-0.0000000000
0.0000000000
-0.0000000000
0.0000000041
0.0000000000
0.0000000000
-0.0006265058
-0.0000030375
0.0000000000
-0.0000000000
-0.0000000000
-0.0000000000
0.0000000000
0.0000000000
-0.0000000000
0.0000003854
0.0000000000
-0.0000000000
-0.0000000000
0.0001949724
-0.0000000000
0.0000000718
-0.0000006633
-0.0000000000
-0.0000350704
0.0000000000
0.0000000000
-0.0000000000
-0.0000000000
-0.0039364533
-0.0000000000
-0.0000735969
-0.0000000000
-0.0000000000
-0.0000000000
-0.0000000000
0.0000000010
0.0000000000
0.0000000000
-0.0000000000
0.0108329486
0.0000000000
0.0000000000
-0.0000000000
-0.0000000000
-0.0000000000
0.0000000000
-0.0000000000
-0.0000000000
0.0000000000
0.0000000000
0.0000000000
0.0153506063
0.0000000000
0.0695407316
0.0001495472
0.0000000000
-0.0000000000
0.0000000000
0.0000000000
0.0000000354
0.0000000000
-0.0000211639
0.0000000000
0.0000000000
0.0000000000
-0.0000000000
-0.0000000000
0.0000000000
0.0000000000
-0.0000000000
0.0056027984
0.0000000000
-0.0000000000
-0.0000062366
0.0000000000
-0.0000000000
0.0020388705
0.0000000000
-0.0000000000
0.0000000000
-0.0000000000
0.0000000000
0.0000000000
-0.0000000000
0.0000000000
-0.0000000000
0.0000000000
-0.0000000000
-0.0000000000
-0.0000000000
0.0000004758
0.0000033266
0.0000003136
0.0000000000
-0.0042985091
-0.0000000000
0.0000000000
0.0000000000
-0.0000000000
0.0000000000
-0.0000000000
0.0008024618
-0.0000000000
0.0000000000
-0.0000000000
0.0000000000
-0.0000000000
0.0000000000
-0.0000000000
-0.0000000000
-0.0000000000
0.0001842994
-0.0000000000
-0.0000000000
0.0000000000
0.0000000000
0.0000000000
0.0287474692
-0.0000000000
-0.0000000000
0.0596232302
0.0000000000
0.0000000000
-0.0000000000
0.0000000000
0.0000000000
-0.0000000000
0.0000000000
-0.0000000000
0.0000000000
-0.0000000000
0.0000005209
-0.0000000000
-0.0000000000
0.0000014990
0.0000000000
0.0000000000
0.0000000000
-0.0000000000
0.0000000000
-0.0000000000
0.0115725743
-0.0000000000
-0.0000007873
-0.0000000000
-0.0000000000
-0.0000000000
0.0000046733
0.0000000000
-0.0000000000
-0.0000000000
-0.0000000000
0.0051963767
-0.0000000000
0.0000000000
0.0000000000
0.0000172524
0.0010129970
0.0000000001
0.0000000000
0.0008607748
-0.0000000000
0.0000000000
0.0000000000
0.0000000000
0.0000000000
0.0000000000
-0.0000000000
-0.0000000000
0.0000000000
0.0000000000
-0.0000000000
0.0521945097
0.0121238939
-0.0000000000
-0.0000000000
0.0000000000
0.0000000000
0.0000745529
0.0000000000
-0.0000000000
-0.0000000000
0.0000000000
0.0000000000
0.0213953797
0.0000000000
0.0000000000
-0.0000000000
-0.0000000000
0.0000000000
0.0000000001
0.0000000000
0.0000000000
0.0000231409
-0.0000000000
0.0068023228
-0.0000000000
0.0000000000
-0.0000000000
-0.0000000000
0.0000000000
0.0000000000
0.0000000000
-0.0000000000
-0.0000000000
0.0000000000
-0.0000000000
-0.0000000000
0.0000000000
0.0000000000
-0.0000000000
0.0000000000
0.0000000000
0.0000000000
0.0000000000
-0.0000000000
-0.0000000000
-0.0000000000
-0.0000000000
-0.0034640275
-0.0000000000
-0.0000000000
-0.0000000000
-0.0000000000
0.0000000000
0.0000000000
0.0000000000
-0.0000000000
-0.0000000000
0.0000000000
-0.0005153891
0.0000000000
0.0037685554
0.0000000000
0.0000000000
0.0000000000
0.0000000000
0.0000000000
0.0000008073
0.0000000000
-0.0000000000
-0.0000000000
0.0000000000
-0.0000000000
0.0000000000
0.0000000000
-0.0000000000
0.0017604514
0.0000000000
0.0000000000
0.0000000000
0.0000000000
-0.0000000000
-0.0000000000
0.0000000000
-0.0000000000
0.0000228233
-0.0000000000
-0.0000000000
0.0000000000
-0.0000000000
-0.0000000000
-0.0000000000
-0.0000000000
-0.0000000000
-0.0000000000
-0.0000000000
-0.0000000001
0.0000000000
0.0000000000
-0.0000000466
-0.0000000000
-0.0000000000
0.0000000000
-0.0000000000
0.0000727188
0.0000000000
0.0033127358
0.0000000000
0.0000000000
0.0000001158
0.0000000140
-0.0000000000
0.0000000021
-0.0000222364
-0.0000000000
0.0000000000
0.0000000000
-0.0000000000
-0.0000000000
0.0000000000
0.0000000000
0.0000000000
-0.0000000000
-0.0000000000
0.0000000000
0.0000000017
0.0000000000
-0.0000000000
0.0000000477
-0.0000000000
-0.0004407831
0.0000036434
0.0000000000
0.0000000008
0.0000000000
-0.0000000000
0.0076676426
-0.0000000000
-0.0000000000
-0.0000000000
0.0000093019
0.0000000000
0.0000065393
0.0000000014
0.0000000000
-0.0000000000
0.0000000000
0.0001802827
0.0000000000
0.0000000000
0.0640687570
0.0000000000
-0.0000000000
0.0000000000
0.0000000000
-0.0000000000
-0.0000000000
0.0000000000
-0.0000000000
-0.0000000000
-0.0000000000
-0.0000000000
0.0000000000
-0.0000000000
0.0000262077
0.0000000111
0.0000000000
-0.0000000000
0.0000000000
0.0000000000
-0.0011605573
0.0000000000
0.0000000000
0.0000000000
0.0000000000
-0.0000000000
0.0005918213
-0.0000000000
-0.0000000000
0.0000000000
-0.0000000000
0.0000000000
-0.0000001781
-0.0000000000
0.0436501801
0.0000000000
0.0000000000
-0.0000000000
0.0000000000
0.0000000000
-0.0000000000
0.0000000000
0.0000000000
0.0000000000
-0.0000000000
-0.0000105034
-0.0000000000
0.0000000000
0.0000413878
0.0000000000
0.0000000000
0.0001895543
-0.0000000000
-0.0000000000
-0.0000000193
0.0000000000
-0.0000000000
-0.0000000000
-0.0000000000
-0.0000000000
-0.0000000000
0.0000003467
0.0363828838
-0.0000000000
-0.0000000000
0.0055579171
-0.0000000000
-0.0000000000
0.0000000000
-0.0000000000
0.0000000000
-0.0000000000
-0.0000000000
-0.0000000000
0.0000000000
0.0000000000
-0.0000000000
-0.0000000020
0.0000000000
-0.0000000000
-0.0000000000
-0.0000000000
-0.0000000000
0.0000000000
-0.0000000000
0.0000000000
0.0000000000
0.0564745106
0.0000000000
0.0000000000
-0.0000000000
0.0001574557
-0.0000000000
-0.0000000000
0.0000128556
0.0000000000
-0.0000000000
0.0000000000
-0.0000000000
0.0000000000
-0.0000000000
-0.0000000000
0.0010365166
-0.0000000000
0.0000206509
-0.0000000000
0.0000000000
-0.0000000000
0.0036397092
0.0000000000
0.0000000000
-0.0000000000
0.0000000000
0.0024589626
0.0000000000
0.0000000000
-0.0000000000
0.0000000000
0.0000000000
0.0000000000
-0.0000000000
-0.0000000000
0.0000000000
-0.0000000000
-0.0000000000
-0.0000000000
0.0080003673
-0.0000000088
-0.0000000000
0.0001438002
0.0000010500
-0.0000000000
0.0558880903
-0.0000000000
0.0000000000
0.0000000006
0.0000000000
0.0000000000
-0.0000000000
0.0000410949
-0.0000000000
0.0000000000
0.0000000000
