0.0000000000
0.0000000000
-0.0000000000
0.0000000000
-0.0000000000
0.0011796823
-0.0000000000
-0.0000000000
-0.0000000000
-0.0000000000
0.0000000000
0.0000000000
0.0000000000
0.0000000000
-0.0000000000
0.0000000000
-0.0000000000
-0.0000000000
0.0000000000
-0.0000000000
-0.0000000000
0.0000000000
0.0000000000
0.0000000000
0.0000000000
-0.0000000000
0.0000000000
0.0000000000
0.0000000000
0.0000000000
0.0000000000
0.0006071440
0.0000000000
0.0000000000
-0.0114052054
0.0000000000
-0.0000020159
-0.0007510009
0.0000000000
-0.0000000000
-0.0000638469
0.0000000000
0.0173632000
0.0000000000
0.0003249100
0.0000000000
0.0006106895
-0.0000000000
-0.0000000000
-0.0000000000
0.0000000000
-0.0000000000
-0.0000000000
-0.0001020862
-0.0000000000
0.0000092332
-0.0025960740
0.0352958813
-0.0000000000
0.0000000000
-0.0000000000
-0.0000000000
0.0000000000
-0.0000000000
0.0000025869
0.0000778225
-0.0000000000
-0.0000000000
-0.0000000000
0.0023954278
-0.0000000000
0.0000000000
-0.0000000000
-0.0000000000
-0.0000000000
0.0000000000
0.0000000000
-0.0000021916
0.0000000000
0.0000000000
0.0000000000
0.0000000000
-0.0000000000
0.0000000000
0.0000000000
0.0000000000
0.0000000000
-0.0000000000
0.0000000000
0.0000000000
0.0000000000
0.0000000000
-0.0000011289
-0.0000000000
0.0000000000
0.0000000000
0.0000173252
-0.0016009671
-0.0000000000
0.0038234901
0.0000000000
0.0000000000
0.0002340567
0.0000000000
0.0000588093
0.0000008949
-0.0000000000
-0.0000000000
-0.0000000460
-0.0005091927
-0.0000000000
0.0018170354
0.0000000000
-0.0000000000
-0.0000000000
0.0000000000
-0.0000000000
0.0000000000
-0.0000000000
0.0000000000
0.0000000000
0.0000000000
-0.0000000000
0.0001283426
-0.0000000000
-0.0000006661
0.0000000000
0.0401767008
0.0000000000
0.0000149929
0.0001629989
-0.0000000000
-0.0000000006
0.0000000000
0.0000000000
0.0000000000
0.0000000000
0.0000000000
-0.0000000000
0.0000000000
0.0007690549
0.0000000287
-0.0000000000
-0.0000000000
-0.0000592061
0.0000000002
0.0000000000
0.0000000000
0.0000000000
-0.0000000000
0.0313582234
-0.0000000000
0.0000000000
0.0000000000
-0.0000000000
-0.0000000000
0.0000931821
-0.0000000000
-0.0003186205
-0.0000000000
0.0000000000
-0.0000000000
0.0000034744
0.0000000000
-0.0000000000
0.0000174348
0.0000000005
0.0000000000
0.0000000000
0.0000000000
0.0000000000
-0.0000000000
-0.0000000000
0.0000000000
-0.0000000000
0.0000000002
-0.0000000000
0.0000000000
-0.0000000000
0.0000000000
0.0000000000
-0.0000000000
0.0000000000
-0.0000000000
-0.0000000000
-0.0000000000
-0.0000000000
0.0000000000
0.0000000000
-0.0000000000
0.0000000000
0.0000000000
0.0000000000
0.0105225164
-0.0000000000
-0.0000000000
0.0031836561
-0.0000000000
0.0000000000
0.0000000000
-0.0000000000
-0.0000000000
-0.0000000000
0.0000000000
0.0000000000
-0.0000000075
0.0000000072
0.0000000000
0.0000000000
0.0000000000
-0.0000000000
0.0000000000
0.0000000000
0.0000000000
0.0001041088
-0.0000000000
0.0000000363
-0.0000000000
0.0000000000
-0.0016847247
-0.0000000000
-0.0000000000
0.0000000000
0.0000000000
0.0000000000
-0.0000000000
0.0000000000
-0.0000146146
0.0042760316
0.0000000000
-0.0000000000
-0.0000000000
-0.0035754747
-0.0000000000
-0.0000000000
-0.0000000000
0.0000000000
0.0000000000
0.0000000000
-0.0000000000
-0.0000000000
0.0000000000
0.0000002462
-0.0000000000
0.0000000000
-0.0000000000
0.0000943145
-0.0000000000
0.0000000000
-0.0000000000
-0.0000000000
-0.0000000000
0.0000000000
0.0000000000
0.0000000000
-0.0000000000
0.0000000000
0.0000036039
0.0000020496
0.0000000000
-0.0000000000
0.0000000000
-0.0000000000
0.0082886145
-0.0000000000
0.0000000000
-0.0000000000
0.0000000000
-0.0000000000
-0.0000000000
-0.0000000000
-0.0000000970
0.0000000000
0.0000000000
-0.0000000001
-0.0000045528
0.0000000000
0.0000000000
0.0000000001
0.0000000000
0.0000000000
0.0000000000
0.0000000000
-0.0000000000
0.0000000000
-0.0000000000
-0.0000000000
-0.0000000000
0.0000000000
0.0000000000
-0.0000000000
0.0000000000
-0.0000000000
0.0000000000
0.0000000000
-0.0000000000
-0.0000001781
0.0000000000
-0.0000000000
-0.0000000000
0.0000010906
0.0000000000
0.0000000000
0.0000000000
-0.0000000000
-0.0000000000
-0.0000000000
0.0022259322
-0.0000000000
-0.0000000000
0.0000000000
0.0000000000
-0.0000000000
0.0000000000
-0.0000000000
-0.0000000000
-0.0000000000
0.0000000000
-0.0000000000
0.0000000085
-0.0000000000
-0.0000000000
0.0003398389
0.0000138737
0.0000000000
-0.0000000000
-0.0000000000
-0.0000000000
-0.0000000000
0.0000000000
-0.0000000000
-0.0000000000
0.0000000000
0.0000000000
-0.0000000000
-0.0000000000
0.0000000000
-0.0000000000
0.0000000000
0.0000052344
0.0000000000
0.0000000000
-0.0000000000
-0.0000000000
0.0000000000
0.0000000000
0.0001792924
0.0000000000
0.0017091801
0.0000000000
0.0015863971
0.0000000000
0.0000000000
-0.0000000000
0.0495640263
0.0000000000
0.0000000000
-0.0000000000
0.0000000000
-0.0000000000
-0.0000000000
0.0000000000
0.0039425762
-0.0000000000
0.0000013884
-0.0000354754
0.0000000000
0.0000000000
-0.0000000000
0.0000000000
0.0065629408
-0.0000000000
0.0012645654
-0.0000000000
-0.0000000000
0.0000000000
-0.0000000000
-0.0000000000
0.0000000000
-0.0000000000
-0.0000000000
0.0000000000
-0.0000000000
-0.0000000000
-0.0000000000
0.0000000000
-0.0000000000
0.0000000000
0.0000002076
0.0000000000
0.0000010253
0.0000000000
0.0000000000
0.0000000000
-0.0000000000
0.0000000000
0.0000000011
-0.0000000000
0.0000000000
0.0000562033
-0.0000000000
0.0004465900
0.0000000000
0.0000000000
0.0000000000
-0.0000000000
-0.0000000000
0.0000000000
0.0000000000
0.0000000224
-0.0000000000
-0.0121584805
-0.0000000000
0.0000000000
-0.0000000000
0.0000000000
-0.0000702919
0.0000000000
0.0000030906
0.0000000000
-0.0000000000
-0.0000000000
-0.0000000000
0.0116660465
-0.0000000000
0.0000011143
0.0000200682
0.0000008062
-0.0000000000
0.0018647463
0.0058672889
-0.0000000000
0.0000000000
-0.0000000000
0.0198421348
0.0000000000
-0.0000000000
-0.0000000000
0.0000000000
-0.0000000000
-0.0000000000
-0.0000000000
-0.0000150151
0.0000000000
0.0000000000
0.0000000000
0.0001384997
-0.0000000000
-0.0000890999
0.0000002069
0.0000000159
-0.0000000000
0.0000010245
0.0003125414
0.0000000000
0.0000000000
0.0000000000
0.0000000000
-0.0000000007
0.0000000012
0.0000201842
-0.0000000111
0.0000000001
0.0000000000
0.0000000000
-0.0000000000
0.0002884449
-0.0000000000
0.0000000000
-0.0000000000
0.0000105736
-0.0000000000
-0.0000000000
-0.0000000000
0.0000000000
0.0000000000
-0.0000000000
0.0416321494
-0.0000000000
-0.0002159147
-0.0000000000
0.0000059996
-0.0001168053
-0.0000000000
-0.0000000000
0.0002852464
0.0000000000
0.0012218294
0.0000000000
-0.0000000000
-0.0000000000
-0.0000000000
0.0034351035
0.0000000000
-0.0000000000
0.0122654261
0.0000000000
0.0000667041
-0.0000000000
0.0000000000
0.0000000000
0.0000017166
0.0065925615
-0.0000000000
-0.0000000000
-0.0000000000
0.0002908431
-0.0000000000
0.0000093244
-0.0000000000
0.0000000000
0.0000006519
0.0000000000
0.0000000000
0.0000000000
0.0030979377
-0.0003557154
0.0015451519
0.0000000000
0.0001266458
0.0000000000
-0.0000000000
0.0000000000
-0.0000067004
0.0000000000
0.0000187384
0.0000000000
0.0000000000
-0.0000000140
0.0000000000
0.0000056659
-0.0000000000
0.0000000000
-0.0007885361
0.0000000000
-0.0103987334
0.0000392387
0.0011813025
-0.0000279425
0.0000000043
-0.0000000012
-0.0000000000
-0.0000000000
0.0000000000
0.0000011670
-0.0000000000
0.0446391255
0.0000000000
0.0007252488
-0.0000000000
0.0039463649
0.0000000000
-0.0000000000
-0.0000000000
0.0000000000
0.0000000000
-0.0000000000
0.0000000000
0.0128341913
-0.0000000000
0.0000000000
-0.0017144808
-0.0000000000
0.0192344487
-0.0000000000
0.0000000000
0.0000102087
-0.0000000037
0.0000166745
0.0000000000
0.0000000000
0.0000000000
-0.0000000000
-0.0000000000
0.0000000000
0.0000000000
-0.0000010503
0.0000000000
-0.0000000000
0.0000000000
-0.0000000000
0.0000000000
0.0000000000
0.0000000000
0.0001510423
0.0000000000
-0.0000000000
0.0000000015
-0.0000000000
-0.0000000000
0.0000000000
-0.0000000000
-0.0000000000
-0.0000000000
-0.0000000000
0.0353285037
0.0000000000
0.0000000000
-0.0000000000
0.0000000000
-0.0000000000
-0.0000000000
0.0001339810
0.0049720979
0.0000000000
-0.0000000000
-0.0000000000
0.0000000000
0.0000000000
0.0000000000
-0.0000000000
-0.0000000000
0.0000000000
0.0000000000
0.0000000000
0.0000000000
0.0000000000
-0.0000000000
-0.0000000000
-0.0000000000
0.0922149122
0.0000000000
0.0000000000
-0.0000000000
0.0000000000
-0.0000000000
0.0000000000
0.0000000000
0.0000285065
-0.0000000000
-0.0000000000
-0.0000000000
0.0000000000
-0.0000000000
-0.0000000000
0.0000000000
-0.0000000000
0.0000000000
0.0000000000
-0.0000000000
-0.0000000000
0.0000000002
-0.0000000000
0.0000000000
-0.0000000000
-0.0000000000
-0.0000000000
-0.0000000000
0.0000000000
0.0000000000
-0.0000000000
-0.0000000000
-0.0000298637
-0.0000000000
-0.0000000000
-0.0000000000
0.0766345859
0.0034661256
0.0000091686
-0.0000000000
0.0000286286
0.0000004130
0.0000023285
-0.0000000000
0.0003940198
0.0245689210
0.0084711304
0.0000000000
0.0000000000
0.0055977488
0.0000000000
0.0066388072
0.0000000000
0.0000000000
0.0191208385
0.0000321123
0.0197844375
0.0000000000
0.0000000195
-0.0000000000
0.0000000000
-0.0000000000
0.0047788913
0.0000000000
0.0000000000
-0.0000000000
-0.0000000000
-0.0000000000
0.0000930523
0.0000000000
0.0000000000
0.0000000002
-0.0000000000
0.0000321186
-0.0000000000
0.0000000000
-0.0000000000
-0.0000000000
0.0000000000
-0.0000811605
-0.0046686758
0.0000000000
-0.0001395414
0.0000000003
0.0000000000
-0.0012035632
-0.0000000000
0.0000000000
0.0000000000
-0.0000000000
0.0000000000
-0.0000000000
-0.0000000000
-0.0000000000
-0.0000000004
0.0029471840
0.0000000000
0.0000000000
0.0000000000
-0.0000000000
0.0000000000
-0.0000000000
0.0000000000
0.0000000000
0.0000000000
-0.0005086755
0.0000000001
0.0000000000
0.0000000000
0.0015584939
0.0000094665
0.0516141020
0.0000000000
0.0000000000
-0.0000000000
-0.0000000000
0.0877855867
0.0000000000
-0.0000000000
-0.0000000000
-0.0000000000
0.0000295444
0.0000000000
0.0000000000
0.0000000000
0.0000824057
0.0000000000
-0.0000000000
-0.0000000000
0.0000000000
-0.0000000011
0.0000000000
-0.0000000000
0.0000000000
0.0001458827
-0.0000000000
-0.0000000000
0.0000000000
-0.0000000000
0.0000000000
0.0000000000
0.0000001244
0.0000006177
0.0000000000
-0.0000000000
-0.0000000000
0.0000000000
-0.0000000000
-0.0000000632
0.0000000000
0.0000000000
0.0000000000
0.0000000000
0.0083121704
0.0112134079
-0.0000000000
0.0000000000
0.0000000000
-0.0000000000
-0.0000000000
0.0000000000
-0.0000000000
-0.0000000000
0.0035626367
-0.0001045904
-0.0000000000
0.0000000000
0.0000000000
0.0000000000
0.0000018391
0.0000000000
-0.0000000000
0.0044893408
0.0001054669
0.0006607475
0.0000000992
0.0000000000
0.0000000000
0.0000000000
-0.0000000000
0.0000000000
0.0000000000
-0.0000000000
-0.0000000000
0.0000000000
0.0000000000
0.0000000000
0.0000000000
0.0000000000
0.0000000000
0.0000008439
0.0069545577
0.0000000000
0.0000000000
-0.0000000000
-0.0000000000
-0.0000000000
0.0000000000
-0.0000000000
0.0000877212
-0.0000000000
0.0003248830
0.0000000000
-0.0000000000
0.0050386032
0.0000377404
0.0000000000
-0.0002549492
-0.0000000000
0.0000000000
0.0000000000
0.0000000000
0.0000000000
0.0000000000
0.0000000000
0.0000000000
0.0009444886
-0.0000000000
0.0000000000
0.0000000000
0.0000001163
0.0000000000
-0.0000151694
-0.0000000000
0.0001028213
0.0000002701
0.0000101741
-0.0000000000
0.0000000000
-0.0000000000
0.0087368907
-0.0000000000
-0.0000000000
0.0424745083
0.0048051742
0.0007085309
-0.0000000000
0.0000205657
0.0000011207
0.0000000000
0.0000000000
-0.0000000000
0.0000000000
0.0923107415
-0.0000000000
-0.0000000000
-0.0000000000
-0.0000000000
-0.0000000000
-0.0000000000
0.0000000000
-0.0000000000
0.0000000000
0.0000000000
-0.0000000000
0.0000000000
-0.0000000000
-0.0000000000
0.0000000000
0.0000000106
0.0285949539
0.0000000000
0.0000004017
0.0000000000
-0.0000000000
-0.0000000000
0.0000000000
-0.0000000000
0.0000004457
0.0000000000
0.0000000000
-0.0000000000
-0.0000000000
0.0000000000
-0.0000000000
0.0000000000
-0.0000000000
0.0000000000
0.0665743127
-0.0000000000
0.0000000008
-0.0000000000
0.0000000000
0.0000000045
0.0062802080
0.0000000000
0.0000000000
0.0000000000
0.0012293931
-0.0000000000
-0.0000000000
0.0001677872
-0.0000000000
0.0000000000
-0.0000000000
0.0000000003
-0.0000000000
-0.0000000000
0.0466059186
-0.0000000000
0.0000000000
0.0004512652
0.0000000000
-0.0000000000
0.0000000000
-0.0000000000
-0.0000000004
0.0519215278
0.0000000002
0.0000000000
0.0000000000
-0.0000000000
0.0000000000
0.0000000000
-0.0000000000
0.0000000000
0.0000000000
-0.0000000000
-0.0000000000
0.0000930286
0.0000000000
0.0056668059
-0.0000000000
0.0000000000
-0.0000000000
0.0000000000
-0.0000000000
-0.0000000000
-0.0000000000
-0.0000000000
-0.0000000000
0.0000000000
-0.0000000000
0.0000000000
0.0000000000
0.0022312938
-0.0000000000
0.0000000000
-0.0008938867
0.0000000000
-0.0000000000
0.0000000000
0.0000000000
0.0000029637
-0.0000000000
-0.0002274215
0.0000000000
-0.0000000000
-0.0000000000
0.0000005252
-0.0000000000
0.0000000000
-0.0000000000
0.0000034765
0.0000000000
0.0000000000
-0.0000000000
0.0000000000
0.0000000000
-0.0000000000
-0.0000000000
0.0000000000
0.0143448943
0.0000000000
0.0102920961
0.0015680778
0.0000000000
-0.0000000000
-0.0000000000
-0.0004396742
0.0000000000
0.0000000000
0.0000000000
-0.0000000000
-0.0000000000
-0.0000000000
-0.0000000000
-0.0000000000
0.0000000000
0.0717986971
-0.0000000000
0.0000000259
-0.0000000000
-0.0000000000
-0.0000000000
0.0000245332
-0.0000000000
-0.0000003696
0.0000000013
-0.0000000000
0.0000347623
-0.0000000000
0.0000000000
-0.0000000000
-0.0000000000
0.0000000000
0.0000010473
-0.0000000000
-0.0000000000
0.0000000000
0.0000090408
0.0060485536
-0.0000000000
-0.0000000000
0.0000000000
-0.0000000000
0.0000000000
0.0000000000
-0.0000000000
0.0000000000
0.0000000000
-0.0000000000
0.0181514826
0.0000000000
-0.0000000000
-0.0000000000
0.0000000000
-0.0000000253
-0.0000000000
0.0000000000
-0.0000000000
-0.0000000000
-0.0000286511
0.0000000000
0.0000000000
0.0000000000
0.0000015228
0.0000000000
-0.0000000000
0.0000000000
0.0623917654
0.0026150576
0.0000000000
0.0042552003
0.0000000000
0.0000000000
0.0000076835
-0.0000000000
-0.0000000000
0.0000000000
0.0000000000
0.0000000000
-0.0000000000
0.0000000000
0.0000000019
-0.0000000000
0.0006924069
0.0000000000
0.0000000000
-0.0000000000
0.0000000000
-0.0000000000
-0.0000000000
-0.0000000000
0.0000000000
-0.0000000000
-0.0000859854
-0.0000000000
0.0000000000
0.0000000330
0.0000001332
-0.0000000000
0.0000000000
0.0118704597
0.0000000000
-0.0000000000
-0.0000000000
-0.0041438383
-0.0000000000
0.0000075464
-0.0000000000
-0.0000000000
-0.0000000000
-0.0000000000
0.0019342580
-0.0000000000
-0.0000000000
0.0000000000
0.0000000000
-0.0000000000
-0.0000000000
-0.0000000000
-0.0000000000
0.0004897414
-0.0000000000
0.0000000000
0.0000000013
0.0000000000
0.0000000003
0.0000000000
0.0000000000
-0.0000000000
0.0000000000
0.0004578962
0.0000000000
-0.0000000000
-0.0000000000
0.0229045469
0.0000000000
0.0000000000
0.0000000000
0.0000000000
-0.0000000000
0.0000000000
0.0000000000
0.0000000000
-0.0000000000
-0.0000000000
-0.0000000000
-0.0000000000
-0.0000000000
-0.0000000000
0.0000000000
-0.0000000000
-0.0000000000
0.0000000000
0.0026048380
-0.0000000000
-0.0000000000
0.0000000000
0.0000000000
-0.0000000000
0.0000000000
0.0047499873
-0.0000000000
-0.0000000000
0.0000000001
0.0000000000
-0.0000000867
-0.0000005815
-0.0000000002
-0.0009490465
0.0000000000
0.0000000000
-0.0000000000
0.0000000000
0.0000000000
0.0000000000
0.0000000000
-0.0000000000
-0.0000000000
0.0058266581
-0.0010769232
0.0000000000
0.0000000000
-0.0001203519
0.0000527983
-0.0000000384
-0.0000000000
0.0000000000
-0.0000000000
-0.0000000000
-0.0000000000
0.0110165859
-0.0000000000
-0.0000000000
0.0017030241
0.0000703096
0.0000000000
0.0000000000
-0.0000000000
0.0000000000
-0.0000000000
-0.0000000000
-0.0000000000
-0.0000000000
0.0000000004
0.0000000000
-0.0000000000
0.0000000000
0.0000000000
0.0000000000
-0.0000000000
0.0000000000
0.0000000000
-0.0000000000
0.0000000000
0.0000000001
0.0000000000
0.0000000000
-0.0000000000
-0.0000000000
0.0000000000
-0.0000000000
0.0000000000
-0.0000000000
0.0000000000
0.0160203576
-0.0000000000
-0.0000598581
-0.0000000000
-0.0000001710
-0.0000000000
-0.0000000000
0.0000000000
0.0000000000
0.0000000000
-0.0000000000
0.0000000000
-0.0000000000
-0.0000000000
0.0000000000
-0.0000000000
0.0000022849
0.0000000000
-0.0000000000
0.0000000000
0.0011939689
-0.0000000000
-0.0000000000
-0.0000000000
-0.0000000000
-0.0000000000
0.0000000000
0.0000000000
0.0000000000
-0.0000000000
0.0000000000
0.0000000000
0.0000000000
-0.0000000000
0.0000000000
0.0000000000
0.0000000000
-0.0000000000
0.0000000000
-0.0000000000
-0.0000000000
0.0000000000
-0.0000000000
0.0000000000
0.0000000000
-0.0000000000
-0.0000000000
-0.0000000000
-0.0000000000
-0.0000000000
-0.0000000000
0.0000000000
0.0000000007
-0.0000000000
0.0000000000
0.0000000000
-0.0000000000
0.0000000000
0.0000000000
0.0000000000
0.0000001535
-0.0000000000
-0.0000000000
0.0000000000
0.0000000000
-0.0000000000
0.0000000000
0.0000000000
-0.0000000000
-0.0000000000
-0.0000000000
0.0000000000
0.0000000000
0.0000000000
-0.0000000000
-0.0000000000
-0.0000000000
-0.0000000000
-0.0000000000
0.0000000000
0.0000000000
0.0000000000
-0.0000000000
0.0000001171
0.0000000000
-0.0000000000
0.0000000000
-0.0000000000
-0.0000000000
-0.0000000000
0.0000000000
-0.0000000295
0.0000000000
0.0000000000
0.0000000000
-0.0000000000
0.0082536330
0.0000000000
0.0000000000
-0.0000000000
-0.0000000000
0.0062487936
0.0000000000
0.0000000000
0.0000000000
0.0000000000
0.0000000000
0.0000000000
0.0000000000
0.0000000000
0.0000000000
-0.0000000000
-0.0000000000
0.0000000000
-0.0000000000
0.0000000000
0.0000000000
-0.0000000000
-0.0000000000
-0.0000000000
0.0000131369
0.0000000000
-0.0000000000
-0.0000000000
-0.0000000000
-0.0000000000
0.0002516485
0.0000000001
0.0000000000
0.0000000000
-0.0007101982
-0.0000000000
-0.0000000000
0.0000000000
0.0000000002
0.0002192046
-0.0000000000
-0.0001970493
-0.0000000000
-0.0000000000
-0.0000000000
0.0000000000
-0.0000000000
0.0000000000
0.0000000000
-0.0000000000
0.0000000000
0.0000000000
-0.0000000000
-0.0001908322
0.0000003181
0.0000000000
0.0000000000
0.0000000000
0.0004625003
0.0000000000
0.0000000000
0.0000263757
0.0000000000
-0.0000024700
0.0000000000
-0.0000000000
-0.0000000000
-0.0000000000
-0.0000000000
-0.0000000000
0.0000000000
-0.0000000000
0.0000000000
0.0000000000
-0.0000000000
-0.0000000000
0.0790542662
-0.0000000000
-0.0000000000
0.0000000000
0.0000000000
0.0000000000
-0.0000000000
0.0001889929
0.0000000000
0.0000000000
0.0000000000
0.0000000000
0.0000000381
-0.0000000000
0.0721235499
0.0000000000
0.0000000000
0.0000000000
0.0000000000
0.0000000000
0.0000000024
-0.0000000000
-0.0000000000
-0.0000000000
-0.0000000000
0.0000000000
-0.0000000000
0.0209863018
-0.0000090407
-0.0000000000
-0.0040163179
0.0000000000
-0.0000000000
-0.0000000000
-0.0000000113
0.0000000000
0.0000000000
-0.0000000000
0.0000000000
-0.0001678813
-0.0000000000
-0.0000000000
0.0000000000
0.0000000000
0.0000000000
-0.0000000000
0.0000000000
-0.0000000000
-0.0000000000
-0.0000000000
-0.0000000000
0.0000000000
0.0000000016
-0.0000000000
0.0000000000
-0.0000000000
0.0001184675
0.0000000000
-0.0000000000
0.0000129149
0.0000000000
0.0000000002
0.0000000000
0.0097985733
0.0000000000
-0.0000000000
0.0000000000
0.0000000000
0.0000000000
-0.0000000000
-0.0000000000
0.0025856590
0.0059229210
0.0003877741
-0.0000000000
0.0000000018
-0.0000000000
0.0000000000
0.0000009520
-0.0003462471
-0.0000000000
0.0000000000
0.0000000000
0.0032344104
-0.0000000000
0.0000000000
0.0000000000
-0.0000000000
0.0019493815
-0.0000000000
-0.0000000000
-0.0000000000
-0.0000000000
-0.0000000000
-0.0000000000
-0.0000000000
-0.0000000000
-0.0000160761
0.0000000000
0.0000000000
0.0000000000
0.0000000000
0.0009955951
0.0000000000
-0.0000000000
0.0000000000
0.0000000000
-0.0000000000
0.0000000000
-0.0000000000
-0.0000000000
0.0000002636
0.0000000000
0.0000000000
-0.0000000000
0.0000000000
-0.0000000000
0.0000000000
0.0002499798
0.0000000000
0.0000000000
-0.0000000000
0.0000000023
0.0000000000
-0.0000000000
0.0000000000
0.0000000000
0.0000000000
-0.0000000000
0.1216353104
0.0000000000
0.0168551039
-0.0000061999
-0.0000000000
-0.0000000000
-0.0000000000
0.0000000000
-0.0000000000
-0.0000000000
0.0000000483
0.0000000000
-0.0000000000
0.0000000000
0.0000000000
-0.0000000114
-0.0000000000
-0.0000000000
0.0262811426
0.0000000000
0.0000022542
0.0000000000
0.0000000000
0.0000000000
0.0035618823
-0.0000000000
0.0000000000
0.0000000000
-0.0000004073
0.0000000000
-0.0000000000
0.0000000000
0.0000001050
0.0000000007
0.0000000000
-0.0000000000
-0.0000000000
-0.0000000000
0.0000000000
-0.0008392091
-0.0000000000
-0.0000000000
0.0000000000
0.0000000000
-0.0000000000
0.0000000000
0.0000000000
-0.0000000000
0.0002278787
-0.0000000000
-0.0000000000
0.0017490184
-0.0000000000
-0.0000000000
0.0000000000
-0.0000000000
-0.0000000000
0.0000000000
0.0000000000
-0.0000091197
-0.0000000000
-0.0000000000
0.0000000000
0.0000000000
0.0000000000
0.0017573268
-0.0000000000
0.0000000000
-0.0000000000
-0.0000000000
0.0233133882
0.0000000000
0.0000000000
-0.0000000000
-0.0000000000
0.0000000000
-0.0000000000
0.0000000000
0.0000000000
-0.0000000000
0.0002374674
0.0000000000
0.0000000000
0.0000000000
0.0000000000
0.0000000000
0.0002565257
0.0000000000
0.0054105883
-0.0000396001
0.0000000000
0.0029260365
-0.0000000980
-0.0000000000
0.0000000000
-0.0000000000
-0.0000000000
0.0423378795
0.0000000000
-0.0000000000
0.0000000000
0.0000895136
0.0000000000
0.0000000000
-0.0000000000
-0.0000102074
-0.0000000000
0.0000000000
-0.0000000000
-0.0000000000
0.0000000209
0.0000000000
-0.0000000000
0.0000000000
0.0000003645
-0.0000000000
-0.0000000000
-0.0000000000
-0.0000000000
0.0000000000
0.0000000000
0.0000000000
0.0000000000
-0.0000000000
0.0000000000
0.0000000000
0.0000000000
0.0000000000
-0.0000000000
-0.0000000000
-0.0000000000
0.0000000000
-0.0000000000
-0.0000000000
0.1727894694
-0.0000000000
-0.0000000000
0.0000000000
0.0000000000
0.0000000000
0.0091214934
0.0000000000
0.0000000000
-0.0000000000
0.0037868884
-0.0000000000
-0.0000000000
-0.0000000000
0.0000000000
0.0000000448
0.0000000000
-0.0000000000
0.0000000000
-0.0000014098
0.0000000000
0.0000000000
0.0000000000
0.0000000000
0.0000000000
-0.0000000000
-0.0000003140
0.0000000000
0.0000155148
0.0000000000
0.0000000000
0.0000000000
-0.0000000000
-0.0000000000
-0.0000000000
0.0000000000
-0.0000000000
0.1036725864
0.0000000000
0.0000000000
-0.0000000000
0.0000000000
0.0000000000
-0.0000000000
-0.0000000000
0.0000011440
0.0097990148
-0.0000000000
0.0000000000
-0.0000000000
-0.0000020665
0.0000000000
-0.0000000000
-0.0000000000
0.0000000000
-0.0000000638
0.0000000000
-0.0000000000
-0.0000000000
-0.0000000000
0.0000000000
0.0000000000
0.0000000000
0.0000000000
0.0000163029
0.0000000000
-0.0000000000
-0.0000000000
-0.0000000000
0.0000000000
0.0665069148
-0.0000000000
0.0000000000
0.0000000000
-0.0000000000
0.0000861720
0.0000000000
-0.0000000000
-0.0001113717
-0.0000000000
0.0000000041
0.0180515442
-0.0000000000
0.0000000000
-0.0000000000
-0.0000000000
0.0000000000
-0.0000000000
0.0000000000
-0.0013439954
0.0000062715
-0.0003542682
-0.0000000000
-0.0001621998
-0.0000000000
0.0831035823
0.0000000000
-0.0000000000
-0.0000000000
-0.0000000000
-0.0000000000
0.0017520001
0.0000000000
-0.0000000000
0.0000161736
-0.0000000000
0.0000000000
0.0000208858
-0.0000000000
0.0000000000
0.0000000000
0.0000000000
0.0000000000
-0.0000000000
0.0000000000
0.0000000000
-0.0000000000
0.0000000000
0.0000000000
-0.0000000000
-0.0000000000
-0.0000000000
-0.0000000000
0.0000000000
0.0000000000
-0.0000000000
0.0000000000
0.0031279968
0.0000000000
-0.0000000000
0.0000000000
0.0000000000
-0.0000000000
0.0000000000
0.0000000000
0.0000475508
0.0000000000
0.0000000000
0.0000000000
0.0000000000
0.0000000000
0.0000007474
0.0000000000
0.0000297236
0.0000000000
-0.0000000000
-0.0000000000
-0.0000000000
-0.0000000000
0.0000019049
0.0000000000
0.0000000000
0.0000000000
-0.0000000000
0.0000096564
0.0000000000
0.0000000000
0.0000000000
0.0000004272
-0.0000000000
-0.0000000000
-0.0000000000
0.0000000000
0.0004119790
0.0000000000
0.0000000000
0.0000745969
-0.0000000000
0.0000020118
0.0000000000
-0.0000000000
-0.0000000000
-0.0000000000
-0.0000000000
0.0000000040
-0.0000000000
-0.0000000000
0.0000000000
-0.0000000000
0.0000000000
0.0000000000
-0.0000000000
-0.0000000000
0.0000000000
-0.0000000000
0.0000000000
0.0000000000
0.0000000000
0.0000000000
0.0000000000
-0.0000000000
0.0000000000
0.0427627154
-0.0000000000
-0.0000000000
0.0000000000
-0.0000000000
0.0448088460
-0.0000000000
0.0000000000
0.0000000001
0.0000000000
0.0000000002
0.0000000000
0.0000000000
0.0000000000
0.0533099249
0.0000000000
0.0002187010
0.0000000000
0.0000000000
0.0000000000
0.0000000000
0.0000000000
-0.0000000000
-0.0000022785
0.0000000000
-0.0000000000
-0.0000000000
0.0085060662
-0.0000000000
0.0000000000
-0.0000000004
-0.0000000000
0.0000000758
0.0016194193
-0.0000000000
-0.0000000000
-0.0000000000
0.0991361067
0.0000000000
-0.0000000000
0.0000000000
0.0000000000
0.1149624959
0.0000001072
-0.0000000000
0.0000000000
-0.0000000000
0.0000000000
-0.0000000000
-0.0000000000
0.0000000000
0.0000000000
-0.0000000000
-0.0000000000
-0.0000000000
-0.0000000000
-0.0000000000
-0.0000000000
0.0000000000
-0.0000000000
0.0000000000
0.0000000000
0.0000000000
0.0000000000
-0.0000000000
0.0000000000
0.0000000000
0.0000438471
-0.0000000000
0.0000000259
-0.0000000000
0.0000000000
0.0306400005
-0.0000000004
0.0000000000
0.0000000000
0.0000000000
0.0000000000
-0.0000000000
-0.0000000000
0.0000000008
-0.0000000000
0.0000037495
0.0000000000
-0.0000000000
0.0000000000
-0.0000000000
0.0010580787
-0.0000000000
-0.0000000000
-0.0000000000
-0.0000000171
0.0000000000
-0.0000000000
0.0000000000
-0.0000000000
0.0000000000
0.0000000000
-0.0000000006
0.0000042405
0.0000000007
0.0000050344
0.0000000000
0.0000000720
0.0000001885
0.0000000533
-0.0000000000
0.0000011530
0.0282531288
0.0000000000
-0.0000000000
0.0000000000
-0.0000000000
-0.0000000000
0.0000000000
0.0000000000
0.0000000000
0.0000000000
0.0000000000
-0.0000000000
0.0000000000
0.0000000000
-0.0000000000
-0.0000000000
-0.0000000000
-0.0000000000
-0.0000000000
0.0000000000
0.0000000000
0.0000000000
0.0078090718
0.0000000000
0.0000000000
-0.0000000000
-0.0000000000
0.0000000000
0.0000011940
0.0000252076
-0.0000000000
0.0000000000
0.0000000005
0.0000000008
0.0000087993
0.0000001258
0.0000000000
-0.0000000000
0.0000000000
-0.0000000000
-0.0000000000
0.0000000000
0.0000000000
-0.0000000000
0.0000000000
-0.0000000000
0.0000000000
0.0000000000
0.0000021619
-0.0000000000
0.0000000000
0.0000000000
-0.0000000008
0.0000000000
-0.0000000000
-0.0000000000
0.0013171284
0.0496865921
0.0342633240
0.0000000798
0.0000000000
-0.0000000000
0.0000000000
0.0000000000
-0.0000000000
0.0000000000
-0.0000000000
-0.0000000000
0.0000000000
-0.0000000000
-0.0000000000
0.0000000000
-0.0000000000
-0.0000000000
0.0000000000
0.0000000000
-0.0000000000
-0.0000000000
-0.0000000000
0.0000000000
0.0000000000
-0.0000000000
-0.0000000000
0.0000000000
-0.0000000000
0.0000000000
-0.0000000000
0.0000000000
0.0000000000
0.0000000035
-0.0000000000
-0.0000000000
-0.0000000000
-0.0000000000
0.0000529409
0.0000000000
-0.0000000000
-0.0000000000
0.0150456931
-0.0000000000
0.0000000000
0.0000000000
-0.0000000000
0.0000000000
-0.0003121722
0.0000000000
0.0000000000
-0.0000006769
0.0001899188
-0.0000000000
0.0000000000
-0.0000000000
0.0000000000
-0.0000000000
-0.0000002162
-0.0000000000
0.0000000000
0.0000000000
-0.0000000000
0.0000000000
-0.0000000000
0.0000000000
-0.0000000000
0.0000000000
-0.0000000000
0.0000000000
0.0000000009
0.0000000000
0.0000000021
0.0000000138
0.0000000000
0.0000000000
-0.0000000000
-0.0000000000
-0.0000000000
-0.0000000000
0.0000000000
0.0000000000
0.0000000000
-0.0000000000
-0.0000000000
-0.0000000000
0.0000000000
0.0000000000
-0.0000000000
0.0000000000
0.0000000000
-0.0000000000
-0.0000000000
-0.0000000000
0.0001122928
-0.0000000000
-0.0000000000
0.0000000000
0.0000000000
0.0000000000
-0.0000000000
-0.0000000000
0.0000000000
-0.0000002375
0.0000000000
0.0000000000
-0.0000000000
-0.0000000000
-0.0000000000
-0.0000000000
0.0004269181
-0.0000000000
-0.0000000000
0.0000000000
-0.0000000000
0.0000000017
0.0000000000
0.0003255896
0.0000000000
-0.0000000000
0.0002783128
0.0678814575
0.0000000000
0.0000020386
-0.0084467800
0.0000000000
0.0000002297
-0.0000000000
-0.0000000000
0.0000000000
-0.0000000000
-0.0000000000
0.0000000000
-0.0000000000
0.0000000000
0.0000000000
-0.0000000000
0.0000000000
0.0000000000
0.0000000000
-0.0000000000
0.0000000000
-0.0000000000
0.0000000000
-0.0000000000
-0.0000000000
0.0000000000
0.0000000000
-0.0000000000
-0.0000000000
0.0000000000
-0.0000000000
-0.0000000000
0.0000000000
-0.0000000000
0.0000000000
-0.0000000000
0.0000000074
0.1430380344
-0.0000000000
-0.0000000000
-0.0000000000
0.0000103698
-0.0000000000
0.0925680250
0.0000000000
0.0000000000
-0.0000000000
-0.0000000000
0.0000000000
0.0001775386
0.0000000000
-0.0000000000
0.0000032484
0.0000000000
0.0000000000
0.0037229783
-0.0000000000
0.0000000000
0.0054529617
-0.0000000000
0.0000000000
-0.0000000000
0.0000000000
-0.0000000000
0.0011060162
-0.0000000000
0.0000000000
0.0000000000
0.0882529691
-0.0000000000
-0.0000000000
0.0000000000
0.0000000000
0.0000000000
0.1068269610
0.0000000000
0.0000000000
-0.0000000000
-0.0000000000
0.0000000000
0.0000000000
0.0000000000
0.0000000000
-0.0000000000
0.0000000000
-0.0000000000
0.0000000000
-0.0000000000
0.0000000000
-0.0000000000
0.0000000000
-0.0000000000
-0.0000000000
0.0000000000
-0.0000000000
0.0000000000
-0.0000000000
0.0000000000
-0.0000000000
0.0000000000
0.0000139838
-0.0000000000
0.1177983060
0.0000000000
0.0000000000
-0.0000000000
0.0000000000
0.0000960074
-0.0000000000
-0.0000000000
-0.0000000000
0.0000000002
-0.0000000000
0.0000000000
0.0000000000
0.0255457722
0.0719062537
0.0000000000
-0.0000000000
-0.0000000000
0.0000000000
-0.0000000099
-0.0000000000
-0.0000000000
0.0002020252
0.0000000000
0.0000000000
-0.0000000000
0.0000000000
-0.0000000000
0.0000000000
0.0000000009
-0.0000000000
0.0000203311
-0.0000000000
0.0000000000
0.0000000000
0.0000000000
-0.0000000000
-0.0000000000
-0.0000000000
0.0000000000
0.0043405215
0.0000022802
-0.0000000000
-0.0000000000
0.0000000000
-0.0000000000
-0.0000000000
0.0000000000
-0.0000000000
-0.0000000000
0.0001440008
0.0000000018
-0.0000000000
-0.0000000000
0.0000000000
0.0000000000
0.0000000000
-0.0000000000
-0.0000000000
0.0000000000
-0.0000000000
0.0000000000
0.0000000000
0.0000000000
-0.0000000000
0.0000000000
0.0000000000
-0.0000000000
-0.0000000000
0.0235270113
0.0000000000
0.0000000000
0.0000000000
-0.0000000000
0.0000000000
-0.0000000000
0.0000000000
0.0000000000
-0.0000000000
0.0000000000
-0.0000000000
0.0440638773
0.0000000000
0.0000000000
0.0000000000
-0.0000000301
0.0000000000
0.0000000000
-0.0000000000
0.0000000000
0.0000000000
0.0000001952
-0.0007935145
0.0000000000
0.0000000000
0.0109659182
0.0000002309
0.0000039487
0.0000000003
0.0092884339
0.0847550109
-0.0000000000
0.0000000000
0.0000000000
0.1481874734
-0.0000000000
0.0000000000
-0.0000000000
-0.0000000000
0.0000000000
-0.0000000000
0.0000000000
-0.0000000000
0.0000000000
0.0000000000
0.0000003066
-0.0000000000
0.0000000000
0.0000000000
-0.0000000000
-0.0000000000
0.0000000000
0.0000000000
-0.0000000000
0.0000000000
0.0011064599
0.0943431407
-0.0000000000
0.0000000000
0.0000000000
-0.0000000000
-0.0000000000
0.0000000000
0.0000000000
-0.0000000364
0.0000000000
-0.0000000000
0.0000000000
-0.0000000000
0.0183206555
0.0000001167
0.0000000000
0.0000160381
0.0000000001
-0.0000000000
-0.0000000000
-0.0000000000
-0.0000000000
0.0016079982
-0.0000000000
0.0000000000
0.0000000000
0.0000000000
0.0000002599
0.0000000000
0.0000000000
0.0000000000
0.0000000000
-0.0029812632
-0.0000000000
0.0000095328
-0.0000000000
0.0000000633
0.0000000000
-0.0000000000
0.0000000000
0.0000000000
0.0000000000
-0.0000000000
0.0000000000
0.0000000000
0.0000001784
0.0000000000
0.0000000000
-0.0000000000
0.0000000000
-0.0000000000
-0.0000000000
0.0000000000
-0.0000000000
0.0000000000
-0.0000000000
-0.0000000000
0.0000000000
0.0000000000
-0.0000000000
0.0000000000
0.0000000000
0.0000000000
-0.0000000000
-0.0000000000
0.0009489093
0.0000000000
-0.0000000000
-0.0000000000
0.0000000000
0.0000000000
0.0014329940
0.0000000000
-0.0000000000
-0.0000000000
-0.0000000000
0.0019364940
0.0701267198
-0.0000000000
-0.0000000000
-0.0000000000
0.0891637877
0.0000816632
0.0000000000
0.0000000000
-0.0000000000
0.0000000000
-0.0000000000
-0.0000000000
0.0000000000
0.0000000000
-0.0000000000
0.0000036301
-0.0000000000
-0.0000000000
-0.0064232997
-0.0000000000
0.0018264969
-0.0000000000
0.0000151189
0.1417701691
0.0000000000
0.0000569106
0.0693358630
0.0000000000
-0.0000000000
0.0000000000
-0.0000000000
0.0000556108
0.0000000000
0.0000000000
-0.0000000000
-0.0000000000
-0.0000000000
-0.0000000000
0.0000000000
-0.0000000000
-0.0000000000
-0.0000000000
-0.0000000000
0.0000000000
-0.0000000000
0.0000000000
-0.0000000000
0.0000046125
0.0236569606
0.0000000000
0.0000000000
0.0000000000
-0.0000000000
0.0000000000
0.1428194493
0.0000000000
0.0058839386
0.1079920307
0.0000000000
-0.0000000000
-0.0000000000
-0.0000000000
-0.0000000000
0.0000000000
0.0000000001
-0.0000000000
-0.0000000000
0.0000263084
0.0000000000
0.0000000000
0.0116782179
0.0000000000
0.0000000002
0.0000000000
-0.0010152929
-0.0000000000
0.0489682294
0.0000006751
0.0000003000
0.0000000000
-0.0000000000
0.0614280365
0.0000000000
0.0006221797
0.0000000000
0.0000000000
0.0000000000
-0.0000000000
0.0000210735
0.0000000000
0.0000000000
-0.0000000000
-0.0000000000
-0.0000000000
-0.0000000000
0.0000000000
0.0000000000
-0.0000000000
-0.0000000000
-0.0000000000
-0.0000000000
0.0000000000
0.0000000000
0.0000000000
-0.0000000000
-0.0000000000
0.0000000000
-0.0000000000
0.0000000000
0.0000000000
0.0000000000
-0.0000000000
0.0000000000
0.0144857168
0.0000000000
-0.0000000000
0.0153823178
-0.0000000000
0.0000000000
-0.0000000000
-0.0000000000
-0.0000000000
0.0000000000
-0.0000000000
0.0014821708
0.0000000000
0.0000001339
0.0000000000
0.0000000000
-0.0000000000
0.0000000001
0.0000000000
-0.0000000000
0.0000000000
-0.0000000000
0.0127184941
0.0000000000
0.0000000000
-0.0000000000
0.0000000000
0.0000333898
-0.0000000000
0.0001689483
0.0000000000
0.0000000000
-0.0000000000
0.0000094494
0.0122548463
0.0000000000
0.0000000000
0.0000000000
0.0000000000
0.0000000000
0.0000000003
0.0001447210
0.0000000000
-0.0000000000
0.0000000000
0.0000108922
-0.0000000000
0.0000000000
0.0000000000
0.0000000000
0.0000000000
0.0000000000
0.0000000000
0.0000000000
-0.0000000000
0.0000000000
0.0000000000
0.0000000000
0.0000000000
0.0000000000
0.0000000000
0.0000000000
0.0000000000
0.0008719959
0.0006177266
0.0000000000
0.0000000000
-0.0000000000
-0.0000000000
0.0000000000
0.0000000000
-0.0000000000
0.0000000000
0.0286282245
-0.0000000000
0.0000000000
0.0000000466
0.0000000000
0.0000000000
-0.0000000000
-0.0000000000
-0.0000000000
0.0567560568
-0.0000000000
0.0000000000
-0.0000000000
0.0000271851
0.0000000000
0.0000000000
-0.0000000000
-0.0000000000
0.0000000000
0.0000000000
0.0000000000
0.0000000000
-0.0000000000
0.0000000000
-0.0000000000
0.0000000000
-0.0000000000
0.0000000000
0.0994329751
0.0000790383
0.0000000000
0.0000000000
-0.0000000000
-0.0000000000
0.0000000175
0.0000000000
-0.0000000000
0.0000000000
0.0000000000
0.0046896054
0.0000000068
0.0000000000
-0.0000000000
0.0000000056
0.0000027133
-0.0000000000
-0.0000000000
-0.0000000000
-0.0000000000
0.0000000000
0.0000025926
0.0000000000
-0.0000000000
0.0000000000
0.0000000003
-0.0000000000
0.0000000000
0.0034506402
-0.0000000000
-0.0000000000
-0.0000000000
0.0310706589
0.0000000000
-0.0000000000
0.0492628627
0.0000000000
0.0000000000
0.0000000000
0.0292314924
-0.0000000000
0.0000000000
0.0000000000
0.0000000000
0.0000000000
-0.0000000000
-0.0000000000
0.0000835458
0.0000003508
-0.0000000907
0.0000000000
0.0000000000
0.0000000000
-0.0000000000
0.0000000000
0.0000000000
-0.0000000000
0.0000000386
-0.0000000000
-0.0000000000
-0.0000000001
-0.0000000000
0.0000000000
-0.0000000000
0.0000001166
0.0000000000
0.0017773105
0.0005901487
0.0000000000
0.1046319082
0.0000000000
-0.0000000000
-0.0000000000
-0.0000000000
0.0000000000
-0.0000000000
0.0000000000
0.0000000000
-0.0000000000
0.0000000000
-0.0000000000
-0.0000000000
0.0000000000
-0.0000000000
-0.0000000000
-0.0000000000
-0.0000000000
0.0090790028
-0.0000000000
0.0000000000
-0.0000000000
-0.0000000000
0.0000107438
0.0000000000
-0.0000000000
0.0000000000
-0.0000000000
-0.0000000000
0.0000000000
0.0000000000
0.0000000000
-0.0000000000
0.0024554182
0.0000000000
0.0000000000
-0.0000000000
-0.0000000000
-0.0000000000
-0.0000000000
0.0000000000
-0.0000000000
-0.0000000000
0.0000756966
0.0000000000
0.0000000000
0.0000000000
0.0000000000
0.0000000000
0.0000000000
-0.0000000001
-0.0000000000
0.0916026458
-0.0000000000
0.0271616038
0.0000000000
0.0000000000
-0.0000000000
0.0000000000
0.0645331964
0.0023853544
0.0000000000
0.1130734533
0.0033007087
0.0000000000
-0.0000000000
-0.0000000000
-0.0000000000
0.0000000000
0.0000000000
-0.0000000000
0.0000000000
0.0000000000
0.0000000000
0.0000000000
0.0000000000
0.0000000000
0.0000000000
-0.0000000000
0.0000000000
0.0000000000
0.0002055744
-0.0000000000
-0.0000000000
-0.0000000000
0.0000000000
0.0000000000
-0.0000000000
0.0009270941
0.0000000000
0.0000000000
0.0448441319
0.0000000000
0.0000000000
0.0000000000
-0.0000000027
0.0000000000
0.0000000000
0.0000000000
0.0000000000
-0.0000000000
0.0008008668
0.0000000000
0.0000000000
-0.0000000000
0.0000000000
0.0000000000
0.0000000030
0.0000012292
-0.0000000000
0.0000000000
0.0000000000
-0.0000000000
0.0000000000
-0.0000000000
0.0000000000
0.0000000000
0.0000000000
-0.0000000000
0.0000000000
0.0000959955
-0.0000000000
0.0000000000
0.0000000000
0.0000000000
-0.0000000000
0.0123183327
0.0156497229
-0.0000000000
0.0000000000
0.0000000000
0.1121099219
0.0000000000
-0.0000000000
-0.0000000000
0.0036855533
0.0000000000
-0.0000000000
-0.0000000000
0.0000195596
0.0000000000
0.0000000000
-0.0000000000
0.1072898954
-0.0000000000
-0.0000000000
0.0000004393
0.0032554315
0.0000000000
0.0000000000
0.0000000000
0.0000000000
0.0006236897
0.0004737825
0.0000000000
0.0000000000
0.0000000000
-0.0000000000
0.0000000000
-0.0000000000
-0.0000000000
0.0000000000
0.0006654668
-0.0000000000
0.0000150666
0.0000000000
0.0001617036
-0.0000000437
0.0000000000
-0.0000000000
0.0000000000
-0.0000000000
0.0000000000
0.0000000134
-0.0000000000
-0.0000000000
-0.0000000000
0.0000000000
0.0000000000
0.0163355581
-0.0000000000
-0.0000000000
-0.0000000000
-0.0000000000
0.0000000000
0.0000000000
-0.0000000000
0.0000005262
0.0001360792
-0.0000000000
-0.0000000000
-0.0000000000
0.0000753400
0.0000000000
-0.0000000000
0.0000000000
-0.0000000000
-0.0000000000
0.0000000000
0.0000000000
0.0000000000
0.0193468779
-0.0000000000
0.0003585358
-0.0000000000
-0.0000000000
0.0220560897
-0.0000000000
0.0000000000
0.0000000000
-0.0000000000
-0.0000000000
0.0000238236
0.0000000000
0.0000000000
0.0000000005
0.0595534407
0.0000000000
0.0000000000
0.0000000000
0.0000000000
-0.0000000000
-0.0000000000
0.0000000000
0.0000000000
-0.0000003176
0.0000000000
0.0000000000
0.0000000000
0.0000000000
0.0000000000
0.0106890015
0.0000002547
0.0000000000
0.0028894667
0.0017572920
-0.0000114305
0.0000000000
-0.0000000000
0.0000000000
0.0000000000
0.0012245612
-0.0000000000
0.0000022204
0.0000000000
-0.0000000000
0.0000000000
0.0000000000
0.0000000000
-0.0000000000
0.0518884100
-0.0000000000
-0.0000000000
-0.0000000000
-0.0000000000
0.0047664633
-0.0000000000
-0.0000000000
0.0000014834
-0.0000256636
0.0000000000
0.0000068818
0.0075567821
-0.0000000000
-0.0000000000
-0.0000000000
-0.0000000000
-0.0000000000
0.0000000000
0.0000000000
0.0000000000
0.0000000000
-0.0000000000
-0.0000000000
0.0000000000
0.0000000000
0.0000000000
0.0000000000
-0.0000000000
0.0000000018
-0.0000000000
0.0000000000
0.0000000000
0.0000000000
-0.0000000000
0.0000000000
0.0000000000
-0.0000000000
0.0020517563
-0.0000000000
0.0000000000
0.0000000000
-0.0000000000
0.0000000000
0.0000000000
0.0000000000
-0.0000000000
-0.0000000000
-0.0000000006
0.0000000000
-0.0000000000
-0.0005925968
-0.0000000000
0.0000000000
-0.0000000000
-0.0000000000
0.0000000000
0.0000000000
0.0000000001
-0.0000000000
0.0000000000
0.0000000000
0.0000051731
0.0000000000
0.0000000385
-0.0000000000
0.0000000081
-0.0000000000
0.0012476179
0.0121212192
0.0000000000
0.0021812767
0.0000000000
0.0000000312
-0.0000000000
0.0000001771
0.0000000000
-0.0000000000
0.0000000000
-0.0000000000
-0.0000000000
0.0000000000
0.0000000000
0.0035720309
0.0008469395
-0.0000000000
0.0000000000
0.0725166872
-0.0000000000
-0.0000000000
0.0846815184
-0.0000000000
0.0247139968
0.0354998037
0.0297426991
0.0000000000
0.0000000000
0.0000000000
0.0000000000
-0.0000000000
-0.0000000000
-0.0000000000
-0.0000000000
0.0000000019
0.0000000252
0.0000000000
-0.0000000000
0.0691028610
-0.0000000000
-0.0000000000
0.0000002097
0.0001995714
-0.0000000000
-0.0000000000
0.0000000001
0.0000000000
0.0000000000
0.0000000000
-0.0000000000
-0.0000000000
-0.0000000000
-0.0000000003
-0.0000000000
0.0000000000
0.0560537465
0.0000000000
-0.0000000000
0.0000000000
0.0000000000
0.0000000000
-0.0000000000
0.0000000000
-0.0000000000
0.0000000000
0.0000000000
0.0000000004
0.0000000000
0.0417908616
0.0065243705
-0.0000000000
-0.0000000000
0.1036991626
-0.0000000000
0.0000000000
-0.0009709990
0.0000000000
-0.0000000000
0.0000004343
0.0000000000
-0.0000000000
0.0042997748
-0.0000000000
0.0000000000
-0.0000000000
0.0000003047
0.0938794613
0.0000000000
0.0000000000
0.0000000048
-0.0000000000
0.0000000000
-0.0000000000
-0.0000000035
-0.0000000000
0.0000000000
-0.0000000000
0.0005471988
-0.0000000000
0.0000000000
0.0034869656
-0.0000000000
0.0000000000
0.0000000000
0.0000000000
0.0000000000
-0.0000025287
0.0000092463
0.0000000000
0.0000000000
0.0000000000
0.0000000000
0.0000000000
0.0000000000
0.0001614116
0.0000000000
0.0103892321
0.0000000000
0.0000000000
0.0486087315
0.0000000000
0.0000000001
0.0000000000
0.0000000000
-0.0000000000
-0.0000000000
-0.0002315725
0.0000000000
0.0000000000
0.0000000000
0.1438216269
-0.0000000000
0.0724681914
0.0849022046
-0.0000000000
-0.0000000000
-0.0000000000
0.0000000000
-0.0000000000
0.0027886818
0.0000006496
0.0000000012
0.0000000000
-0.0000000000
-0.0000000000
0.0000000000
0.0000000000
-0.0000000000
0.0000000000
0.0000000000
0.0000000000
0.0000000000
0.0000000000
0.0000000008
-0.0000000000
-0.0000000000
-0.0000000000
-0.0000000000
0.0000000000
-0.0000000000
0.0000000000
0.0000000000
-0.0000000000
-0.0000000000
0.0000000000
0.0000000364
0.0000000000
-0.0000000000
-0.0000000000
0.0000000000
0.0000000000
-0.0000000000
0.0000000000
-0.0000000000
0.0000000000
0.0032884355
0.0000000013
0.0000000000
0.0000000000
-0.0000000000
0.0000000000
0.0000000000
0.0000000000
-0.0000000000
0.0003347146
0.0000000000
0.0085911313
-0.0000000000
0.0000000000
0.0000000000
-0.0000000354
0.0000000000
-0.0000000000
-0.0000000000
-0.0000000000
0.0000000000
0.0000000000
0.0000000000
0.0002339836
0.0011561434
0.0000000000
-0.0000000000
0.0125240963
0.0000001916
0.0000000000
0.0000000000
0.0000000000
0.0000175972
0.0000000000
-0.0000000000
-0.0000000000
0.0000000000
0.0000000000
-0.0000000000
0.0788093582
0.0000000000
-0.0000000000
-0.0000000000
0.0000000000
-0.0000000000
-0.0000000000
-0.0000000000
0.0000000000
-0.0000000000
-0.0000000000
-0.0000000000
0.0000000000
0.0000000000
-0.0000088488
0.0000000000
0.0000000000
0.0000064296
0.0000000001
0.0000000000
-0.0000000000
-0.0000927927
0.0000000000
-0.0000000000
0.0000000012
-0.0000000000
0.0000000589
0.0084132105
-0.0000000000
-0.0000000000
0.0000000000
-0.0000000000
-0.0000000000
0.0000000000
0.0135951191
0.0000000000
0.0000000000
0.0000000000
-0.0000000000
0.0000000000
0.0000000000
-0.0000000000
0.0000000000
0.0000000000
-0.0000000000
0.0000000000
0.0000160481
0.0000000163
0.0000000000
-0.0000000000
0.0003376267
-0.0000000000
0.0000000000
0.0259119011
-0.0000000000
0.0651278123
-0.0000000000
0.0001633200
0.0000000000
0.0000000000
0.0027642967
-0.0000000000
0.0000000000
0.0000000000
-0.0000000000
-0.0000000000
0.0000000000
0.0173979737
-0.0000000000
0.0000000000
0.0000000000
0.0000000000
0.0000000002
0.0000000000
0.0000000000
0.0000154259
-0.0000000000
0.0026531960
0.0000000000
0.0000000000
0.0000000000
0.0000000000
-0.0000000000
0.0330864824
0.0000000000
-0.0000000000
-0.0000000020
-0.0000000000
-0.0000000000
-0.0000000000
0.0000000000
-0.0000000000
0.0000000000
-0.0000000000
-0.0000000000
-0.0000000068
-0.0000000000
-0.0000000000
-0.0000000000
0.0000000000
-0.0000000000
-0.0000000000
0.0000000000
0.0000000000
-0.0000000000
-0.0000000000
-0.0000000000
-0.0000000006
-0.0000000000
0.0000000000
-0.0000000000
-0.0000000000
0.0031095748
0.0000000000
0.0024827076
0.0862484574
0.0000000000
0.0000000000
0.1494891942
0.0000000000
0.0653623790
0.0048574614
0.0000000000
0.0000000000
0.0203456488
0.0000000000
0.0000000000
0.0000000000
0.0000000000
0.0000000000
-0.0000000000
0.0000000000
0.0000000000
-0.0000000000
-0.0000000000
-0.0000000000
0.0000000000
0.0027468405
0.0000000000
-0.0000000000
-0.0000000000
0.0000003727
-0.0000000000
-0.0000000000
-0.0000000000
-0.0000000000
-0.0000000000
0.0465237349
-0.0000000000
-0.0000000000
0.0000000000
-0.0000000000
0.0000000000
0.0000000008
0.0000000000
0.0000000000
0.0000000000
-0.0000081591
0.0000000000
0.0000000000
-0.0000000000
-0.0000000000
-0.0000000000
0.0000000000
0.0000000000
-0.0000000000
0.0010685009
0.0000000000
-0.0000000000
-0.0000000053
0.0000000457
0.0000000000
-0.0000000000
0.0000000000
0.0000000002
0.0000000000
-0.0000000000
-0.0000000000
0.0000000000
-0.0000000000
-0.0000000000
0.0000038443
0.0000000000
-0.0000000000
0.0000050937
-0.0000000000
0.0457001179
0.0000000000
0.0000000000
-0.0000000000
0.0469180457
-0.0000000000
0.0000000000
0.0000673330
0.0000000109
0.0000000000
0.0605481230
0.0000000000
-0.0000000000
0.0908832848
-0.0000000000
0.0000002865
0.0000000001
0.0563633777
0.0000000000
0.0441335514
-0.0000000000
0.0041662832
-0.0000000000
0.0000000000
0.0000423834
0.0000000000
0.0001230738
-0.0000000000
0.0000839706
0.0000000000
-0.0000000000
-0.0000000000
-0.0000000000
-0.0000000000
0.0000000000
0.0000000000
0.0000000000
0.0000000000
0.0000000000
-0.0000000000
-0.0000000000
-0.0000747608
0.0000000000
-0.0000000000
0.0000000000
0.0000000000
0.0000000000
0.0000000000
-0.0000000000
-0.0000000000
0.0000000000
0.0000000000
0.0000000000
0.0000000000
0.0000000000
-0.0000000000
-0.0000000000
-0.0000000000
-0.0000000000
0.0000000000
0.0000000000
-0.0000000000
0.0000000000
0.0665696412
-0.0000000000
0.0000000000
0.0000000000
0.1353832483
0.0000114312
-0.0000000000
0.0000000000
0.0336708203
-0.0000000000
-0.0000000000
0.0000000000
0.0000000000
0.0160019938
0.0000000000
0.0000000000
-0.0000000000
0.0000000000
-0.0000000000
0.0178083703
0.0165942702
0.0000000000
-0.0005390343
-0.0000000000
0.0000602540
-0.0000000000
0.0250193104
0.0000027300
0.0000002183
-0.0000000000
0.0000000153
0.0083865030
-0.0000000000
0.0000000000
0.0000000000
0.0000000317
-0.0000000000
-0.0000000000
0.0000000000
-0.0000000000
0.0000000000
-0.0000000000
0.0000000000
0.0000000002
0.0000146015
-0.0000000000
0.0000000000
0.0226090103
0.0000000000
0.0000006822
0.0000000000
0.0000000000
-0.0000000000
-0.0000000000
0.0000000000
0.0000000000
0.0454774685
-0.0000000000
-0.0000000000
-0.0000000000
0.0000000000
0.0000000000
0.0000000000
0.0000000000
0.0122212498
0.0000000000
0.0006511487
0.0000000000
-0.0000000000
0.0000000000
0.0000000000
-0.0000000000
-0.0000000000
-0.0000000000
0.0000000000
-0.0000000000
0.0000000001
-0.0000000000
0.0028118871
-0.0000000000
-0.0000000000
0.0000770045
-0.0000000000
0.0010931157
0.0000000000
-0.0000000000
-0.0000000000
0.0000000000
0.0026573318
-0.0000000000
-0.0001919592
-0.0000000000
0.0000000000
0.0000001234
0.0000000000
0.0000000862
-0.0000000000
0.0000000000
0.0001697895
0.0000000932
-0.0000000000
0.0000000000
-0.0000000000
0.0000000000
0.0000000000
0.0000000000
0.0000000006
0.0000000000
0.0000000000
-0.0000000000
0.0000000000
0.0000000000
-0.0000000000
-0.0000041762
0.0000000000
0.0000000000
0.0000000000
0.0000000000
0.0000000000
0.0000000000
-0.0000000000
0.0000000000
-0.0000000000
0.0000000000
0.0000000000
0.0000000000
0.0000000000
-0.0000000000
0.0000152934
-0.0000000000
0.0000000000
0.0001592533
-0.0000000000
-0.0000000000
-0.0000000000
0.0000000000
0.0000000000
-0.0000000000
0.0000000000
0.0000143337
-0.0000000000
-0.0000000000
-0.0000000000
0.0000000000
0.0000042625
0.0000000000
-0.0000000000
0.0076891258
0.0006654381
0.0000000000
-0.0000000000
0.0000000000
-0.0000000000
0.0000000000
0.0000000022
-0.0000000000
-0.0000022527
-0.0000000000
-0.0000000000
0.0000000000
0.0017867058
0.0000000000
0.0000066309
-0.0000283395
0.0000000000
-0.0008327600
-0.0000000000
-0.0000000000
-0.0000000001
0.0000000000
-0.0006922674
0.0000000000
0.0001127451
-0.0000000000
-0.0000000018
0.0000000000
-0.0000000000
0.0000000337
-0.0000000000
-0.0000000000
0.0000000000
0.0102047715
0.0000000000
0.0000000000
0.0000000000
0.0000000000
-0.0000000000
0.0000000000
0.0000000000
-0.0000000002
0.0000007689
-0.0000000000
-0.0000000000
0.0460061841
0.0000000000
0.1169171110
0.0009086119
-0.0000000000
-0.0000000000
0.0000000000
0.0000000000
0.0000040107
-0.0000000000
0.0012513262
0.0000000000
0.0000000000
0.0000000000
0.0000000000
-0.0000000000
-0.0000000000
-0.0000000000
0.0000000000
0.0070113721
0.0000000000
-0.0000000000
0.0002964018
0.0000000988
-0.0000000000
0.0019167808
-0.0000000000
-0.0000000000
-0.0000000000
0.0000000000
-0.0000000000
-0.0000000000
-0.0000000000
-0.0000000000
0.0000000000
-0.0000000000
-0.0000000000
-0.0000000000
0.0000000000
-0.0000154905
-0.0001137103
0.0000168709
0.0000000000
-0.0085133212
0.0000000000
0.0000000000
-0.0000000000
0.0000000000
-0.0000000000
-0.0000000073
0.0032717928
-0.0000000000
0.0000000000
0.0000000000
0.0000000000
0.0000000000
0.0000000000
-0.0000000000
0.0000000000
-0.0000000000
0.0022669253
0.0000000000
-0.0000000000
-0.0000000000
0.0000000000
0.0000000000
0.0447361693
-0.0000000000
-0.0000000000
0.0597111396
-0.0000000000
0.0000000000
-0.0000000000
-0.0000000000
0.0000000000
-0.0000000000
0.0000000000
0.0000000000
-0.0000000000
0.0000000000
-0.0000136173
0.0000000058
0.0000000000
-0.0000066538
-0.0000000000
0.0000000000
-0.0000000000
-0.0000000000
-0.0000000000
-0.0000000000
0.0046148305
-0.0000000000
0.0000597185
0.0000001664
-0.0000000000
0.0000000000
-0.0013529928
0.0000000000
0.0000000000
0.0000000000
0.0000000000
0.0085728327
0.0000000000
0.0000000000
0.0000000000
0.0002032984
-0.0026806907
-0.0000000308
-0.0000000000
-0.0001210264
0.0000000000
0.0000000000
0.0000000213
-0.0000000000
-0.0000000000
-0.0000000000
-0.0000000001
0.0000000000
-0.0000000000
0.0000000000
0.0000000000
0.0662632436
0.0060307328
0.0000000000
0.0000000000
0.0000000000
-0.0000000000
0.0011496514
0.0000000000
-0.0000000000
-0.0000000000
-0.0000000001
0.0000000000
0.0529492386
0.0000000000
0.0000000017
0.0000000000
0.0000000000
0.0000000000
-0.0000002991
-0.0000000000
-0.0000000000
0.0002864192
-0.0000000022
0.0139588863
0.0000000000
0.0000000000
-0.0000000000
0.0000000000
0.0000000000
-0.0000000000
0.0000000000
0.0000000000
0.0000000000
-0.0000000000
0.0000000000
0.0000000000
-0.0000000000
0.0000000000
-0.0000000000
0.0000000024
0.0000000000
0.0000000000
-0.0000000000
0.0000000000
0.0000000000
0.0000000000
0.0000000000
0.0182965137
0.0000000000
0.0000000000
0.0000000000
0.0000000000
0.0000000000
-0.0000000000
-0.0000000000
0.0000000000
-0.0000000000
-0.0000000000
0.0065010795
0.0000000000
0.0083291484
-0.0000000000
0.0000000000
-0.0000000000
0.0000001562
-0.0000000000
0.0000846985
0.0000000000
0.0000000000
0.0000000000
-0.0000000000
0.0000000000
-0.0000000000
0.0000000000
0.0000000000
0.0023568175
-0.0000000000
0.0000000000
0.0000000002
0.0000000000
-0.0000000000
0.0000000000
0.0000000000
0.0000000000
0.0004308659
0.0000000000
-0.0000000000
-0.0000000001
-0.0000000303
-0.0000000000
-0.0000000000
0.0000000000
-0.0000000000
-0.0000000000
0.0000000000
0.0000000771
-0.0000000000
0.0000000000
-0.0000050322
-0.0000000000
0.0000000000
0.0000000000
-0.0000000000
-0.0000493800
-0.0000000000
0.0152199529
0.0000000000
-0.0000000000
0.0000167615
0.0000046403
0.0000000000
-0.0000003145
0.0016670061
-0.0000000000
-0.0000000000
0.0000000526
0.0000000000
-0.0000000000
0.0000000000
0.0000000000
0.0000000000
-0.0000000000
-0.0000000000
0.0000000000
0.0000014894
-0.0000000000
0.0000000000
0.0000159574
0.0000000000
-0.0000045131
0.0001782554
-0.0000000000
0.0000001919
-0.0000000000
-0.0000000000
0.0491633266
-0.0000000000
-0.0000000000
-0.0000000000
-0.0000573422
-0.0000000000
0.0002182484
0.0000005024
0.0000000000
0.0000000000
0.0000000652
0.0003577679
0.0000000000
0.0000000000
0.0616674609
0.0000000000
0.0000000000
0.0000000060
-0.0000000000
-0.0000000000
0.0000000000
-0.0000000000
0.0000000000
-0.0000000000
-0.0000000000
0.0000000000
-0.0000000000
0.0000000000
0.0025550439
0.0000162122
-0.0000000000
-0.0000000000
-0.0000000000
-0.0000000000
0.0172214396
0.0000000000
-0.0000000000
0.0000000000
-0.0000000000
-0.0000000000
-0.0003324364
0.0000000000
-0.0000000000
-0.0000000000
-0.0000000000
0.0000000000
0.0000437781
0.0000000000
0.0653576180
0.0000000000
0.0000000000
0.0000000000
0.0000000000
-0.0000000000
0.0000000000
0.0000000000
-0.0000000000
0.0000000000
0.0000000000
0.0002424301
0.0000000000
-0.0000000000
0.0000980858
-0.0000000000
0.0000000000
0.0020592355
0.0000000000
0.0000000000
0.0000220054
0.0000000000
0.0000000000
-0.0000000000
0.0000000000
0.0000000000
-0.0000000000
0.0000051692
0.0296458788
-0.0000000000
0.0000000000
0.0130103072
-0.0000000000
0.0000000000
-0.0000000000
-0.0000000000
0.0000000000
-0.0000000000
0.0000000000
0.0000000205
0.0000000000
-0.0000000000
-0.0000000000
0.0000012101
0.0000000000
0.0000000000
-0.0000000000
0.0000000000
-0.0000000000
0.0000000002
0.0000000000
0.0000000030
0.0000000000
0.0682079345
0.0000000000
-0.0000000000
0.0000000004
0.0005831909
-0.0000000000
-0.0000000000
0.0005964820
-0.0000000000
-0.0000000000
0.0000000000
0.0000000000
-0.0000000000
0.0000000000
0.0000000000
-0.0001789381
-0.0000000000
0.0002376205
-0.0000000000
0.0000000000
0.0000001071
0.0168295223
0.0000000000
0.0000000000
-0.0000000000
0.0000000000
0.0075264927
0.0000000000
0.0000000000
0.0000000000
-0.0000000000
0.0000000000
-0.0000000000
0.0000000000
-0.0000000000
-0.0000000006
0.0000000000
0.0000000000
-0.0000000000
0.0070318975
0.0000256755
-0.0000000000
0.0035078763
-0.0000416730
0.0000000000
0.0535376556
0.0000000000
-0.0000000000
0.0000000272
-0.0000000000
0.0000000000
0.0000000000
0.0001145157
0.0000000000
-0.0000000000
0.0000000000
