0.0000000000
0.0000000000
-0.0000000000
0.0000000000
0.0000000000
0.0015785197
-0.0000000000
0.0000000000
-0.0000000000
-0.0000000000
-0.0000000000
0.0000000000
0.0000000000
-0.0000000000
0.0000000000
-0.0000000000
0.0000000000
-0.0000000000
0.0000000000
0.0000000000
0.0000000000
-0.0000000000
0.0000000000
-0.0000000000
-0.0000000000
-0.0000000000
-0.0000000000
-0.0000000000
0.0000000000
-0.0000000000
0.0000000000
0.0000679574
0.0000000000
0.0000000000
0.0000223759
-0.0000000000
-0.0000000000
-0.0000013771
0.0000000000
-0.0000000000
-0.0000000228
-0.0000000000
0.0036476848
-0.0000000000
0.0000001857
0.0000000000
-0.0001377355
0.0000000000
-0.0000000000
-0.0000000000
-0.0000000000
-0.0000000000
0.0000000000
0.0000000544
0.0000000000
0.0000000011
-0.0000815320
0.0138656320
-0.0000000000
0.0000000000
0.0000000000
-0.0000000000
-0.0000000000
-0.0000000000
0.0000000018
0.0000000012
-0.0000000000
-0.0000000000
-0.0000000000
-0.0012317265
-0.0000000000
-0.0000000000
-0.0000000000
-0.0000000000
0.0000000000
0.0000000000
0.0000000000
0.0000000001
0.0000000000
0.0000000000
-0.0000000000
-0.0000000000
-0.0000000000
0.0000000000
0.0000000000
0.0000000000
0.0000000000
-0.0000000000
0.0000000000
-0.0000000000
-0.0000000000
0.0000000000
-0.0000000000
0.0000000000
0.0000000000
0.0000000000
0.0000000069
-0.0000520522
-0.0000000000
0.0133471349
0.0000000000
0.0000000000
0.0000001498
0.0000000000
-0.0000000435
-0.0000000000
-0.0000000000
-0.0000000000
0.0000000000
0.0000718405
-0.0000000000
0.0000506624
0.0000000000
0.0000000000
0.0000000000
-0.0000000000
0.0000000000
-0.0000000000
-0.0000000000
-0.0000000000
-0.0000000000
-0.0000000000
-0.0000000000
0.0000000946
-0.0000000000
-0.0000000000
0.0000000000
0.0207348075
-0.0000000000
0.0000000308
0.0000022453
0.0000000000
-0.0000000000
0.0000000000
-0.0000000000
0.0000000000
0.0000000000
-0.0000000000
0.0000000000
0.0000000000
0.0000101919
-0.0000000000
0.0000000000
-0.0000000000
-0.0000000028
-0.0000000000
-0.0000000000
-0.0000000000
0.0000000000
-0.0000000000
0.0314997248
0.0000000000
0.0000000000
-0.0000000000
0.0000000000
-0.0000000000
0.0000000827
-0.0000000000
-0.0000000561
-0.0000000000
0.0000000000
-0.0000000000
0.0000000007
0.0000000000
-0.0000000000
0.0000000001
-0.0000000000
0.0000000000
0.0000000000
-0.0000000000
0.0000000000
-0.0000000000
-0.0000000000
-0.0000000000
0.0000000000
0.0000000000
0.0000000000
-0.0000000000
-0.0000000000
0.0000000000
0.0000000000
-0.0000000000
-0.0000000000
-0.0000000000
0.0000000000
-0.0000000000
0.0000000000
-0.0000000000
-0.0000000000
0.0000000000
0.0000000000
0.0000000000
0.0000000000
0.0043540574
0.0000000000
0.0000000000
0.0006564996
0.0000000000
0.0000000000
-0.0000000000
-0.0000000000
0.0000000000
-0.0000000000
0.0000000000
0.0000000000
-0.0000000000
0.0000000000
-0.0000000000
-0.0000000000
0.0000000000
0.0000000000
0.0000000000
0.0000000000
-0.0000000000
0.0000022488
0.0000000000
0.0000000000
0.0000000000
-0.0000000000
0.0007431129
0.0000000000
-0.0000000000
-0.0000000000
-0.0000000000
0.0000000000
-0.0000000000
-0.0000000000
-0.0000000087
0.0020628124
-0.0000000000
0.0000000000
0.0000000000
0.0004729278
-0.0000000000
-0.0000000000
0.0000000000
-0.0000000000
0.0000000000
-0.0000000000
-0.0000000000
-0.0000000000
0.0000000000
0.0000000000
0.0000000000
0.0000000000
0.0000000000
0.0000067918
0.0000000000
0.0000000000
0.0000000000
-0.0000000000
0.0000000000
-0.0000000000
0.0000000000
-0.0000000000
-0.0000000000
-0.0000000000
0.0000000028
0.0000000000
-0.0000000000
0.0000000000
0.0000000000
-0.0000000000
0.0008650828
-0.0000000000
-0.0000000000
-0.0000000000
-0.0000000000
0.0000000000
0.0000000000
0.0000000000
0.0000000000
-0.0000000000
-0.0000000000
0.0000000000
0.0000000014
0.0000000000
0.0000000000
0.0000000000
-0.0000000000
0.0000000000
-0.0000000000
-0.0000000000
-0.0000000000
-0.0000000000
-0.0000000000
0.0000000000
0.0000000000
-0.0000000000
0.0000000000
0.0000000000
-0.0000000000
-0.0000000000
0.0000000000
-0.0000000000
-0.0000000000
0.0000000000
-0.0000000000
0.0000000000
-0.0000000000
-0.0000000001
0.0000000000
-0.0000000000
-0.0000000000
-0.0000000000
-0.0000000000
0.0000000000
0.0000507388
0.0000000000
0.0000000000
-0.0000000000
-0.0000000000
-0.0000000000
0.0000000000
0.0000000000
-0.0000000000
-0.0000000000
0.0000000000
0.0000000000
0.0000000000
-0.0000000000
0.0000000000
0.0000004223
-0.0000000058
0.0000000000
-0.0000000000
0.0000000000
-0.0000000000
0.0000000000
-0.0000000000
0.0000000000
0.0000000000
0.0000000000
-0.0000000000
-0.0000000000
-0.0000000000
-0.0000000000
-0.0000000000
-0.0000000000
0.0000000053
0.0000000000
0.0000000000
-0.0000000000
0.0000000000
0.0000000000
-0.0000000000
-0.0000000753
0.0000000000
0.0001398408
0.0000000000
0.0001039894
0.0000000000
0.0000000000
0.0000000000
0.0303590354
0.0000000000
-0.0000000000
0.0000000000
-0.0000000000
-0.0000000000
-0.0000000000
0.0000000000
0.0003073302
-0.0000000000
-0.0000000002
0.0000007591
0.0000000000
-0.0000000000
0.0000000000
0.0000000000
-0.0010971661
-0.0000000000
0.0000145312
-0.0000000000
-0.0000000000
-0.0000000000
0.0000000000
-0.0000000000
-0.0000000000
0.0000000000
-0.0000000000
0.0000000000
-0.0000000000
0.0000000000
0.0000000000
0.0000000000
0.0000000000
-0.0000000000
-0.0000000001
-0.0000000000
0.0000000000
0.0000000000
0.0000000000
0.0000000000
-0.0000000000
0.0000000000
0.0000000000
0.0000000000
-0.0000000000
0.0000052967
0.0000000000
0.0000048188
-0.0000000000
0.0000000000
-0.0000000000
0.0000000000
-0.0000000000
-0.0000000000
0.0000000000
0.0000000000
0.0000000000
-0.0049807122
0.0000000000
-0.0000000000
0.0000000000
-0.0000000000
-0.0000000526
-0.0000000000
0.0000000005
0.0000000000
-0.0000000000
-0.0000000000
-0.0000000000
0.0013937356
0.0000000000
0.0000000215
0.0000019855
0.0000000016
0.0000000000
0.0004729225
0.0009215418
0.0000000000
0.0000000000
-0.0000000000
0.0089529185
-0.0000000000
-0.0000000000
-0.0000000000
0.0000000000
0.0000000000
0.0000000000
0.0000000000
-0.0000000003
0.0000000000
-0.0000000000
-0.0000000000
-0.0000000229
-0.0000000000
0.0000001755
0.0000000000
0.0000000000
-0.0000000000
-0.0000000018
0.0000013562
-0.0000000000
0.0000000000
0.0000000000
0.0000000000
0.0000000000
0.0000000000
-0.0000000064
0.0000000000
0.0000000000
0.0000000000
0.0000000000
0.0000000000
0.0000001317
0.0000000000
0.0000000000
-0.0000000000
0.0000000433
-0.0000000000
0.0000000000
0.0000000000
0.0000000000
-0.0000000000
-0.0000000000
0.0041645770
-0.0000000000
0.0000470564
0.0000000000
-0.0000000000
0.0000000349
-0.0000000000
0.0000000000
0.0000017172
-0.0000000000
0.0000357496
-0.0000000000
0.0000000000
-0.0000000000
0.0000000000
0.0003130204
0.0000000000
-0.0000000000
0.0070819436
-0.0000000000
-0.0000000659
-0.0000000000
0.0000000000
-0.0000000000
0.0000000162
0.0027537728
-0.0000000000
-0.0000000000
-0.0000000000
-0.0000001978
-0.0000000000
0.0000000166
0.0000000000
0.0000000000
-0.0000000000
-0.0000000000
-0.0000000000
0.0000000000
0.0000986124
0.0021673338
0.0000084171
0.0000000000
-0.0000000070
0.0000000000
0.0000000000
0.0000000000
0.0000000011
-0.0000000000
0.0000000430
0.0000000000
-0.0000000000
0.0000000000
0.0000000000
0.0000000001
0.0000000000
-0.0000000000
-0.0000006778
0.0000000000
0.0027655975
-0.0000000063
0.0000526544
0.0000000018
0.0000000000
0.0000000000
-0.0000000000
0.0000000000
-0.0000000000
0.0000000003
-0.0000000000
0.0206860211
-0.0000000000
0.0000928672
0.0000000000
-0.0011863097
0.0000000000
-0.0000000000
-0.0000000000
0.0000000000
0.0000000000
0.0000000000
-0.0000000000
0.0015660530
-0.0000000000
0.0000000000
-0.0000462672
0.0000000000
0.0028608851
-0.0000000000
0.0000000000
0.0000000000
-0.0000000000
0.0000000118
0.0000000000
0.0000000000
-0.0000000000
0.0000000000
0.0000000000
0.0000000000
-0.0000000000
-0.0000000002
-0.0000000000
-0.0000000000
-0.0000000000
-0.0000000000
-0.0000000000
0.0000000000
-0.0000000000
0.0000057242
0.0000000000
-0.0000000000
0.0000000000
-0.0000000000
0.0000000000
0.0000000000
-0.0000000000
0.0000000000
0.0000000000
-0.0000000000
0.0278513208
0.0000000000
0.0000000000
0.0000000000
0.0000000000
0.0000000000
0.0000000000
0.0000001006
-0.0001789979
0.0000000000
0.0000000000
0.0000000000
0.0000000000
-0.0000000000
-0.0000000000
0.0000000000
0.0000000000
-0.0000000000
-0.0000000000
-0.0000000000
-0.0000000000
0.0000000000
0.0000000000
0.0000000000
-0.0000000000
0.0526422262
0.0000000000
-0.0000000000
0.0000000000
0.0000000000
-0.0000000000
0.0000000000
0.0000000000
0.0000007522
0.0000000000
-0.0000000000
0.0000000000
-0.0000000000
-0.0000000000
-0.0000000000
-0.0000000000
-0.0000000000
0.0000000000
-0.0000000000
0.0000000000
-0.0000000000
-0.0000000000
0.0000000000
0.0000000000
0.0000000000
0.0000000000
0.0000000000
-0.0000000000
-0.0000000000
-0.0000000000
-0.0000000000
-0.0000000000
-0.0000159350
0.0000000000
-0.0000000000
0.0000000000
0.0367680714
0.0003441033
0.0000729804
0.0000000000
0.0000001276
-0.0000000001
0.0000000000
-0.0000000000
0.0000015926
0.0090038320
0.0009476707
0.0000000000
-0.0000000000
0.0003735839
0.0000000000
0.0006224256
0.0000000000
0.0000000000
0.0024236697
0.0000016376
0.0047995937
0.0000000000
0.0000000000
0.0000000000
-0.0000000000
0.0000000000
0.0000140333
0.0000000000
0.0000000000
-0.0000000000
0.0000000000
-0.0000000000
0.0000008200
0.0000000000
-0.0000000000
-0.0000000000
0.0000000000
-0.0000000066
0.0000000000
-0.0000000000
0.0000000000
0.0000000000
0.0000000000
-0.0000000314
-0.0003109973
0.0000000000
-0.0000000466
-0.0000000000
-0.0000000000
-0.0000066364
0.0000000000
0.0000000000
-0.0000000000
-0.0000000000
0.0000000000
-0.0000000000
0.0000000000
-0.0000000000
0.0000000000
-0.0001780347
0.0000000000
0.0000000000
0.0000000000
0.0000000000
0.0000000000
-0.0000000000
0.0000000000
-0.0000000000
-0.0000000000
-0.0005694128
-0.0000000000
-0.0000000000
0.0000000000
0.0000343653
0.0000000011
0.0428335704
0.0000000000
-0.0000000000
-0.0000000000
-0.0000000000
0.0465517677
0.0000000000
-0.0000000000
0.0000000000
-0.0000000000
0.0000000270
0.0000000000
0.0000000000
-0.0000000000
0.0000019793
-0.0000000000
-0.0000000000
0.0000000000
-0.0000000000
0.0000000000
0.0000000000
0.0000000000
0.0000000000
0.0000012602
0.0000000000
0.0000000000
0.0000000000
-0.0000000000
-0.0000000000
0.0000000000
0.0000000000
-0.0000000000
0.0000000000
-0.0000000000
-0.0000000000
0.0000000000
-0.0000000000
0.0000000000
-0.0000000000
0.0000000000
-0.0000000000
0.0000000000
0.0001495383
-0.0008087768
-0.0000000000
-0.0000000000
-0.0000000000
0.0000000000
0.0000000000
0.0000000000
0.0000000000
0.0000000000
0.0003251637
-0.0000003621
0.0000000000
0.0000000000
-0.0000000000
0.0000000000
0.0000000067
0.0000000000
-0.0000000000
0.0002028670
0.0000007571
0.0000250423
0.0000000000
0.0000000000
0.0000000000
0.0000000000
0.0000000000
-0.0000000000
0.0000000000
-0.0000000000
-0.0000000000
0.0000000000
-0.0000000000
0.0000000000
-0.0000000000
-0.0000000000
-0.0000000000
0.0000000000
0.0028235156
0.0000000000
0.0000000000
-0.0000000000
-0.0000000000
0.0000000000
0.0000000000
0.0000000000
0.0000000455
0.0000000000
0.0000092337
-0.0000000000
-0.0000000000
0.0000564018
0.0000000191
0.0000000000
0.0001148093
0.0000000000
0.0000000000
-0.0000000000
0.0000000000
0.0000000000
-0.0000000000
-0.0000000000
0.0000000000
0.0000297614
0.0000000000
0.0000000000
0.0000000000
-0.0000000000
0.0000000000
0.0000000009
-0.0000000000
0.0000002739
0.0000000000
0.0000000659
0.0000000000
0.0000000000
-0.0000000000
-0.0025485686
-0.0000000000
0.0000000000
0.0302360635
0.0008422547
0.0000319549
-0.0000000000
0.0000000002
0.0000000069
0.0000000000
0.0000000000
0.0000000000
-0.0000000000
0.0592994355
-0.0000000000
-0.0000000000
-0.0000000000
-0.0000000000
0.0000000000
-0.0000000000
0.0000000000
-0.0000000000
0.0000000000
0.0000000000
0.0000000000
0.0000000000
0.0000000000
-0.0000000000
0.0000000000
0.0000000000
0.0160530843
-0.0000000000
0.0000000000
-0.0000000000
0.0000000000
0.0000000000
0.0000000000
-0.0000000000
0.0000000690
-0.0000000000
0.0000000000
0.0000000000
-0.0000000000
0.0000000000
0.0000000000
-0.0000000000
-0.0000000000
0.0000000000
0.0383232869
0.0000000000
0.0000000000
-0.0000000000
-0.0000000000
-0.0000000000
0.0001389169
-0.0000000000
0.0000000000
0.0000000000
0.0000143283
0.0000000000
-0.0000000000
-0.0000002653
0.0000000000
0.0000000000
-0.0000000000
0.0000000000
-0.0000000000
-0.0000000000
0.0131501779
0.0000000000
0.0000000000
0.0000006942
0.0000000000
-0.0000000000
-0.0000000000
-0.0000000000
0.0000000000
0.0276249945
0.0000000000
-0.0000000000
0.0000000000
-0.0000000000
0.0000000000
-0.0000000000
-0.0000000000
0.0000000000
0.0000000000
-0.0000000000
0.0000000000
0.0000005527
0.0000000000
0.0000046320
0.0000000000
0.0000000000
0.0000000000
-0.0000000000
-0.0000000000
-0.0000000000
-0.0000000000
-0.0000000000
-0.0000000000
-0.0000000000
-0.0000000000
0.0000000000
-0.0000000000
-0.0009309714
0.0000000000
-0.0000000000
-0.0000238999
0.0000000000
0.0000000000
0.0000000000
0.0000000000
0.0000000003
-0.0000000000
0.0000002379
-0.0000000000
0.0000000000
-0.0000000000
0.0000000000
0.0000000000
0.0000000000
-0.0000000000
0.0000000033
0.0000000000
-0.0000000000
-0.0000000000
0.0000000000
0.0000000000
-0.0000000000
-0.0000000000
0.0000000000
0.0070340806
0.0000000000
0.0049868957
0.0000065201
0.0000000000
0.0000000000
-0.0000000000
0.0000000224
0.0000000000
-0.0000000000
0.0000000000
0.0000000000
0.0000000000
-0.0000000000
0.0000000000
-0.0000000000
-0.0000000000
0.0292688888
-0.0000000000
0.0000000000
0.0000000000
0.0000000000
-0.0000000000
0.0000001049
0.0000000000
-0.0000000000
0.0000000000
0.0000000000
0.0000017799
0.0000000000
0.0000000000
0.0000000000
-0.0000000000
0.0000000000
-0.0000000010
-0.0000000000
0.0000000000
0.0000000000
0.0000000174
0.0000842089
-0.0000000000
-0.0000000000
-0.0000000000
0.0000000000
0.0000000000
0.0000000000
0.0000000000
0.0000000000
0.0000000000
-0.0000000000
0.0033050023
-0.0000000000
-0.0000000000
-0.0000000000
0.0000000000
0.0000000000
-0.0000000000
0.0000000000
0.0000000000
0.0000000000
0.0000000113
0.0000000000
-0.0000000000
-0.0000000000
0.0000000078
0.0000000000
-0.0000000000
0.0000000000
0.0365913212
0.0000253670
0.0000000000
0.0000375891
-0.0000000000
0.0000000000
0.0000000005
-0.0000000000
0.0000000000
0.0000000000
-0.0000000000
0.0000000000
0.0000000000
0.0000000000
0.0000000000
0.0000000000
0.0000041195
-0.0000000000
-0.0000000000
0.0000000000
0.0000000000
0.0000000000
-0.0000000000
0.0000000000
-0.0000000000
0.0000000000
-0.0000000002
0.0000000000
-0.0000000000
0.0000000000
0.0000000000
0.0000000000
0.0000000000
-0.0015029588
0.0000000000
-0.0000000000
0.0000000000
0.0003630523
0.0000000000
0.0000000003
-0.0000000000
-0.0000000000
0.0000000000
0.0000000000
0.0000522597
-0.0000000000
0.0000000000
0.0000000000
0.0000000000
0.0000000000
0.0000000000
0.0000000000
0.0000000000
0.0009123557
-0.0000000000
0.0000000000
0.0000000000
0.0000000000
0.0000000000
0.0000000000
0.0000000000
0.0000000000
-0.0000000000
0.0000008788
-0.0000000000
-0.0000000000
-0.0000000000
0.0107527114
0.0000000000
0.0000000000
0.0000000000
-0.0000000000
0.0000000000
0.0000000000
-0.0000000000
-0.0000000000
-0.0000000000
-0.0000000000
-0.0000000000
0.0000000000
0.0000000000
0.0000000000
0.0000000000
0.0000000000
0.0000000000
-0.0000000000
0.0000033571
0.0000000000
-0.0000000000
-0.0000000000
-0.0000000000
0.0000000000
-0.0000000000
0.0015064527
-0.0000000000
-0.0000000000
0.0000000000
-0.0000000000
0.0000000000
-0.0000000000
0.0000000000
0.0001308566
0.0000000000
-0.0000000000
-0.0000000000
-0.0000000000
-0.0000000000
-0.0000000000
-0.0000000000
0.0000000000
-0.0000000000
0.0003904081
0.0000106626
0.0000000000
0.0000000000
0.0000004442
0.0000000819
-0.0000000000
-0.0000000000
0.0000000000
-0.0000000000
0.0000000000
-0.0000000000
0.0001335298
-0.0000000000
-0.0000000000
0.0000617485
0.0000000524
0.0000000000
0.0000000000
0.0000000000
0.0000000000
-0.0000000000
-0.0000000000
0.0000000000
-0.0000000000
0.0000000000
0.0000000000
0.0000000000
-0.0000000000
-0.0000000000
-0.0000000000
0.0000000000
-0.0000000000
-0.0000000000
0.0000000000
-0.0000000000
0.0000000000
0.0000000000
0.0000000000
0.0000000000
0.0000000000
-0.0000000000
-0.0000000000
0.0000000000
0.0000000000
0.0000000000
0.0020533986
0.0000000000
0.0000006346
0.0000000000
0.0000000000
-0.0000000000
-0.0000000000
-0.0000000000
-0.0000000000
-0.0000000000
-0.0000000000
0.0000000000
-0.0000000000
-0.0000000000
0.0000000000
-0.0000000000
0.0000000000
0.0000000000
0.0000000000
0.0000000000
0.0000055298
-0.0000000000
0.0000000000
-0.0000000000
-0.0000000000
0.0000000000
-0.0000000000
0.0000000000
0.0000000000
0.0000000000
-0.0000000000
0.0000000000
-0.0000000000
-0.0000000000
-0.0000000000
0.0000000000
0.0000000000
0.0000000000
0.0000000000
0.0000000000
-0.0000000000
-0.0000000000
0.0000000000
-0.0000000000
-0.0000000000
-0.0000000000
0.0000000000
0.0000000000
0.0000000000
-0.0000000000
0.0000000000
0.0000000000
0.0000000000
-0.0000000000
-0.0000000000
-0.0000000000
0.0000000000
0.0000000000
-0.0000000000
0.0000000000
0.0000000000
0.0000000000
-0.0000000000
0.0000000000
-0.0000000000
-0.0000000000
0.0000000000
-0.0000000000
-0.0000000000
0.0000000000
-0.0000000000
-0.0000000000
0.0000000000
0.0000000000
-0.0000000000
0.0000000000
-0.0000000000
0.0000000000
0.0000000000
0.0000000000
0.0000000000
-0.0000000000
0.0000000000
0.0000000004
0.0000000000
-0.0000000000
-0.0000000000
-0.0000000000
-0.0000000000
-0.0000000000
-0.0000000000
0.0000000000
0.0000000000
-0.0000000000
-0.0000000000
0.0000000000
0.0000489498
-0.0000000000
0.0000000000
0.0000000000
-0.0000000000
0.0001012723
-0.0000000000
0.0000000000
-0.0000000000
-0.0000000000
0.0000000000
-0.0000000000
0.0000000000
-0.0000000000
-0.0000000000
0.0000000000
-0.0000000000
0.0000000000
-0.0000000000
0.0000000000
-0.0000000000
0.0000000000
-0.0000000000
-0.0000000000
-0.0000000038
0.0000000000
0.0000000000
0.0000000000
-0.0000000000
0.0000000000
0.0000003200
0.0000000000
0.0000000000
-0.0000000000
0.0000038358
0.0000000000
-0.0000000000
0.0000000000
-0.0000000000
-0.0000032236
-0.0000000000
0.0000000277
-0.0000000000
-0.0000000000
0.0000000000
-0.0000000000
-0.0000000000
0.0000000000
0.0000000000
0.0000000000
0.0000000000
0.0000000000
0.0000000000
0.0001102961
0.0000000000
-0.0000000000
-0.0000000000
-0.0000000000
0.0000017580
0.0000000000
0.0000000000
0.0000000266
0.0000000000
0.0000000000
0.0000000000
-0.0000000000
-0.0000000000
0.0000000000
0.0000000000
-0.0000000000
0.0000000000
0.0000000000
0.0000000000
0.0000000000
0.0000000000
0.0000000000
0.0051575210
-0.0000000000
-0.0000000000
0.0000000000
-0.0000000000
0.0000000000
0.0000000000
0.0000000249
0.0000000000
0.0000000000
0.0000000000
-0.0000000000
0.0000000000
0.0000000000
0.0372562408
0.0000000000
-0.0000000000
-0.0000000000
-0.0000000000
-0.0000000000
0.0000000000
0.0000000000
-0.0000000000
0.0000000000
-0.0000000000
-0.0000000000
0.0000000000
0.0053782072
0.0000000000
0.0000000000
-0.0001560166
-0.0000000000
-0.0000000000
0.0000000000
-0.0000000000
-0.0000000000
-0.0000000000
0.0000000000
0.0000000000
-0.0000001715
0.0000000000
0.0000000000
0.0000000000
-0.0000000000
0.0000000000
0.0000000000
0.0000000000
-0.0000000000
0.0000000000
0.0000000000
0.0000000000
-0.0000000000
0.0000000000
0.0000000000
0.0000000000
-0.0000000000
0.0000000032
0.0000000000
-0.0000000000
0.0000000000
0.0000000000
0.0000000000
0.0000000000
0.0010194173
0.0000000000
0.0000000000
0.0000000000
0.0000000000
-0.0000000000
-0.0000000000
-0.0000000000
0.0000179885
0.0012886260
0.0000001923
0.0000000000
0.0000000000
-0.0000000000
-0.0000000000
0.0000000007
0.0000019102
0.0000000000
0.0000000000
0.0000000000
-0.0000112097
0.0000000000
-0.0000000000
0.0000000000
-0.0000000000
0.0069989013
-0.0000000000
-0.0000000000
0.0000000000
-0.0000000000
-0.0000000000
0.0000000000
0.0000000000
-0.0000000000
0.0000000350
0.0000000000
-0.0000000000
-0.0000000000
0.0000000000
0.0000050717
0.0000000000
0.0000000000
0.0000000000
0.0000000000
-0.0000000000
0.0000000000
-0.0000000000
0.0000000000
0.0000000000
0.0000000000
0.0000000000
-0.0000000000
0.0000000000
-0.0000000000
-0.0000000000
0.0000115261
-0.0000000000
0.0000000000
-0.0000000000
0.0000000000
0.0000000000
0.0000000000
-0.0000000000
0.0000000000
-0.0000000000
0.0000000000
-0.0189006086
0.0000000000
0.0018312072
-0.0000000000
-0.0000000000
0.0000000000
0.0000000000
0.0000000000
0.0000000000
0.0000000000
0.0000000000
0.0000000000
-0.0000000000
0.0000000000
0.0000000000
-0.0000000000
-0.0000000000
-0.0000000000
0.0027391335
0.0000000000
0.0000000208
0.0000000000
-0.0000000000
0.0000000000
0.0043838667
-0.0000000000
-0.0000000000
-0.0000000000
-0.0000000062
0.0000000000
0.0000000000
0.0000000000
0.0000000000
-0.0000000000
0.0000000000
-0.0000000000
-0.0000000000
0.0000000000
0.0000000000
0.0000311375
0.0000000000
0.0000000000
0.0000000000
0.0000000000
0.0000000000
-0.0000000000
-0.0000000000
0.0000000000
0.0000007322
-0.0000000000
-0.0000000000
0.0000090760
-0.0000000000
0.0000000000
-0.0000000000
0.0000000000
0.0000000000
-0.0000000000
-0.0000000000
-0.0000000000
-0.0000000000
-0.0000000000
0.0000000000
-0.0000000000
-0.0000000000
0.0000638154
-0.0000000000
-0.0000000000
-0.0000000000
0.0000000000
0.0019269149
0.0000000000
0.0000000000
0.0000000000
-0.0000000000
-0.0000000000
0.0000000000
0.0000000000
-0.0000000000
0.0000000000
-0.0000046160
-0.0000000000
-0.0000000000
0.0000000000
0.0000000000
-0.0000000000
0.0000006776
-0.0000000000
0.0016269204
0.0000030019
-0.0000000000
0.0003111353
-0.0000000000
0.0000000000
0.0000000000
0.0000000000
0.0000000000
0.0144555438
0.0000000000
0.0000000000
-0.0000000000
0.0001726500
0.0000000000
0.0000000000
0.0000000000
0.0000000296
-0.0000000000
0.0000000000
-0.0000000000
0.0000000000
0.0000000001
0.0000000000
0.0000000000
-0.0000000000
0.0000000000
0.0000000000
0.0000000000
-0.0000000000
0.0000000000
0.0000000000
-0.0000000000
-0.0000000000
-0.0000000000
0.0000000000
-0.0000000000
0.0000000000
-0.0000000000
-0.0000000000
0.0000000000
0.0000000000
-0.0000000000
0.0000000000
0.0000000000
-0.0000000000
0.0541168749
0.0000000000
-0.0000000000
-0.0000000000
-0.0000000000
-0.0000000000
0.0006562253
-0.0000000000
0.0000000000
-0.0000000000
0.0015402531
-0.0000000000
-0.0000000000
0.0000000000
0.0000000000
-0.0000000000
-0.0000000000
-0.0000000000
0.0000000000
0.0001493421
0.0000000000
-0.0000000000
-0.0000000000
-0.0000000000
0.0000000000
-0.0000000000
0.0000000000
-0.0000000000
0.0000006337
-0.0000000000
-0.0000000000
0.0000000000
0.0000000000
0.0000000000
-0.0000000000
0.0000000000
-0.0000000000
0.0801529810
-0.0000000000
0.0000000000
0.0000000000
-0.0000000000
0.0000000000
0.0000000000
-0.0000000000
0.0000000000
0.0009558810
-0.0000000000
0.0000000000
-0.0000000000
0.0000000000
-0.0000000000
0.0000000000
0.0000000000
0.0000000000
-0.0000000000
0.0000000000
-0.0000000000
-0.0000000000
0.0000000000
-0.0000000000
-0.0000000000
-0.0000000000
0.0000000000
0.0000000092
-0.0000000000
0.0000000000
0.0000000000
-0.0000000000
-0.0000000000
0.0103160758
-0.0000000000
0.0000000000
-0.0000000000
-0.0000000000
-0.0000000217
0.0000000000
0.0000000000
-0.0000096674
-0.0000000000
0.0000000000
0.0003729903
0.0000000000
0.0000000000
-0.0000000000
0.0000000000
-0.0000000000
0.0000000000
-0.0000000000
0.0015291627
0.0000000129
0.0000031916
0.0000000000
0.0000000373
-0.0000000000
0.0151733579
0.0000000000
0.0000000000
-0.0000000000
0.0000000000
-0.0000000000
0.0002017686
-0.0000000000
-0.0000000000
0.0000000000
0.0000000000
0.0000000000
0.0000000009
-0.0000000000
-0.0000000000
0.0000000000
-0.0000000000
-0.0000000000
0.0000000000
-0.0000000000
-0.0000000000
-0.0000000000
-0.0000000000
0.0000000000
-0.0000000000
-0.0000000000
0.0000000000
0.0000000000
0.0000000000
-0.0000000000
0.0000000000
0.0000000000
0.0003023616
0.0000000000
0.0000000000
-0.0000000000
0.0000000000
-0.0000000000
0.0000000000
0.0000000000
0.0000000425
-0.0000000000
-0.0000000000
0.0000000000
0.0000000000
-0.0000000000
0.0000000186
0.0000000000
-0.0000000052
0.0000000000
-0.0000000000
-0.0000000000
-0.0000000000
-0.0000000000
0.0000000000
-0.0000000000
0.0000000000
-0.0000000000
-0.0000000000
-0.0000000013
-0.0000000000
-0.0000000000
0.0000000000
0.0000000000
-0.0000000000
-0.0000000000
0.0000000000
0.0000000000
-0.0000056584
-0.0000000000
0.0000000000
0.0000009439
0.0000000000
0.0000000000
0.0000000000
0.0000000000
-0.0000000000
-0.0000000000
-0.0000000000
0.0000000000
0.0000000000
0.0000000000
-0.0000000000
0.0000000000
0.0000000000
0.0000000000
0.0000000000
0.0000000000
0.0000000000
-0.0000000000
-0.0000000000
-0.0000000000
-0.0000000000
-0.0000000000
-0.0000000000
-0.0000000000
0.0000000000
0.0171525292
-0.0000000000
-0.0000000000
-0.0000000000
0.0000000000
0.0326910950
-0.0000000000
0.0000000000
0.0000000000
-0.0000000000
0.0000000000
0.0000000000
0.0000000000
0.0000000000
0.0298042092
-0.0000000000
0.0000020312
-0.0000000000
0.0000000000
0.0000000000
0.0000000000
-0.0000000000
-0.0000000000
0.0000000003
-0.0000000000
-0.0000000000
0.0000000000
0.0022743132
-0.0000000000
0.0000000000
0.0000000000
-0.0000000000
0.0000000000
0.0000979252
-0.0000000000
-0.0000000000
0.0000000000
0.0943988115
0.0000000000
-0.0000000000
0.0000000000
0.0000000000
0.0492118672
0.0000000000
-0.0000000000
0.0000000000
-0.0000000000
-0.0000000000
-0.0000000000
0.0000000000
-0.0000000000
0.0000000000
0.0000000000
0.0000000000
0.0000000000
0.0000000000
0.0000000000
-0.0000000000
0.0000000000
-0.0000000000
-0.0000000000
-0.0000000000
-0.0000000000
0.0000000000
0.0000000000
-0.0000000000
-0.0000000000
0.0000006384
0.0000000000
0.0000000000
-0.0000000000
0.0000000000
0.0062750555
-0.0000000000
0.0000000000
-0.0000000000
-0.0000000000
-0.0000000000
-0.0000000000
-0.0000000000
0.0000000000
0.0000000000
-0.0000000000
0.0000000000
0.0000000000
-0.0000000000
0.0000000000
-0.0000238948
-0.0000000000
-0.0000000000
0.0000000000
0.0000000000
-0.0000000000
0.0000000000
0.0000000000
0.0000000000
0.0000000000
-0.0000000000
0.0000000000
0.0000000049
0.0000000000
0.0000000000
0.0000000000
0.0000000000
0.0000000000
0.0000000000
-0.0000000000
0.0000000000
0.0098833526
-0.0000000000
-0.0000000000
-0.0000000000
0.0000000000
-0.0000000000
-0.0000000000
-0.0000000000
-0.0000000000
-0.0000000000
-0.0000000000
0.0000000000
-0.0000000000
-0.0000000000
0.0000000000
-0.0000000000
-0.0000000000
0.0000000000
0.0000000000
0.0000000000
-0.0000000000
-0.0000000000
0.0003216299
0.0000000000
0.0000000000
0.0000000000
0.0000000000
-0.0000000000
0.0000000003
0.0000000040
-0.0000000000
-0.0000000000
-0.0000000000
0.0000000000
0.0000000002
0.0000000001
0.0000000000
-0.0000000000
0.0000000000
0.0000000000
-0.0000000000
0.0000000000
0.0000000000
-0.0000000000
0.0000000000
0.0000000000
0.0000000000
0.0000000000
0.0000000639
-0.0000000000
0.0000000000
0.0000000000
0.0000000000
0.0000000000
-0.0000000000
-0.0000000000
0.0000075501
0.0095046069
0.0061907363
0.0000000000
-0.0000000000
0.0000000000
0.0000000000
-0.0000000000
-0.0000000000
-0.0000000000
-0.0000000000
-0.0000000000
0.0000000000
-0.0000000000
0.0000000000
-0.0000000000
-0.0000000000
0.0000000000
0.0000000000
0.0000000000
0.0000000000
0.0000000000
0.0000000000
-0.0000000000
-0.0000000000
-0.0000000000
-0.0000000000
-0.0000000000
-0.0000000000
-0.0000000000
-0.0000000000
-0.0000000000
-0.0000000000
0.0000000000
-0.0000000000
0.0000000000
-0.0000000000
-0.0000000000
0.0000000005
0.0000000000
-0.0000000000
-0.0000000000
0.0036527412
-0.0000000000
-0.0000000000
-0.0000000000
-0.0000000000
0.0000000000
0.0000023341
-0.0000000000
-0.0000000000
0.0000000000
-0.0000089526
-0.0000000000
0.0000000000
-0.0000000000
0.0000000000
-0.0000000000
-0.0000000005
0.0000000000
-0.0000000000
0.0000000000
-0.0000000000
0.0000000000
-0.0000000000
0.0000000000
-0.0000000000
-0.0000000000
0.0000000000
0.0000000000
0.0000000000
0.0000000000
0.0000000000
0.0000000000
0.0000000000
-0.0000000000
0.0000000000
-0.0000000000
0.0000000000
0.0000000000
-0.0000000000
0.0000000000
-0.0000000000
-0.0000000000
-0.0000000000
0.0000000000
0.0000000000
-0.0000000000
0.0000000000
0.0000000000
-0.0000000000
0.0000000000
0.0000000000
-0.0000000000
0.0000001412
-0.0000000000
-0.0000000000
0.0000000000
-0.0000000000
0.0000000000
0.0000000000
-0.0000000000
-0.0000000000
0.0000000000
-0.0000000000
-0.0000000000
-0.0000000000
0.0000000000
0.0000000000
0.0000000000
0.0000028673
0.0000000000
-0.0000000000
-0.0000000000
0.0000000000
0.0000000000
0.0000000000
-0.0000001360
-0.0000000000
0.0000000000
-0.0000091308
0.0577960908
-0.0000000000
0.0000000015
0.0001657277
0.0000000000
0.0000000000
-0.0000000000
-0.0000000000
0.0000000000
-0.0000000000
0.0000000000
0.0000000000
-0.0000000000
-0.0000000000
-0.0000000000
0.0000000000
-0.0000000000
-0.0000000000
-0.0000000000
0.0000000000
-0.0000000000
-0.0000000000
-0.0000000000
-0.0000000000
-0.0000000000
-0.0000000000
-0.0000000000
0.0000000000
-0.0000000000
-0.0000000000
-0.0000000000
-0.0000000000
-0.0000000000
-0.0000000000
-0.0000000000
-0.0000000000
0.0000000000
0.1087311581
0.0000000000
-0.0000000000
-0.0000000000
0.0000000000
-0.0000000000
0.0896239504
0.0000000000
0.0000000000
-0.0000000000
-0.0000000000
-0.0000000000
-0.0000011101
-0.0000000000
-0.0000000000
-0.0000000007
-0.0000000000
0.0000000000
0.0007393796
-0.0000000000
0.0000000000
0.0004886393
0.0000000000
0.0000000000
0.0000000000
0.0000000000
0.0000000000
0.0004054947
0.0000000000
-0.0000000000
-0.0000000000
0.0617466085
0.0000000000
0.0000000000
0.0000000000
0.0000000000
0.0000000000
0.0316671692
-0.0000000000
-0.0000000000
-0.0000000000
-0.0000000000
-0.0000000000
0.0000000000
-0.0000000000
-0.0000000000
-0.0000000000
0.0000000000
-0.0000000000
-0.0000000000
0.0000000000
0.0000000000
-0.0000000000
-0.0000000000
-0.0000000000
-0.0000000000
-0.0000000000
0.0000000000
-0.0000000000
-0.0000000000
-0.0000000000
0.0000000000
0.0000000000
0.0000000118
0.0000000000
0.0536616072
-0.0000000000
0.0000000000
-0.0000000000
-0.0000000000
0.0000000327
0.0000000000
-0.0000000000
-0.0000000000
0.0000000000
0.0000000000
0.0000000000
-0.0000000000
0.0134420712
0.0543819815
0.0000000000
-0.0000000000
0.0000000000
-0.0000000000
0.0000000000
-0.0000000000
-0.0000000000
-0.0000000074
-0.0000000000
-0.0000000000
0.0000000000
-0.0000000000
-0.0000000000
-0.0000000000
0.0000000000
-0.0000000000
0.0000000394
-0.0000000000
-0.0000000000
-0.0000000000
0.0000000000
0.0000000000
0.0000000000
-0.0000000000
0.0000000000
0.0001254640
-0.0000000000
0.0000000000
0.0000000000
-0.0000000000
0.0000000000
-0.0000000000
0.0000000000
-0.0000000000
-0.0000000000
0.0000003325
-0.0000000000
0.0000000000
-0.0000000000
-0.0000000000
-0.0000000000
-0.0000000000
-0.0000000000
-0.0000000000
-0.0000000000
-0.0000000000
-0.0000000000
0.0000000000
0.0000000000
0.0000000000
0.0000000000
0.0000000000
0.0000000000
0.0000000000
0.0154292397
0.0000000000
0.0000000000
0.0000000000
-0.0000000000
-0.0000000000
-0.0000000000
0.0000000000
-0.0000000000
0.0000000000
0.0000000000
-0.0000000000
0.0164341591
0.0000000000
-0.0000000000
-0.0000000000
0.0000000000
-0.0000000000
-0.0000000000
-0.0000000000
0.0000000000
0.0000000000
0.0000000000
-0.0000020871
-0.0000000000
0.0000000000
0.0041385493
0.0000000000
0.0000000037
0.0000000000
0.0003321248
0.0659072027
-0.0000000000
0.0000000000
0.0000000000
0.0657930002
0.0000000000
-0.0000000000
0.0000000000
0.0000000000
-0.0000000000
0.0000000000
0.0000000000
0.0000000000
0.0000000000
-0.0000000000
0.0000000001
-0.0000000000
0.0000000000
-0.0000000000
0.0000000000
0.0000000000
-0.0000000000
0.0000000000
0.0000000000
0.0000000000
0.0000061655
0.0371584035
0.0000000000
0.0000000000
0.0000000000
-0.0000000000
-0.0000000000
-0.0000000000
0.0000000000
0.0000000000
-0.0000000000
0.0000000000
-0.0000000000
0.0000000000
0.0074103866
0.0000000000
-0.0000000000
0.0000000009
0.0000000000
-0.0000000000
0.0000000000
0.0000000000
0.0000000000
0.0000041433
0.0000000000
-0.0000000000
0.0000000000
0.0000000000
0.0000000005
0.0000000000
0.0000000000
0.0000000000
-0.0000000000
0.0012092394
-0.0000000000
0.0000000174
-0.0000000000
0.0000000000
0.0000000000
0.0000000000
0.0000000000
-0.0000000000
0.0000000000
-0.0000000000
0.0000000000
0.0000000000
0.0000000000
0.0000000000
0.0000000000
0.0000000000
0.0000000000
0.0000000000
-0.0000000000
0.0000000000
0.0000000000
-0.0000000000
0.0000000000
0.0000000000
0.0000000000
-0.0000000000
-0.0000000000
-0.0000000000
-0.0000000000
-0.0000000000
-0.0000000000
0.0000000000
0.0000021535
0.0000000000
0.0000000000
0.0000000000
-0.0000000000
0.0000000000
-0.0000427263
-0.0000000000
-0.0000000000
0.0000000000
-0.0000000000
0.0000237338
0.0088752657
0.0000000000
0.0000000000
0.0000000000
0.0740090013
0.0000357895
0.0000000000
-0.0000000000
-0.0000000000
0.0000000000
0.0000000000
0.0000000000
0.0000000000
-0.0000000000
-0.0000000000
0.0000000400
-0.0000000000
0.0000000000
-0.0001049375
-0.0000000000
0.0000174270
0.0000000000
0.0000000004
0.0926654413
0.0000000000
0.0000000216
0.0241081491
-0.0000000000
0.0000000000
-0.0000000000
-0.0000000000
0.0000000005
-0.0000000000
-0.0000000000
0.0000000000
0.0000000000
-0.0000000000
0.0000000000
-0.0000000000
-0.0000000000
0.0000000000
-0.0000000000
-0.0000000000
-0.0000000000
-0.0000000000
-0.0000000000
-0.0000000000
0.0000000000
0.0015267355
0.0000000000
0.0000000000
0.0000000000
-0.0000000000
0.0000000000
0.0945014954
-0.0000000000
0.0001767028
0.0587088093
0.0000000000
0.0000000000
-0.0000000000
0.0000000000
-0.0000000000
0.0000000000
0.0000000000
0.0000000000
0.0000000000
0.0000001561
-0.0000000000
0.0000000000
0.0044894647
-0.0000000000
0.0000000000
0.0000000000
-0.0000079748
0.0000000000
0.0271655992
0.0000000000
0.0000000021
-0.0000000000
-0.0000000000
0.0434255153
-0.0000000000
0.0019607225
0.0000000000
-0.0000000000
0.0000000000
-0.0000000000
0.0000001561
0.0000000000
-0.0000000000
-0.0000000000
0.0000000000
-0.0000000000
0.0000000000
0.0000000000
-0.0000000000
-0.0000000000
0.0000000000
0.0000000000
0.0000000000
0.0000000000
0.0000000000
-0.0000000000
0.0000000000
-0.0000000000
0.0000000000
0.0000000000
0.0000000000
-0.0000000000
-0.0000000000
-0.0000000000
0.0000000000
0.0032650472
-0.0000000000
0.0000000000
0.0044186749
0.0000000000
-0.0000000000
0.0000000000
0.0000000000
0.0000000000
0.0000000000
-0.0000000000
0.0000535342
0.0000000000
0.0000000000
-0.0000000000
0.0000000000
-0.0000000000
0.0000000000
0.0000000000
-0.0000000000
0.0000000000
0.0000000000
0.0030452500
0.0000000000
0.0000000000
-0.0000000000
0.0000000000
-0.0000000227
-0.0000000000
0.0000103148
0.0000000000
-0.0000000000
-0.0000000000
0.0000000807
-0.0007541790
0.0000000000
-0.0000000000
0.0000000000
-0.0000000000
-0.0000000000
0.0000000000
0.0000000074
-0.0000000000
0.0000000000
-0.0000000000
0.0000000077
0.0000000000
-0.0000000000
-0.0000000000
-0.0000000000
0.0000000000
0.0000000000
0.0000000000
-0.0000000000
-0.0000000000
-0.0000000000
0.0000000000
-0.0000000000
0.0000000000
-0.0000000000
-0.0000000000
-0.0000000000
-0.0000000000
0.0000032465
0.0000007770
-0.0000000000
0.0000000000
-0.0000000000
-0.0000000000
0.0000000000
-0.0000000000
-0.0000000000
-0.0000000000
0.0092310347
-0.0000000000
-0.0000000000
0.0000000001
-0.0000000000
0.0000000000
-0.0000000000
-0.0000000000
0.0000000000
0.0277017765
-0.0000000000
0.0000000000
-0.0000000000
-0.0000000010
0.0000000000
0.0000000000
-0.0000000000
0.0000000000
0.0000000000
0.0000000000
-0.0000000000
0.0000000000
0.0000000000
0.0000000000
-0.0000000000
0.0000000000
-0.0000000000
-0.0000000000
0.0455098264
0.0000002475
-0.0000000000
-0.0000000000
0.0000000000
-0.0000000000
0.0000000000
0.0000000000
-0.0000000000
-0.0000000000
-0.0000000000
0.0004353126
0.0000000000
0.0000000000
0.0000000000
0.0000000000
0.0000000000
0.0000000000
0.0000000000
-0.0000000000
-0.0000000000
0.0000000000
0.0000000000
-0.0000000000
0.0000000000
0.0000000000
0.0000000000
0.0000000000
-0.0000000000
0.0001363129
0.0000000000
0.0000000000
0.0000000000
0.0075212820
0.0000000000
0.0000000000
0.0434603952
0.0000000000
0.0000000000
0.0000000000
0.0075731589
0.0000000000
-0.0000000000
0.0000000000
0.0000000000
0.0000000000
-0.0000000000
-0.0000000000
0.0000000106
0.0000000001
0.0000000000
-0.0000000000
0.0000000000
0.0000000000
0.0000000000
0.0000000000
-0.0000000000
0.0000000000
0.0000000000
0.0000000000
-0.0000000000
-0.0000000000
-0.0000000000
0.0000000000
0.0000000000
0.0000000000
-0.0000000000
0.0000590367
0.0000006384
0.0000000000
0.0675597116
0.0000000000
0.0000000000
0.0000000000
-0.0000000000
0.0000000000
-0.0000000000
0.0000000000
-0.0000000000
0.0000000000
-0.0000000000
-0.0000000000
0.0000000000
-0.0000000000
-0.0000000000
0.0000000000
-0.0000000000
-0.0000000000
0.0005303034
-0.0000000000
0.0000000000
-0.0000000000
-0.0000000000
0.0000000001
0.0000000000
0.0000000000
0.0000000000
0.0000000000
-0.0000000000
-0.0000000000
0.0000000000
0.0000000000
0.0000000000
-0.0000758709
0.0000000000
0.0000000000
0.0000000000
0.0000000000
0.0000000000
-0.0000000000
0.0000000000
-0.0000000000
0.0000000000
0.0000002492
-0.0000000000
0.0000000000
0.0000000000
0.0000000000
-0.0000000000
0.0000000000
-0.0000000000
-0.0000000000
0.0556173809
0.0000000000
0.0130404746
-0.0000000000
0.0000000000
0.0000000000
-0.0000000000
0.0318120457
0.0000133544
0.0000000000
0.0421912968
0.0004120699
-0.0000000000
-0.0000000000
0.0000000000
0.0000000000
0.0000000000
-0.0000000000
0.0000000000
0.0000000000
-0.0000000000
-0.0000000000
0.0000000000
0.0000000000
-0.0000000000
-0.0000000000
-0.0000000000
-0.0000000000
0.0000000000
0.0000020152
0.0000000000
-0.0000000000
-0.0000000000
0.0000000000
-0.0000000000
0.0000000000
0.0000177205
0.0000000000
-0.0000000000
0.0239900686
0.0000000000
-0.0000000000
-0.0000000000
-0.0000000000
0.0000000000
-0.0000000000
0.0000000000
0.0000000000
-0.0000000000
0.0000467524
-0.0000000000
-0.0000000000
-0.0000000000
-0.0000000000
0.0000000000
0.0000000000
0.0000000000
-0.0000000000
-0.0000000000
0.0000000000
0.0000000000
0.0000000000
-0.0000000000
0.0000000000
0.0000000000
-0.0000000000
-0.0000000000
0.0000000000
0.0000000641
0.0000000000
0.0000000000
-0.0000000000
-0.0000000000
0.0000000000
0.0024980674
0.0026031383
-0.0000000000
-0.0000000000
-0.0000000000
0.0363180786
0.0000000000
0.0000000000
0.0000000000
0.0010255420
-0.0000000000
-0.0000000000
0.0000000000
0.0000000158
-0.0000000000
0.0000000000
-0.0000000000
0.0979864374
0.0000000000
-0.0000000000
0.0000000000
0.0002506400
0.0000000000
0.0000000000
-0.0000000000
0.0000000000
0.0000367169
0.0000024341
0.0000000000
0.0000000000
0.0000000000
0.0000000000
0.0000000000
-0.0000000000
0.0000000000
0.0000000000
0.0000393357
-0.0000000000
0.0000000309
-0.0000000000
0.0000018303
-0.0000000000
-0.0000000000
-0.0000000000
0.0000000000
-0.0000000000
-0.0000000000
0.0000000000
0.0000000000
-0.0000000000
0.0000000000
0.0000000000
-0.0000000000
0.0066038715
-0.0000000000
0.0000000000
0.0000000000
0.0000000000
0.0000000000
0.0000000000
0.0000000000
0.0000000000
0.0000660620
-0.0000000000
-0.0000000000
-0.0000000000
0.0000014759
-0.0000000000
0.0000000000
0.0000000000
0.0000000000
0.0000000000
0.0000000000
0.0000000000
0.0000000000
0.0041548465
-0.0000000000
0.0000020126
0.0000000000
0.0000000000
0.0017629579
0.0000000000
-0.0000000000
-0.0000000000
-0.0000000000
0.0000000000
0.0000000002
0.0000000000
-0.0000000000
0.0000000000
0.0331252962
-0.0000000000
0.0000000000
0.0000000000
0.0000000000
0.0000000000
-0.0000000000
-0.0000000000
-0.0000000000
-0.0000000000
0.0000000000
-0.0000000000
0.0000000000
-0.0000000000
0.0000000000
0.0006382888
0.0000000000
-0.0000000000
-0.0002049841
0.0000200354
-0.0000000003
0.0000000000
-0.0000000000
0.0000000000
0.0000000000
0.0000164388
-0.0000000000
0.0000000000
0.0000000000
0.0000000000
-0.0000000000
-0.0000000000
0.0000000000
-0.0000000000
0.0153694265
0.0000000000
-0.0000000000
-0.0000000000
-0.0000000000
0.0006180905
-0.0000000000
-0.0000000000
0.0000000000
-0.0000000006
0.0000000000
0.0000000003
0.0003087951
-0.0000000000
-0.0000000000
-0.0000000000
-0.0000000000
0.0000000000
0.0000000000
0.0000000000
0.0000000000
0.0000000000
-0.0000000000
-0.0000000000
0.0000000000
-0.0000000000
0.0000000000
0.0000000000
-0.0000000000
0.0000000000
-0.0000000000
0.0000000000
0.0000000000
-0.0000000000
0.0000000000
-0.0000000000
-0.0000000000
0.0000000000
0.0000425589
0.0000000000
0.0000000000
0.0000000000
0.0000000000
0.0000000000
0.0000000000
-0.0000000000
0.0000000000
0.0000000000
-0.0000000000
-0.0000000000
0.0000000000
0.0000000896
0.0000000000
-0.0000000000
0.0000000000
-0.0000000000
0.0000000000
-0.0000000000
0.0000000000
0.0000000000
0.0000000000
-0.0000000000
0.0000000010
0.0000000000
0.0000000000
-0.0000000000
0.0000000000
0.0000000000
0.0000267598
0.0016418557
-0.0000000000
0.0000635505
0.0000000000
0.0000000000
-0.0000000000
0.0000000000
0.0000000000
-0.0000000000
0.0000000000
-0.0000000000
-0.0000000000
-0.0000000000
0.0000000000
0.0002200928
0.0000012008
-0.0000000000
0.0000000000
-0.0034216659
-0.0000000000
0.0000000000
0.0557088703
-0.0000000000
0.0045345812
0.0116531104
0.0022455682
-0.0000000000
0.0000000000
0.0000000000
0.0000000000
0.0000000000
0.0000000000
-0.0000000000
-0.0000000000
0.0000000000
0.0000000001
-0.0000000000
-0.0000000000
0.0059098350
-0.0000000000
0.0000000000
-0.0000000000
-0.0000005923
0.0000000000
-0.0000000000
0.0000000000
-0.0000000000
0.0000000000
-0.0000000000
-0.0000000000
0.0000000000
-0.0000000000
-0.0000000000
-0.0000000000
0.0000000000
0.0527627431
0.0000000000
-0.0000000000
-0.0000000000
-0.0000000000
0.0000000000
-0.0000000000
-0.0000000000
-0.0000000000
0.0000000000
0.0000000000
0.0000000000
0.0000000000
0.0169028845
0.0013904044
0.0000000000
0.0000000000
0.0266266894
0.0000000000
0.0000000000
-0.0000007415
-0.0000000000
0.0000000000
0.0000000000
-0.0000000000
-0.0000000000
0.0008320108
-0.0000000000
0.0000000000
-0.0000000000
0.0000000002
0.0572252497
-0.0000000000
0.0000000000
0.0000000000
0.0000000000
-0.0000000000
-0.0000000000
-0.0000000000
-0.0000000000
-0.0000000000
0.0000000000
0.0000528202
-0.0000000000
0.0000000000
0.0003047330
0.0000000000
0.0000000000
-0.0000000000
0.0000000000
-0.0000000000
0.0000000016
0.0000000001
-0.0000000000
0.0000000000
-0.0000000000
-0.0000000000
-0.0000000000
-0.0000000000
0.0000001743
0.0000000000
0.0007779346
-0.0000000000
0.0000000000
0.0336775966
0.0000000000
0.0000000000
0.0000000000
-0.0000000000
0.0000000000
0.0000000000
-0.0000007660
-0.0000000000
0.0000000000
0.0000000000
0.1337701976
0.0000000000
0.0053971768
0.0456102677
0.0000000000
-0.0000000000
-0.0000000000
0.0000000000
0.0000000000
0.0000126266
0.0000000000
0.0000000000
0.0000000000
0.0000000000
-0.0000000000
-0.0000000000
-0.0000000000
-0.0000000000
-0.0000000000
-0.0000000000
0.0000000000
0.0000000000
0.0000000000
0.0000000000
0.0000000000
-0.0000000000
-0.0000000000
0.0000000000
-0.0000000000
0.0000000000
0.0000000000
-0.0000000000
0.0000000000
0.0000000000
0.0000000000
0.0000000000
-0.0000000000
-0.0000000000
0.0000000000
-0.0000000000
-0.0000000000
-0.0000000000
-0.0000000000
-0.0000000000
-0.0000000000
0.0002453500
0.0000000000
-0.0000000000
0.0000000000
-0.0000000000
0.0000000000
-0.0000000000
-0.0000000000
-0.0000000000
-0.0000025170
0.0000000000
0.0018125711
-0.0000000000
-0.0000000000
0.0000000000
0.0000000000
-0.0000000000
0.0000000000
-0.0000000000
-0.0000000000
-0.0000000000
0.0000000000
-0.0000000000
0.0000013584
0.0000278892
-0.0000000000
-0.0000000000
0.0025515601
0.0000000000
-0.0000000000
0.0000000000
-0.0000000000
0.0000000528
-0.0000000000
0.0000000000
0.0000000000
-0.0000000000
-0.0000000000
0.0000000000
0.0533137880
0.0000000000
0.0000000000
-0.0000000000
0.0000000000
0.0000000000
0.0000000000
0.0000000000
-0.0000000000
-0.0000000000
-0.0000000000
0.0000000000
-0.0000000000
-0.0000000000
0.0000000011
0.0000000000
0.0000000000
0.0000000000
-0.0000000000
0.0000000000
0.0000000000
0.0000000351
-0.0000000000
0.0000000000
0.0000000000
-0.0000000000
0.0000000000
0.0074162353
0.0000000000
0.0000000000
0.0000000000
0.0000000000
-0.0000000000
0.0000000000
0.0046156705
0.0000000000
-0.0000000000
0.0000000000
-0.0000000000
0.0000000000
-0.0000000000
0.0000000000
-0.0000000000
0.0000000000
-0.0000000000
0.0000000000
0.0000000593
0.0000000000
-0.0000000000
0.0000000000
0.0000009142
-0.0000000000
0.0000000000
0.0137640145
0.0000000000
0.0425367951
-0.0000000000
0.0000002499
0.0000000000
0.0000000000
0.0003065424
0.0000000000
-0.0000000000
0.0000000000
0.0000000000
-0.0000000000
0.0000000000
0.0012107777
0.0000000000
-0.0000000000
0.0000000000
0.0000000000
0.0000000000
0.0000000000
0.0000000000
0.0000000660
-0.0000000000
0.0000335252
-0.0000000000
0.0000000000
0.0000000000
-0.0000000000
0.0000000000
-0.0111303432
-0.0000000000
0.0000000000
0.0000000000
-0.0000000000
-0.0000000000
0.0000000000
-0.0000000000
0.0000000000
-0.0000000000
-0.0000000000
0.0000000000
-0.0000000000
-0.0000000000
0.0000000000
-0.0000000000
0.0000000000
-0.0000000000
-0.0000000000
-0.0000000000
0.0000000000
-0.0000000000
-0.0000000000
0.0000000000
0.0000000000
-0.0000000000
0.0000000000
-0.0000000000
0.0000000000
0.0000627594
-0.0000000000
0.0001319112
0.0937417373
-0.0000000000
0.0000000000
0.1350809038
0.0000000000
0.0281634778
0.0020283419
-0.0000000000
-0.0000000000
0.0121677630
-0.0000000000
0.0000000000
-0.0000000000
0.0000000000
-0.0000000000
-0.0000000000
-0.0000000000
-0.0000000000
0.0000000000
0.0000000000
-0.0000000000
-0.0000000000
0.0000720365
-0.0000000000
-0.0000000000
0.0000000000
0.0000000000
-0.0000000000
0.0000000000
0.0000000000
0.0000000000
-0.0000000000
-0.0108234426
0.0000000000
0.0000000000
0.0000000000
0.0000000000
0.0000000000
-0.0000000000
-0.0000000000
-0.0000000000
-0.0000000000
0.0000000373
0.0000000000
0.0000000000
0.0000000000
-0.0000000000
-0.0000000000
0.0000000000
0.0000000000
0.0000000000
0.0000005703
-0.0000000000
-0.0000000000
-0.0000000000
0.0000000000
0.0000000000
0.0000000000
0.0000000000
0.0000000000
-0.0000000000
0.0000000000
0.0000000000
-0.0000000000
0.0000000000
0.0000000000
0.0000000127
-0.0000000000
-0.0000000000
0.0000000002
0.0000000000
0.0076997704
0.0000000000
0.0000000000
0.0000000000
0.0068889726
0.0000000000
-0.0000000000
0.0000016026
0.0000000000
-0.0000000000
-0.0203795303
-0.0000000000
-0.0000000000
-0.0049404330
-0.0000000000
0.0000000000
-0.0000000000
0.0018263146
-0.0000000000
0.0202168450
-0.0000000000
0.0000902096
0.0000000000
0.0000000000
0.0000000315
-0.0000000000
0.0000004589
-0.0000000000
0.0000005234
-0.0000000000
-0.0000000000
0.0000000000
0.0000000000
-0.0000000000
-0.0000000000
0.0000000000
0.0000000000
0.0000000000
0.0000000000
-0.0000000000
-0.0000000000
-0.0000000493
-0.0000000000
0.0000000000
-0.0000000000
-0.0000000000
0.0000000000
0.0000000000
0.0000000000
-0.0000000000
0.0000000000
-0.0000000000
0.0000000000
-0.0000000000
-0.0000000000
-0.0000000000
0.0000000000
-0.0000000000
-0.0000000000
-0.0000000000
-0.0000000000
-0.0000000000
-0.0000000000
0.0070016677
0.0000000000
0.0000000000
0.0000000000
0.0402161479
0.0000000568
-0.0000000000
0.0000000000
0.0105408896
0.0000000000
-0.0000000000
0.0000000000
-0.0000000000
0.0028684030
0.0000000000
-0.0000000000
-0.0000000000
-0.0000000000
-0.0000000000
0.0008340065
0.0014714132
-0.0000000000
0.0000000901
-0.0000000000
-0.0000000045
0.0000000000
0.0034002229
-0.0000000000
-0.0000000000
-0.0000000000
-0.0000000000
0.0003075292
-0.0000000000
0.0000000000
0.0000000000
0.0000000000
0.0000000000
-0.0000000000
-0.0000000000
0.0000000000
-0.0000000000
-0.0000000000
0.0000000000
0.0000000000
0.0000049716
0.0000000000
-0.0000000000
0.0067782812
0.0000000000
0.0000000013
0.0000000000
-0.0000000000
-0.0000000000
0.0000000000
0.0000000000
-0.0000000000
-0.0213874541
-0.0000000000
0.0000000000
-0.0000000000
0.0000000000
0.0000000000
0.0000000000
0.0000000000
0.0019774460
0.0000000000
0.0000124189
0.0000000000
0.0000000000
-0.0000000000
0.0000000000
-0.0000000000
0.0000000000
0.0000000000
-0.0000000000
-0.0000000000
0.0000000000
0.0000000000
-0.0000004719
0.0000000000
0.0000000000
-0.0000000113
0.0000000000
-0.0000064851
0.0000000000
-0.0000000000
0.0000000000
-0.0000000000
0.0001071723
-0.0000000000
0.0000012500
-0.0000000000
0.0000000000
-0.0000000000
-0.0000000000
0.0000000000
-0.0000000000
0.0000000000
-0.0000167425
0.0000000000
0.0000000000
-0.0000000000
0.0000000000
0.0000000000
0.0000000000
0.0000000000
0.0000000000
-0.0000000000
-0.0000000000
0.0000000000
0.0000000000
0.0000000000
0.0000000000
0.0000000574
0.0000000000
0.0000000000
-0.0000000000
0.0000000000
-0.0000000000
0.0000000000
-0.0000000000
-0.0000000000
0.0000000000
0.0000000000
-0.0000000000
0.0000000000
-0.0000000000
0.0000000000
0.0000000101
-0.0000000000
-0.0000000000
-0.0000000002
0.0000000000
-0.0000000000
-0.0000000000
-0.0000000000
0.0000000000
-0.0000000000
0.0000000000
-0.0000000063
0.0000000000
-0.0000000000
0.0000000000
-0.0000000000
0.0000000000
0.0000000000
-0.0000000000
0.0008616787
-0.0000035247
-0.0000000000
-0.0000000000
0.0000000000
0.0000000000
-0.0000000000
0.0000000000
-0.0000000000
-0.0000000006
0.0000000000
0.0000000000
0.0000000000
0.0000212475
0.0000000000
0.0000000006
0.0000000582
-0.0000000000
-0.0000003875
0.0000000000
0.0000000000
0.0000000000
0.0000000000
-0.0001065916
-0.0000000000
-0.0000045361
0.0000000000
0.0000000000
-0.0000000000
-0.0000000000
0.0000000000
0.0000000000
-0.0000000000
0.0000000000
0.0068280166
-0.0000000000
-0.0000000000
0.0000000000
0.0000000000
-0.0000000000
0.0000000000
-0.0000000000
-0.0000000000
0.0000000000
-0.0000000000
0.0000000000
0.0163595024
0.0000000000
0.0059446944
0.0000298730
0.0000000000
0.0000000000
-0.0000000000
0.0000000000
0.0000000019
-0.0000000000
0.0000156238
-0.0000000000
-0.0000000000
0.0000000000
0.0000000000
0.0000000000
0.0000000000
-0.0000000000
0.0000000000
0.0001676416
0.0000000000
0.0000000000
0.0000009374
0.0000000000
0.0000000000
0.0011665032
0.0000000000
-0.0000000000
-0.0000000000
-0.0000000000
0.0000000000
-0.0000000000
-0.0000000000
0.0000000000
0.0000000000
0.0000000000
-0.0000000000
-0.0000000000
0.0000000000
-0.0000000014
-0.0000001896
0.0000000100
-0.0000000000
0.0013083756
-0.0000000000
0.0000000000
-0.0000000000
-0.0000000000
0.0000000000
-0.0000000000
0.0003090967
0.0000000000
-0.0000000000
0.0000000000
-0.0000000000
0.0000000000
0.0000000000
0.0000000000
0.0000000000
-0.0000000000
0.0000834367
0.0000000000
0.0000000000
-0.0000000000
-0.0000000000
0.0000000000
0.0052725221
0.0000000000
-0.0000000000
0.0084632291
-0.0000000000
0.0000000000
0.0000000000
0.0000000000
-0.0000000000
-0.0000000000
-0.0000000000
0.0000000000
0.0000000000
0.0000000000
-0.0000000166
0.0000000000
0.0000000000
0.0000000896
0.0000000000
0.0000000000
-0.0000000000
0.0000000000
-0.0000000000
-0.0000000000
0.0037141279
0.0000000000
-0.0000000383
0.0000000000
0.0000000000
0.0000000000
-0.0000063533
-0.0000000000
0.0000000000
0.0000000000
0.0000000000
0.0017784976
-0.0000000000
0.0000000000
0.0000000000
-0.0000011435
0.0000062206
-0.0000000000
-0.0000000000
0.0001048159
0.0000000000
0.0000000000
0.0000000000
0.0000000000
0.0000000000
0.0000000000
0.0000000000
-0.0000000000
-0.0000000000
0.0000000000
0.0000000000
0.0172279440
0.0039762296
0.0000000000
0.0000000000
-0.0000000000
-0.0000000000
0.0000153827
0.0000000000
-0.0000000000
0.0000000000
0.0000000000
-0.0000000000
-0.0158320777
-0.0000000000
0.0000000000
0.0000000000
-0.0000000000
-0.0000000000
0.0000000004
-0.0000000000
0.0000000000
0.0000019258
0.0000000000
0.0052697458
-0.0000000000
0.0000000000
0.0000000000
-0.0000000000
-0.0000000000
-0.0000000000
-0.0000000000
-0.0000000000
0.0000000000
-0.0000000000
0.0000000000
-0.0000000000
-0.0000000000
0.0000000000
0.0000000000
0.0000000000
-0.0000000000
0.0000000000
0.0000000000
0.0000000000
0.0000000000
0.0000000000
0.0000000000
0.0025111942
-0.0000000000
0.0000000000
-0.0000000000
-0.0000000000
0.0000000000
-0.0000000000
-0.0000000000
0.0000000000
0.0000000000
0.0000000000
0.0002845536
0.0000000000
0.0001986405
0.0000000000
0.0000000000
0.0000000000
0.0000000001
0.0000000000
0.0000005752
0.0000000000
0.0000000000
0.0000000000
0.0000000000
-0.0000000000
0.0000000000
0.0000000000
0.0000000000
0.0002892389
0.0000000000
0.0000000000
0.0000000000
-0.0000000000
0.0000000000
0.0000000000
-0.0000000000
-0.0000000000
0.0000006422
-0.0000000000
0.0000000000
-0.0000000000
0.0000000000
-0.0000000000
-0.0000000000
0.0000000000
0.0000000000
0.0000000000
-0.0000000000
-0.0000000000
-0.0000000000
-0.0000000000
-0.0000000001
0.0000000000
-0.0000000000
0.0000000000
-0.0000000000
-0.0000034118
-0.0000000000
0.0112567581
0.0000000000
0.0000000000
0.0000000008
-0.0000000005
0.0000000000
0.0000000000
-0.0000147097
0.0000000000
-0.0000000000
0.0000000000
0.0000000000
-0.0000000000
-0.0000000000
0.0000000000
-0.0000000000
0.0000000000
-0.0000000000
0.0000000000
0.0000000008
-0.0000000000
-0.0000000000
0.0000000002
0.0000000000
0.0000690128
0.0000019230
-0.0000000000
0.0000000000
-0.0000000000
0.0000000000
-0.0164055899
-0.0000000000
-0.0000000000
-0.0000000000
-0.0000000055
-0.0000000000
0.0000005449
0.0000000000
0.0000000000
-0.0000000000
0.0000000000
0.0000216896
0.0000000000
-0.0000000000
0.0165641177
-0.0000000000
-0.0000000000
-0.0000000000
-0.0000000000
-0.0000000000
-0.0000000000
-0.0000000000
0.0000000000
0.0000000000
0.0000000000
-0.0000000000
0.0000000000
-0.0000000000
0.0000912310
0.0000000159
-0.0000000000
0.0000000000
-0.0000000000
0.0000000000
0.0042781234
0.0000000000
-0.0000000000
-0.0000000000
-0.0000000000
0.0000000000
0.0002772590
-0.0000000000
-0.0000000000
-0.0000000000
-0.0000000000
0.0000000000
0.0000000041
0.0000000000
0.0399914458
0.0000000000
0.0000000000
-0.0000000000
0.0000000000
0.0000000000
0.0000000000
0.0000000000
-0.0000000000
-0.0000000000
0.0000000000
-0.0000000177
0.0000000000
-0.0000000000
0.0000057507
0.0000000000
-0.0000000000
0.0000061706
0.0000000000
0.0000000000
-0.0000000027
0.0000000000
0.0000000000
-0.0000000000
-0.0000000000
0.0000000000
-0.0000000000
0.0000000090
0.0120258359
-0.0000000000
-0.0000000000
0.0001860724
0.0000000000
-0.0000000000
-0.0000000000
-0.0000000000
-0.0000000000
-0.0000000000
0.0000000000
-0.0000000000
0.0000000000
0.0000000000
-0.0000000000
-0.0000000003
-0.0000000000
0.0000000000
-0.0000000000
-0.0000000000
-0.0000000000
0.0000000000
-0.0000000000
-0.0000000000
0.0000000000
0.0395053774
-0.0000000000
0.0000000000
-0.0000000000
0.0000369056
-0.0000000000
0.0000000000
-0.0000030174
0.0000000000
0.0000000000
-0.0000000000
0.0000000000
0.0000000000
0.0000000000
-0.0000000000
0.0006341338
-0.0000000000
-0.0000000904
0.0000000000
0.0000000000
-0.0000000000
0.0034375722
0.0000000000
-0.0000000000
-0.0000000000
0.0000000000
0.0007577356
0.0000000000
-0.0000000000
0.0000000000
0.0000000000
0.0000000000
-0.0000000000
-0.0000000000
-0.0000000000
0.0000000000
-0.0000000000
0.0000000000
-0.0000000000
0.0018034654
0.0000000104
0.0000000000
-0.0000078823
0.0000000411
0.0000000000
0.0021282099
-0.0000000000
-0.0000000000
-0.0000000000
-0.0000000000
0.0000000000
-0.0000000000
0.0000003721
0.0000000000
-0.0000000000
-0.0000000000
