-0.0054898295
-0.0434766077
-0.0269758422
-0.0000000844
-0.0098753525
-0.0000594104
-0.0000000372
0.0015468036
0.0199918915
-0.0105602816
0.0095044347
0.0000095354
-0.0095797637
-0.0000005441
0.0000619096
-0.0033132115
-0.0006676426
0.0110556483
0.0000000197
-0.0230891258
0.0001599002
-0.0021052703
0.0112321433
0.0092502311
0.0009553770
0.0286468007
-0.0000718147
-0.0146083543
-0.0144594135
-0.0523842014
0.0000014828
0.0183546580
-0.0000004654
-0.0174846146
0.0163998883
0.0030293232
-0.0137754325
0.0017487661
0.0047837771
0.0226455238
0.0318306088
0.0033005979
0.0380607098
0.0000865889
0.0075391829
0.0328160226
0.0252044648
-0.0131081417
-0.0002031658
0.0169796254
0.0045092581
0.0033215221
-0.0000004059
0.0258310884
0.0028176229
0.0063782400
0.0000041398
-0.0050837756
-0.0035786910
0.0414855815
0.0005354469
0.0059652766
-0.0076379306
0.0345829241
0.0000003015
-0.0000277702
0.0095242504
0.0013371034
-0.0092020370
-0.0162391085
-0.0194048509
-0.0000000881
-0.0000001829
0.0052998262
-0.0104352338
-0.0359609574
0.0000000209
0.0077102259
0.0000004505
-0.0000000015
-0.0299829412
-0.0457530878
0.0000083333
0.0000000686
-0.0000355664
0.0000030608
0.0014024995
0.0001855892
0.0072261025
-0.0056715906
0.0002298748
-0.0027058641
0.0107961614
0.0321507156
-0.0655555725
-0.0536684729
-0.0058049434
0.0209337939
-0.0070936838
-0.0003739523
0.0093115978
-0.0000000212
0.0000408536
-0.0186271295
0.0022708345
0.0000000148
-0.0178909805
0.0216927435
0.0218676236
-0.0010341215
-0.0084084533
0.0000632662
-0.0211589038
-0.0000220911
-0.0177752562
0.0000004370
-0.0000008893
-0.0007833779
-0.0038532505
-0.0078399917
-0.0080233300
0.0243706405
0.0007889598
0.0005905757
0.0065854220
0.0005739869
0.0021446450
0.0042261952
0.0011406280
-0.0403162092
0.0383009240
0.0242799968
-0.0000054494
-0.0032194590
-0.0329049006
-0.0432034545
-0.0041932431
0.0113986423
0.0055334913
-0.0377058126
0.0441622622
-0.0120090228
0.0550319627
0.0227904692
0.0000182423
-0.0037376492
0.0005801571
-0.0000608144
-0.0022738916
-0.0065648942
-0.0096162250
0.0122995377
-0.0433553383
0.0196255539
0.0093909213
-0.0203339551
-0.0008336272
-0.0276291948
-0.0214983169
0.0021041567
0.0398282036
0.0054316544
0.0006784716
-0.0000439164
0.0080116019
0.0012410431
0.0182213113
0.0028060966
0.0124997571
0.0021930442
-0.0331113301
0.0243838802
0.0000000021
0.0291170329
0.0172049757
0.0541012622
-0.0042403555
-0.0263729505
0.0172974225
-0.0197772346
0.0037989486
-0.0372243002
-0.0034927349
-0.0114509147
0.0000002524
-0.0075514806
0.0006480323
0.0030745822
0.0136401067
0.0024602704
0.0012118925
0.0134940846
0.0024915286
-0.0003122709
0.0071439403
-0.0093833869
0.0000302211
0.0000000024
-0.0099773202
-0.0189906880
0.0000043074
-0.0000000662
0.0221468378
-0.0302529577
-0.0213582665
0.0002451257
0.0068641086
0.0036841515
0.0131181637
-0.0118656708
0.0013355014
-0.0484503284
-0.0291539915
-0.0503464602
0.0022250742
-0.0034705561
-0.0078635989
0.0006045293
-0.0348944701
-0.0354712754
-0.0123147052
-0.0101413922
-0.0000019221
-0.0000145510
-0.0000000810
-0.0000003902
-0.0219828896
-0.0129419118
-0.0124244262
0.0215601642
0.0195268858
0.0008686789
0.0408770740
-0.0181867778
-0.0006573172
0.0000841886
0.0097203897
0.0000000006
0.0120077031
0.0158870537
0.0031157744
0.0389940813
0.0010613236
0.0407440811
-0.0000055449
0.0388820693
0.0000020525
0.0309005938
0.0001183689
0.0000005145
-0.0279129017
-0.0038521772
0.0392707549
-0.0289107040
0.0174305439
-0.0017317790
-0.0133251892
-0.0000982244
-0.0094671594
-0.0012869986
0.0444209427
-0.0631035492
-0.0438451841
0.0046601640
-0.0209034476
0.0055377753
0.0233960692
-0.0030015740
-0.0062964922
-0.0271724835
-0.0000001180
0.0001062486
0.0106954100
0.0390448496
-0.0232033655
-0.0169980451
0.0003027913
-0.0000106205
-0.0241932068
-0.0682331473
-0.0007421445
0.0000000932
-0.0063469191
-0.0165857859
-0.0290102940
-0.0676809177
-0.0083219875
-0.0108035235
-0.0099619348
-0.0140191149
0.0054036966
0.0226339083
-0.0058244169
-0.0075144959
-0.0375311300
-0.0008621805
0.0381921865
-0.0108887134
0.0043152198
0.0089069568
-0.0058357334
0.0252950788
0.0233990997
0.0012751556
-0.0336638130
-0.0000000022
-0.0000000310
0.0018999286
-0.0254704729
0.0114483191
-0.0266149156
-0.0329714678
0.0047836900
0.0157005154
0.0014960961
0.0000002441
-0.0037015388
0.0204872806
-0.0062845112
-0.0000000982
-0.0541749336
0.0003038665
0.0021115160
-0.0115300482
0.0029867725
-0.0017220015
-0.0023573819
-0.0000009362
0.0330914631
-0.0003590249
-0.0146918809
-0.0088231498
-0.0000000026
-0.0034758362
-0.0170323532
0.0178418923
0.0010942220
0.0004299642
0.0001639877
0.0020081601
-0.0000000956
0.0051377998
-0.0028163965
-0.0031586548
0.0009466979
-0.0541803353
-0.0540609881
0.0000023431
-0.0251083840
-0.0617138669
-0.0479218177
0.0315255523
-0.0194945652
-0.0457489416
-0.0283371210
-0.0456628576
0.0088901492
-0.0374833755
0.0194121487
0.0060499432
-0.0258849021
0.0486689694
0.0003377703
0.0160438791
0.0146967405
-0.0130216433
-0.0017136043
-0.0138872787
-0.0037275008
0.0007864931
0.0001063111
0.0144005185
0.0165061783
0.0013568054
0.0000001195
-0.0045887418
-0.0680938885
0.0002013940
0.0054954439
0.0030190784
0.0000001016
-0.0072970348
0.0002047487
-0.0353643708
-0.0000776067
-0.0694799423
-0.0286314469
0.0127957342
0.0114607792
0.0000001317
0.0000004335
-0.0042476710
0.0303041134
-0.0466844998
-0.0057974271
-0.0335186534
0.0447103716
-0.0225897115
0.0009129155
0.0355843194
-0.0316419490
0.0011215146
0.0054360381
-0.0099657550
-0.0381497256
0.0000000016
-0.0021433486
-0.0398625582
0.0094729168
0.0007796134
-0.0001198265
0.0177766383
0.0000838614
-0.0583415963
-0.0161310136
-0.0057342174
0.0067249336
0.0000200075
-0.0665923730
-0.0015341664
-0.0273725893
0.0035387499
-0.0002682455
-0.0109709660
-0.0521669872
-0.0000011575
-0.0168223735
-0.0000036232
0.0064655952
0.0080679273
0.0083299456
-0.0038752235
-0.0027307924
-0.0172953289
-0.0130459797
-0.0269917268
0.0069983345
-0.0282571446
-0.0409624614
-0.0887455270
-0.0114357481
0.0467307307
0.0000000119
-0.0227787476
-0.0043762848
-0.0023909726
0.0000002407
-0.0470547862
-0.0255622789
-0.0201830324
-0.0000000245
-0.0255205017
0.0000000030
0.0128906667
-0.0000000009
-0.0304014273
0.0006267097
0.0313428193
0.0000002876
0.0000005542
-0.0090920608
0.0006422109
-0.0000008651
-0.0055135516
0.0003779875
-0.0003170918
0.0000083713
-0.0010465423
-0.0976455584
0.0344514549
-0.0353583507
0.0000729802
-0.0081481123
-0.0000001400
-0.0297016203
-0.0560075492
-0.0083832815
0.0059738038
0.0000003045
0.0270403326
-0.0496968813
0.0000000175
-0.0004277735
-0.0604396127
0.0209954362
-0.0763162449
-0.0360182896
0.0354556814
-0.0810039714
-0.0257498473
-0.0000002461
0.0132934880
-0.0262984075
0.0010646958
-0.0012803160
0.0260029603
-0.0383586809
-0.0003554636
0.0000000054
-0.0119854966
0.0017487606
-0.0152468774
-0.0085990401
-0.0170613043
-0.0095478632
0.0009255874
-0.0238362588
0.0014749600
-0.0156656019
0.0000000061
-0.0371080078
-0.0082683889
-0.0104079153
-0.0004650005
0.0312639996
0.0183631629
0.0303007383
-0.0000624161
-0.0150390100
0.0085581979
-0.0000005908
0.0004921004
-0.0000006594
0.0161953457
-0.0030193401
0.0082454123
0.0436915755
0.0009464088
-0.0319702365
-0.0000000144
-0.0012044946
-0.0098775364
-0.0419902392
-0.0493186377
-0.0044256249
0.0010528092
-0.0282980539
-0.0000152757
-0.0003567366
-0.0184753127
-0.0269189589
0.0121990405
0.0413494743
-0.0246426463
0.0005142632
0.0006101212
-0.0000202879
0.0124554401
-0.0025584351
0.0020787932
-0.0003134368
-0.0283894632
0.0067286938
0.0104987109
0.0002368011
0.0000196419
0.0000013803
-0.0000001103
-0.0587359890
-0.0026924645
0.0242684297
-0.0000000584
0.0000519735
-0.0000006758
0.0000014292
0.0505357943
-0.0000006941
-0.0225560460
-0.0497339666
-0.0000002394
0.0301346537
-0.0000000056
0.0054080328
-0.0025246700
0.0265996121
-0.0261719823
0.0000000236
0.0072915424
-0.0169918537
-0.0000155322
-0.0000007279
0.0345904306
0.0070907283
0.0308281332
-0.0022706699
0.0009454818
0.0157678705
-0.0117250374
-0.0005507866
0.0187980961
-0.0364903286
0.0005982962
-0.0012489713
-0.0030611327
-0.0007866427
-0.0591700524
-0.0224378780
-0.0001940347
-0.0004271420
0.0127118090
0.0000002213
-0.0424403846
-0.0000000408
0.0153001696
0.0000001850
0.0308218841
-0.0096991016
-0.0159094799
-0.0081959395
0.0150627503
0.0077588791
0.0035233211
-0.0000039584
0.0000680825
-0.0046092435
-0.0344063528
-0.0183102041
0.0012565689
-0.0002390496
-0.0528056435
-0.0035735467
-0.0345889814
0.0004003248
0.0175303221
0.0044020531
0.0236027297
0.0011283045
-0.0406028368
-0.0000146771
0.0000005109
0.0035134531
0.0003450692
-0.0006806459
0.0098772617
-0.0055173747
0.0076738484
0.0004107563
-0.0000001865
-0.0001716968
0.0128003703
0.0241164025
0.0273664389
-0.0119237518
0.0003479957
-0.0000000003
-0.0082954522
0.0003014201
-0.0108532226
-0.0000000108
0.0000004980
-0.0346411914
0.0101842033
0.0006390045
-0.0000000925
0.0601478629
0.0227066502
-0.0541121997
-0.0272894781
-0.0441961028
-0.0422129892
0.0023610026
-0.0317335613
0.0066906209
-0.0012617017
0.0055101481
0.0123918746
-0.0221545063
0.0103863757
-0.0265812650
-0.0000000962
-0.0146914097
-0.0267648753
-0.0000000003
0.0107669747
-0.0075938427
0.0061252923
-0.0149325598
-0.0040626428
-0.0119021833
-0.0152483508
0.0000000316
0.0037538789
-0.0000000049
0.0005247177
-0.0133408355
0.0078847082
-0.0445295274
-0.0338370502
0.0035430836
0.0065903929
-0.0107721416
-0.0000046396
-0.0182755310
0.0016219086
0.0000002123
0.0496676601
0.0076172296
-0.0053373436
0.0000371224
0.0000000152
-0.0000000097
-0.0371928476
0.0132509051
0.0000002281
-0.0031483113
0.0122374361
-0.0007968093
0.0335082226
-0.0052597751
0.0035566734
-0.0084021799
0.0032283720
-0.0349692218
0.0000006322
-0.0095578525
-0.0000051637
-0.0203201119
-0.0148550300
0.0040833526
-0.0233648028
-0.0000076381
-0.0023392907
0.0013827546
-0.0147137642
-0.0000002898
-0.0007403012
-0.0025403067
-0.0170435701
-0.0000000103
-0.0095441118
0.0001528886
-0.0255007595
0.0000001102
0.0144197047
-0.0075938781
0.0076648095
-0.0203671493
0.0126345027
-0.0232717469
0.0118610077
-0.0000005143
-0.0265033953
-0.0210717246
-0.0556742884
-0.0136660896
0.0010827336
0.0174152181
0.0008476855
0.0053086844
-0.0000000000
-0.0284413919
-0.0109675433
0.0003901527
-0.0427535065
-0.0529268421
-0.0161298420
0.0021865864
0.0005185179
0.0369975418
-0.0318361185
-0.0000000026
0.0000145770
0.0000000083
0.0000001377
-0.0133957909
0.0042939638
0.0014770394
0.0160838626
-0.0282820165
0.0000371455
-0.0000000033
-0.0090341046
0.0000000005
0.0167251900
-0.0863098204
-0.0011928029
-0.0220076758
0.0156866089
-0.0000026748
0.0000002915
-0.0083117262
-0.0000001237
-0.0317840837
-0.0118375747
-0.0224996787
-0.0012623620
-0.0509621315
-0.0305637456
-0.0264033359
-0.0075745811
-0.0006448087
-0.0186623596
-0.0011248306
0.0000000547
-0.0035746559
-0.0136305699
-0.0000407430
-0.0364613310
-0.0010366519
-0.0414991416
-0.0290587805
-0.0203941166
0.0102816820
0.0101264510
-0.0151346885
0.0010311718
-0.0022960790
-0.0246055145
-0.0017651271
-0.0000028662
-0.0000041457
0.0000000089
0.0050948905
-0.0023404830
-0.0112986695
0.0000001208
0.0000000090
-0.0154003212
-0.0342178456
-0.0148086594
-0.0015059450
-0.0087185772
-0.0896356031
0.0000014811
0.0009119330
-0.0024404572
0.0052788826
0.0006093767
0.0082133282
0.0124962274
-0.0133724082
0.0000447771
-0.0240410864
-0.0000047163
0.0000000987
0.0043340079
0.0529516563
-0.0000001352
0.0000000948
0.0000931623
0.0000037138
0.0061211255
0.0000001182
-0.0063900482
0.0016668276
-0.0000007649
-0.0321825892
-0.0134149250
0.0000000718
-0.0000001512
-0.0000065235
0.0024942202
0.0015963432
-0.0062988736
-0.0372461416
-0.0409922898
0.0000342998
-0.0291096419
-0.0453194641
-0.0021359345
-0.0437435172
-0.0183038544
0.0286050458
-0.0003866268
0.0023859544
0.0062708771
-0.0000379877
-0.0206853393
0.0129244989
-0.0381145813
-0.0189690627
0.0000000013
0.0054605072
-0.0007671471
-0.0173598211
0.0000026979
-0.0173072703
0.0061971610
-0.0000000185
0.0000030377
-0.0234865770
0.0004566662
-0.0285489503
0.0333685949
-0.0310517102
0.0463056415
-0.0110133998
0.0003693561
0.0152350822
-0.0000233798
-0.0152109992
-0.0038554377
0.0000000022
0.0000000511
0.0120591866
0.0017957820
-0.0000005281
-0.0064606611
-0.0257221628
-0.0192985181
0.0248649847
0.0418602265
-0.0647525936
0.0016300764
-0.0273467395
-0.0157801323
-0.0279178116
-0.0173944868
-0.0007587134
0.0215856377
0.0099317264
-0.0249259919
-0.0000010273
0.0429133363
-0.0000001217
-0.0019675058
0.0090357903
-0.0133170271
-0.0240516420
0.0007644352
0.0198370349
-0.0341050997
-0.0102462554
-0.0459694080
-0.0408256762
-0.0353327990
-0.0483224131
-0.0220990330
-0.0246147644
-0.0182609931
-0.0635763630
-0.0623632446
-0.0226163678
-0.0419778973
-0.0243881047
-0.0001924598
-0.0000000026
0.0030792544
-0.0076462892
-0.0033760606
-0.0190132484
0.0011476896
-0.0460710861
-0.0478992499
-0.0105286045
-0.0092071583
-0.0000008981
-0.0417833701
-0.0097376145
-0.0261873472
-0.0129009699
0.0000037293
0.0094449474
-0.0044389591
-0.0131611610
-0.0125469742
0.0115031563
-0.0000012291
-0.0000000546
0.0001717509
0.0007531513
0.0120150615
0.0218570232
-0.0001883881
0.0069879363
0.0175477602
0.0021744226
-0.0003646074
-0.0367150903
-0.0383930057
-0.0000000188
-0.0000020254
-0.0750404224
0.0003905440
-0.0231238697
0.0000096700
-0.0463742539
0.0040670540
-0.0041196244
-0.0020610488
-0.0147980964
0.0000009257
-0.0032106126
-0.0588316247
-0.0281190090
0.0005110538
-0.0000022909
-0.0535203293
0.0193285942
-0.0329600945
-0.0358687118
-0.0442453139
-0.0028503225
-0.0264634416
0.0140805338
-0.0734813437
-0.0192745514
0.0285099745
-0.0000131183
-0.0046953508
-0.0000000288
0.0348655768
0.0000002708
0.0153236724
0.0000391658
-0.0089104958
-0.0001710791
-0.0123986099
-0.0008975392
0.0110811805
-0.0320823565
0.0378888212
0.0277139638
0.0000281542
0.0165973343
-0.0002113499
-0.0082674306
0.0105594052
0.0348642021
0.0097618513
0.0137031553
0.0637105927
-0.0012814308
0.0085132038
0.0028728761
0.0395248719
0.0005896955
0.0370100886
0.0201020334
-0.0041792733
0.0395087190
-0.0000236773
0.0122583555
-0.0415061153
-0.0001739925
0.0204045046
0.0014219690
-0.0052758525
-0.0299945008
-0.0269175377
-0.0270876195
-0.0787326470
-0.0000293298
-0.0135491639
-0.0467765145
-0.0002678346
0.0000000056
-0.0486220047
-0.0138830477
0.0295026507
-0.0024401098
-0.0000003089
-0.0010763695
-0.0596045703
-0.0540958047
-0.0290217977
-0.0417052805
0.0209456906
-0.0105985394
-0.0378211290
-0.0307025928
-0.0739358664
-0.0542798266
-0.0032931319
-0.0515866876
0.0004379105
-0.0000003878
-0.0265276674
-0.0341447257
0.0048742169
-0.0391277969
0.0000406210
0.0000196048
-0.0015744126
-0.0069541233
-0.0010176288
-0.0000040781
-0.0086140363
-0.0000000885
0.0000159928
0.0209343135
-0.0015095943
0.0004273599
-0.0000000156
0.0052129598
0.0005454872
0.0000512928
-0.0486389473
-0.0001280627
0.0231694486
0.0003536752
0.0001335226
-0.0000023985
0.0000091608
-0.0351151265
-0.0135324849
-0.0000005298
-0.0145366807
-0.0000004750
-0.0335410014
0.0236604661
-0.0169750396
-0.0000000652
0.0093368413
-0.0066935816
0.0086787082
0.0244055614
-0.0146731837
-0.0000000027
-0.0000509795
-0.0215974208
-0.0494305044
0.0419791378
0.0000000968
-0.0482978337
-0.0000005506
-0.0687563568
-0.0614469647
-0.0884348378
-0.0157297254
-0.0568122230
0.0000328366
-0.0000005274
-0.0358506441
-0.0000000081
-0.0635745376
0.0000004401
0.0137366122
-0.0234825741
-0.0048785261
-0.0011036375
-0.0329293720
0.0007825931
0.0000730935
-0.0054538338
0.0166309252
0.0067354008
-0.0268884469
-0.0229585208
0.0004376735
0.0000468151
-0.0000024437
0.0022184122
-0.0000000431
0.0107220123
-0.0020825216
0.0377982631
0.0002341848
-0.0000000021
0.0000013797
-0.0054114279
0.0481753051
0.0236744564
0.0002430642
0.0231482368
-0.0000012457
0.0235145465
0.0156553518
-0.0176896844
0.0003418450
-0.0354098976
-0.0086946981
-0.0017680369
-0.0319396518
-0.0038319062
-0.0344974771
-0.0075486708
0.0019659931
-0.0083725741
-0.0262063816
-0.0505855680
0.0000000037
-0.0471490286
-0.0588098690
-0.0042298879
-0.0604649074
-0.0299747251
0.0239612646
-0.0581933185
-0.0597021133
-0.0215327498
-0.0026811869
-0.0607103333
-0.0666380525
-0.0437166095
-0.0597539954
-0.0448034406
0.0000000057
-0.0482485034
-0.0728650168
0.0399228819
-0.0509956516
0.0297944248
-0.0167115349
-0.0154771144
-0.0017029407
-0.0053714956
-0.0215627346
-0.0494100973
-0.0067384867
-0.0357743651
-0.0036196685
-0.0091159167
0.0120155262
-0.0023238021
-0.0081949672
0.0350927114
-0.0288799778
-0.0154293245
0.0008420561
0.0001629828
-0.0201492477
0.0144177591
0.0011916819
0.0317545459
0.0185081754
0.0183850843
-0.0217582621
-0.0000009689
0.0072797025
0.0005837455
0.0025902574
0.0000000002
-0.0024557326
-0.0134338122
-0.0253110118
-0.0610968471
-0.0193609931
0.0052698334
0.0000259712
0.0078997631
0.0083941687
0.0342527926
-0.0000001400
-0.0428682044
-0.0338569470
-0.0384306312
-0.0570577644
0.0000007240
-0.0652985498
-0.0885046050
-0.0197633486
-0.0536613800
0.0001792979
-0.0005340454
-0.0008865990
-0.0000001987
-0.0061193393
-0.0000000898
-0.0765202120
0.0015825442
-0.0343513861
-0.0284424126
-0.0680357590
0.0105756894
-0.0378570035
0.0000138052
-0.0682624802
-0.0000000255
0.0072320183
-0.0102708740
0.0002170016
-0.0271783732
-0.0225185473
0.0100802295
0.0593104586
-0.0186446570
-0.0081676878
-0.0064220689
-0.0008882824
0.0000560812
-0.0068509998
0.0007514438
-0.0000001627
0.0268709268
-0.0000001222
0.0029724573
0.0223399792
0.0195763372
0.0018882747
0.0304085966
0.0083337957
0.0000001326
0.0036889312
0.0000140284
-0.0004758334
0.0310142208
0.0000016015
-0.0030027532
-0.0875438526
-0.0641248003
-0.0000593644
-0.0038348751
0.0000000010
-0.0558001697
-0.0103884870
0.0275447089
-0.0487485267
-0.0209682751
-0.0764481053
-0.0365287997
-0.0624854974
0.0219054855
-0.0108189015
-0.0529606231
-0.0168808028
-0.0526153557
0.0214144252
-0.0375405326
0.0103965364
-0.0790652558
0.0001672616
0.0000008004
-0.0334981009
-0.0563198179
-0.0537007824
-0.0382624082
-0.0475979596
0.0001359243
-0.0384050012
-0.0493214466
-0.0452968031
0.0248787086
-0.0368209034
0.0000000159
-0.0056550927
0.0027655477
-0.0000000033
0.0404793583
-0.0286895148
0.0065728952
0.0067445473
0.0000004339
0.0000001460
-0.0084384950
-0.0103447391
0.0000873109
-0.0084321452
-0.0000035001
0.0314830430
0.0138971563
-0.0080194464
0.0005980352
-0.0000000024
0.0000000965
-0.0305009056
0.0192000214
-0.0000004036
0.0416907556
-0.0081401030
-0.0018483712
-0.0042777848
0.0000000992
-0.0000012721
-0.0000936409
0.0056842989
-0.0034904587
-0.0155460611
0.0026054820
-0.0640939400
-0.0005635445
-0.0234606024
0.0000004635
-0.0656595975
-0.0611183159
0.0073990040
-0.0185706355
-0.0009903976
0.0069694570
-0.0000000006
-0.0000000119
-0.0531921797
0.0599064343
0.0000002891
0.0046440433
-0.0624171980
-0.0058983010
-0.0052510295
-0.0274543911
0.0000002513
0.0000000084
0.0177622214
-0.0448487662
0.0161029454
-0.0455998667
0.0022550428
-0.0516898967
0.0000005601
-0.0561974011
0.0000006319
-0.0000000027
0.0229123924
0.0149203818
-0.0003270001
-0.0060150069
-0.0464817211
-0.0167011265
-0.0000002946
0.0094056679
-0.0236909278
0.0000586062
0.0400326997
0.0000009583
-0.0000020876
0.0000022471
0.0080206823
0.0280843265
0.0128060691
-0.0070853410
-0.0231407955
0.0224306919
-0.0839275420
0.0021926810
0.0292783305
-0.0020419743
-0.0901543871
-0.0723631084
-0.0000018242
0.0057941717
-0.0277167521
-0.0005275354
-0.0448384285
-0.0000033153
0.0017196812
-0.0178946368
-0.0607699752
-0.0539334677
-0.0609193482
-0.0975996852
-0.0592535771
-0.0640865266
-0.0311516356
-0.0556904674
-0.0558168180
-0.0334852114
-0.0000030078
-0.0809510276
0.0000220802
0.0542725436
0.0000000022
0.0000024691
-0.0041543199
-0.0000002143
-0.0636192039
-0.0296540055
-0.0556018688
-0.0308756530
-0.0501664616
0.0316926613
-0.0033782877
-0.0171196759
-0.0111800870
0.0242112279
-0.0799521729
0.0064147720
-0.0123616112
-0.0252437890
-0.0164190885
0.0000000683
-0.0000154294
-0.0000001438
0.0028602001
0.0000383242
-0.0000000395
-0.0012015314
0.0000017588
-0.0112105822
0.0000041558
0.0514683500
-0.0118886176
-0.0000000070
-0.0000075725
-0.0190427266
0.0017477418
-0.0000369106
0.0018318421
-0.0976471379
0.0348530822
0.0200556703
0.0000109763
0.0000013206
0.0151566574
-0.0019569816
-0.0036178033
-0.0345474221
0.0002713473
-0.0002845035
-0.0000014894
0.0000012600
-0.0316693485
-0.0493636727
-0.0000010346
-0.0107363407
-0.0165938977
-0.0000002414
0.0055547515
-0.0678851381
-0.0000000633
-0.0125580886
0.0226563234
-0.0369796343
-0.0109048393
-0.0448588692
-0.0536775067
-0.0502044745
-0.0644343197
-0.0576138906
-0.0605060458
0.0382025354
-0.0521067008
-0.0406473577
-0.0200694744
-0.0617295057
-0.0018477812
-0.0498169586
-0.0271659940
-0.0000002413
-0.0302456897
0.0116879353
-0.0122471247
-0.0540419072
0.0062307515
0.0000000190
-0.0331428200
-0.0040615043
-0.0000000833
0.0000005008
-0.0033731256
0.0211496204
0.0000054486
0.0079090875
0.0287905298
-0.0000000035
-0.0001052882
0.0419809110
0.0297842789
-0.0129490020
-0.0159939174
0.0085626971
0.0000050300
0.0357071795
-0.0000000152
-0.0080710594
-0.0000002679
-0.0203674510
-0.0420531221
-0.0065212515
-0.0000002420
0.0014956917
-0.0400035717
-0.0432216264
-0.0128995543
-0.0057597929
-0.0553456284
-0.0332930349
-0.0536181368
0.0559857674
-0.0378003269
-0.0092731742
-0.0006954161
-0.0601774678
-0.0387446880
-0.0206480846
-0.0189286303
-0.0583116636
-0.0317053050
0.0000001055
-0.0000000038
-0.0000003427
0.0002838964
0.0000805238
-0.0614608191
-0.0372626707
-0.0197307840
-0.0162237547
-0.0322055556
-0.0464996584
0.0284386277
-0.0782176107
-0.0528036021
0.0322824195
-0.0290250666
0.0153043550
-0.0220124442
-0.0527379066
-0.0000000215
-0.0354471020
-0.0123525951
-0.0478147939
0.0172122624
-0.0195411574
-0.0000009879
-0.0209619068
-0.0010066016
0.0109319901
0.0028938085
0.0414004438
-0.0000023026
0.0227643754
0.0000090804
0.0000002893
-0.0000017301
-0.0237976816
0.0082001686
0.0174464006
-0.0250859261
0.0000000016
-0.0124940677
0.0004247754
0.0261094980
0.0024639121
-0.0324033499
-0.0080646016
0.0000000336
0.0000000093
-0.0747730657
-0.0008233543
-0.0487496257
-0.0918406919
-0.0406854153
-0.0525774658
-0.0655862540
-0.0797485709
-0.0243751965
-0.0337167084
0.0000000018
-0.0500057079
0.0000188717
0.0002047254
-0.0000000833
0.0013409270
0.0089372480
0.0198129006
-0.0374003723
0.0008110922
0.0036748711
-0.0004046956
-0.0489463806
-0.0022142115
-0.0182461776
-0.0331231058
-0.0634333938
0.0136007490
0.0000009822
0.0072450074
0.0266599469
-0.0605733171
-0.0622101240
-0.0001884828
-0.0030689517
-0.0083961096
-0.0194558427
0.0208869558
0.0000117291
0.0000416599
-0.0004070465
-0.0342714526
0.0045637693
0.0368764326
-0.0000000052
0.0158862192
0.0100836288
-0.0063159084
-0.0009253508
-0.0042882655
0.0022468241
-0.0026269886
-0.0368461907
-0.0001637990
-0.0664526671
-0.0000691957
-0.0851396695
-0.0061754500
-0.0358797051
-0.0473176725
-0.0369880907
-0.0295549054
0.0117275240
-0.0634902865
-0.0472155660
-0.0598263256
-0.0433660485
-0.0556715652
-0.0257311370
-0.0364333838
0.0001601778
-0.0699549988
0.0002020479
-0.0259360969
-0.0000000579
-0.0530607551
-0.0053511052
0.0000020828
-0.0282579679
-0.0014715866
-0.0067490083
-0.0198431909
-0.0000000532
-0.0021175134
0.0256020129
-0.0480305441
-0.0467345789
-0.0223747212
0.0000087687
-0.0000035735
-0.0024369787
-0.0058649788
-0.0006828703
-0.0919426084
0.0000000301
-0.0857724398
-0.0477793179
-0.0401753671
-0.0520551167
0.0000009822
-0.0533063486
0.0320774876
-0.0065122154
0.0000001133
-0.0070846439
-0.0269697011
-0.0038942453
-0.0107753705
0.0226813257
0.0000000315
0.0008916338
0.0014124924
0.0016230048
0.0155382063
0.0072429851
-0.0266354494
0.0007742775
-0.0041808952
-0.0064870263
0.0000020206
0.0463027693
-0.0002357852
-0.0058538578
-0.0040705372
-0.0037245769
-0.0017813119
-0.0579105802
-0.0102076223
-0.0413469300
-0.0000000342
-0.0537442937
-0.0525995828
-0.0674383640
-0.0659289286
-0.0000008413
-0.0206597578
-0.0000003389
-0.0000031323
-0.0000025140
-0.0000275834
-0.0715722740
-0.0435356945
-0.0144433146
-0.0009984297
-0.0309630241
0.0100601753
0.0128512345
0.0020494182
-0.0183113087
-0.0217881538
-0.0547583960
0.0011044070
0.0408490859
0.0134509057
0.0004007072
-0.0089832721
-0.0246452820
-0.0599563122
-0.0001359723
0.0000298759
-0.0446020104
-0.0326940715
-0.0456624515
-0.0241375789
-0.0007011355
0.0393746831
0.0000001348
0.0065192757
-0.0508681871
0.0000452327
-0.0300785806
0.0000113223
-0.0000002117
0.0061520305
0.0000228045
0.0046167616
0.0278327856
0.0000373733
-0.0010334316
-0.0000001009
-0.0044761831
0.0000003879
0.0003897720
0.0004479985
-0.0620899424
0.0000027894
-0.0320731699
-0.0258100871
0.0000451435
0.0000000180
-0.0117533980
-0.0212311000
-0.0441350341
-0.0326890685
0.0007191734
-0.0469516218
0.0374848768
0.0012988102
-0.0619979687
0.0000001438
0.0000003830
-0.0360964760
-0.0000000522
-0.0125872148
-0.0134171406
-0.0484427474
-0.0262283906
0.0015415072
-0.0005612717
-0.0554153733
-0.0533016287
-0.0001791466
0.0240261853
0.0372179039
-0.0263976976
0.0000000007
-0.0215453934
-0.0499390848
0.0076331762
0.0000084295
0.0000509572
-0.0450731404
-0.0260897819
-0.0595595129
-0.0569835231
-0.0303916335
-0.0507521965
-0.0087851305
-0.0186155308
-0.0182206146
0.0213758182
0.0000000041
-0.0078822067
0.0008371665
0.0003210914
0.0023818261
0.0074942419
0.0264277011
0.0399457179
0.0267615579
0.0033386466
-0.0438020937
-0.0061201048
0.0000309193
0.0000000567
0.0278880838
-0.0000627777
-0.0409617946
0.0101971887
-0.0019711237
0.0453776345
-0.0074974010
-0.0151762292
0.0026315928
-0.0000022981
-0.0483451746
-0.0246140137
0.0001422361
-0.1047833413
-0.0651517361
0.0000001116
-0.0499254540
-0.0182659142
-0.0081233643
-0.0592321232
-0.0054222755
-0.0216546636
-0.0523518436
-0.0749218985
-0.0268471967
-0.0665522665
-0.0611381568
0.0007784118
-0.0009769087
-0.0061814790
0.0456993133
-0.0000039125
-0.0253910441
0.0000000498
-0.0199817829
0.0000017198
-0.0248434842
-0.0073881266
0.0143780429
-0.0696990043
-0.0497512221
-0.0012204318
-0.0020433739
-0.0754085556
-0.0016894591
0.0472671688
0.0000000453
-0.0514876246
0.0086869793
-0.0215400960
-0.0198798832
-0.0005132939
0.0006241166
-0.0076159374
-0.0078720944
0.0063106869
0.0037426734
-0.0176099129
0.0005912394
-0.0005217983
-0.0158602837
-0.0000062059
-0.0341053978
-0.0000008051
0.0385493226
0.0457854606
0.0052894228
-0.0485006198
0.0363562144
-0.0331879370
-0.0384428874
0.0000092667
-0.0542773306
-0.0351995118
-0.0209368765
-0.0495430492
-0.0579374731
-0.0000170033
-0.0647903308
-0.0505181514
-0.0521334708
-0.0480771959
-0.0230112150
-0.0150031140
-0.0002021985
-0.0486531369
-0.0427954569
-0.0312884636
-0.0473380797
-0.0000004188
-0.0219652597
-0.0363840982
-0.0634897277
0.0025677232
-0.0183821656
-0.0441692173
-0.0012558691
-0.0409879833
0.0126485722
0.0000000315
-0.0006246293
-0.0294651873
-0.0196180716
0.0300571024
-0.0446402244
0.0014834537
-0.0705063045
0.0199144799
-0.0068108444
-0.0480612554
-0.0186997056
-0.0519203246
-0.0032791581
-0.0610782802
-0.0389761701
-0.0048717204
-0.0066667399
-0.0399601981
-0.0465908721
0.0062408713
-0.0019624489
0.0294857398
-0.0058612679
0.0332641602
-0.0000238767
-0.0377013721
-0.0026970543
-0.0438511409
-0.0000000013
-0.0021793153
-0.0003106907
-0.0280093458
0.0097566983
-0.0000009647
-0.0000045761
-0.0315330960
-0.0246378053
-0.0506456159
0.0019423069
-0.0700994357
-0.0439966395
0.0000001296
-0.0577698983
0.0000000030
-0.0334759131
-0.0636122227
0.0000000169
0.0000000133
-0.0013487904
0.0001092884
-0.0578829683
-0.0000290254
-0.0006070753
-0.0436173193
-0.0049775266
0.0197668243
-0.0216314532
-0.0465306193
-0.0534136333
0.0076366919
-0.0330963694
-0.0619883388
0.0197030250
-0.0001024245
-0.0114754466
-0.0683015063
0.0000006927
0.0000011554
-0.0477479994
0.0000295545
-0.1283620447
-0.0468686968
-0.0432907790
-0.0430188067
-0.0317783467
-0.0135525269
-0.0343443453
-0.0383898653
-0.0076148729
0.0145000592
-0.0156282336
-0.0513245314
-0.0322030410
-0.0000000065
-0.0078783296
-0.0277553666
-0.0000000785
0.0019697857
-0.0249490719
0.0298698582
0.0021063962
-0.0211774372
-0.0000902901
-0.0246845149
-0.0179494768
-0.0000000000
-0.0077349236
0.0131393867
-0.0486367010
0.0000326244
-0.0036681429
0.0000000508
-0.0000001449
-0.0740877688
-0.0784623623
-0.0017157585
-0.0512401164
-0.0670130551
-0.0008254301
-0.0199317411
-0.0516022816
-0.0001301243
0.0000000269
0.0000001803
-0.0000017110
-0.0025121227
-0.0001493685
0.0083478559
-0.0652177855
0.0001455123
-0.0007960604
-0.0282854941
-0.0407351367
-0.0275214314
-0.0149324266
-0.0388727337
-0.0748422071
-0.0255742483
-0.0648716688
0.0000000967
-0.0236500893
-0.0164537840
-0.0290848892
-0.0496484376
-0.0000723391
-0.0293019209
-0.0395694077
-0.0702979267
0.0190717541
0.0271058120
0.0000000922
-0.0002418333
-0.0251053646
-0.0165695604
-0.0621833429
0.0000052829
-0.0000000834
-0.0158252828
-0.0112820175
-0.0000010157
0.0067999209
0.0074127978
0.0310507417
0.0358024687
0.0018171332
-0.0006921191
0.0053809062
-0.0491474345
-0.0000001988
-0.0000000702
-0.0397883467
0.0217473898
0.0148495343
0.0002773895
-0.0569420457
-0.0247027222
-0.0180796869
-0.0746405870
0.0105805118
0.0000000231
0.0000000181
-0.0426645391
-0.0007495321
-0.0269938204
0.0000001317
-0.0633214638
-0.0000385215
-0.0231523421
0.0205675326
-0.0353570692
0.0220347196
-0.0595034920
0.0246081762
-0.0000020586
0.0091783553
-0.0438777767
-0.0101294667
-0.0394928902
-0.0085692322
0.0281969979
-0.0025774720
-0.0024937454
0.0000052640
-0.0598000139
-0.0354701243
0.0000001576
-0.0276431106
-0.0000000866
-0.0546776988
0.0487661324
-0.0561925769
-0.0000001448
0.0075040455
0.0011708144
0.0000000333
-0.0178350918
-0.0233152714
0.0000431997
-0.0073718252
-0.0528478287
0.0000171038
-0.0000000072
-0.0004370629
0.0296969023
0.0038794463
0.0004550556
-0.0310049281
-0.0549965017
0.0000030645
-0.0000001423
0.0000000047
0.0274741333
-0.0391002856
0.0001774755
-0.0005706624
-0.0080744857
0.0097310683
-0.0000010055
0.0079107797
-0.0007520767
0.0000000440
-0.0000121871
-0.0184444617
-0.0681317300
-0.0299511701
-0.0588958524
-0.0612761900
-0.0225749090
-0.0668419078
-0.0657489002
-0.0372825414
-0.0000048902
-0.0482533649
0.0158865321
-0.0465263948
-0.0001679697
-0.0387882926
0.0031431240
-0.0129361637
-0.0249739550
0.0000000037
-0.0769701377
-0.0159747526
0.0002490050
-0.0179862920
0.0100326445
-0.0068603409
-0.0283285435
-0.0212331153
-0.0608287118
-0.1016086265
0.0000003244
-0.0886517167
-0.0078127459
0.0000000977
0.0524776913
-0.0263540708
-0.0047700116
0.0412363820
-0.0601384677
-0.0263403375
-0.0433884263
-0.0489945747
-0.0000000391
-0.0163147599
-0.0481930897
-0.0236870684
0.0002773165
0.0004209405
-0.0000272924
0.0002087103
0.0166482683
0.0093282508
-0.0562887825
-0.0333783105
-0.0276629739
0.0111640021
-0.0001768983
0.0011314132
-0.0309019759
-0.0250826161
-0.0156069100
-0.0383824632
-0.0556951500
-0.0035073459
-0.0132953301
-0.0573472790
-0.0491822772
0.0022815035
-0.0262161661
-0.0516964979
-0.0009046226
-0.0410083085
-0.0536822937
-0.0000009125
0.0276871808
-0.0402657464
-0.0180382878
-0.0016198739
-0.0015380202
-0.0155257788
-0.0513731092
-0.0087821670
-0.0875137448
-0.0004342937
-0.0000021611
-0.0626863465
-0.0446449593
0.0001465208
-0.0291616488
-0.0215075035
-0.0146777108
-0.0200352762
0.0218988564
-0.0525580682
0.0000000685
-0.0378750563
-0.0280915070
-0.0478683300
0.0463099033
-0.0421552993
-0.0006965612
0.0048170886
-0.0397531874
-0.0001105401
0.0000000891
-0.0354803652
0.0000000001
0.0038591481
0.0308104008
-0.0000000579
0.0153988600
0.0145855201
-0.0000170534
-0.0235547703
0.0436306298
0.0000001992
-0.0169054456
0.0533200689
-0.0204121713
-0.0179121625
-0.0335551202
0.0175147653
-0.0026042135
-0.0380168930
-0.0160521418
-0.0295980349
-0.0094683832
-0.0476494767
-0.0000000030
-0.0349060670
0.0029513638
-0.0814562067
-0.0566414408
-0.0317797922
-0.0163553935
-0.0100836214
-0.0331800766
-0.0000000208
0.0024695310
0.0004094919
0.0000022276
-0.0183998756
-0.0063894480
-0.0000000802
-0.0451527014
-0.0561455265
-0.0042969650
-0.0000028386
-0.0623541847
-0.0664566457
-0.0423509665
-0.0175433848
-0.0055843745
0.0000000453
-0.0439959392
0.0090719583
0.0000014431
-0.0348816030
-0.0468365736
0.0000067585
-0.1018537283
-0.0604443625
-0.0148052350
-0.0206084680
-0.0173949040
-0.0223686472
0.0266749971
-0.0005690531
-0.0000000002
-0.0000003206
0.0093857283
-0.0197577588
-0.0003684650
0.0325221047
-0.0000005538
-0.0105205318
0.0004777763
0.0000056177
0.0000524944
-0.0265084840
0.0176179390
-0.0082482956
0.0004069762
0.0005472989
-0.0713245273
-0.0137921870
0.0000000452
-0.0000594055
-0.0201491620
0.0242283233
-0.0157942455
-0.0531840175
0.0404922329
-0.0554235764
0.0557042100
-0.0610378422
0.0121468371
-0.0450726561
-0.0122574707
0.0203985069
-0.0250123031
-0.0362008624
-0.0438558161
-0.0134590194
0.0185673963
0.0000002640
-0.0554714836
-0.0488261767
-0.0408630781
-0.0449497402
-0.0000546029
-0.0567892902
-0.0198714808
-0.0000002579
-0.0057289847
0.0024189421
-0.0520022139
-0.0000052659
-0.0349567682
-0.0219812375
-0.0461246520
-0.0425435975
0.0001435218
-0.0904210806
-0.0081087695
-0.0769504756
-0.0441379026
0.0098093525
0.0011481980
-0.0219736472
-0.0174672063
0.0318292044
0.0000000749
-0.0621523075
0.0106939180
0.0000003668
0.0659784675
0.0000022413
0.0504605174
-0.0000002914
-0.0064173732
0.0468540676
0.0371650234
0.0126335323
0.0309001449
-0.0000612857
0.0000292798
-0.0229100827
-0.0304699000
-0.0171923265
-0.0021548732
-0.0064283148
0.0059271008
0.0044502518
-0.0008305373
0.0000039332
-0.0000017520
-0.0324750096
-0.0000027050
0.0000000475
0.0534670241
-0.0286429469
-0.0673480332
-0.0379099548
-0.0000106590
-0.0392989255
-0.0471896529
-0.0300432462
0.0200304296
-0.0397509001
-0.0471059754
-0.0401414558
0.0006964302
0.0444252975
-0.0088772234
0.0000005632
0.0111324554
0.0000004235
0.0206327587
0.0145604089
-0.0339706577
-0.0000061211
0.0462860949
-0.0366324149
-0.0809019729
-0.0507400520
-0.0001239713
-0.0000913061
-0.0355761200
-0.0742831528
-0.0269855894
-0.0299820676
-0.0421172716
-0.0280078966
-0.0350222364
0.0089375516
0.0000460802
0.0000000008
0.0086841518
0.0000000031
-0.0097496957
-0.0000002164
0.0000252395
-0.0312990621
0.0000003919
0.0011573875
-0.0009382362
0.0058305757
-0.0031660411
-0.0293800011
-0.0380671620
0.0033014852
-0.0622680485
-0.0249392968
0.0000000517
0.0030478598
-0.0304651279
0.0188089833
0.0068651568
-0.0401660427
0.0000001496
0.0239022132
-0.0168192051
-0.0204348415
-0.0008322506
-0.0341218337
-0.0277875587
-0.0629760772
-0.0000000737
0.0353606567
-0.0010738398
-0.0278877076
-0.0393677615
-0.0000000321
-0.0212314669
-0.0558465607
-0.0000182265
-0.0517861731
-0.0477777869
0.0294873733
-0.0483620614
-0.0336094573
-0.0142900366
-0.0278180502
-0.0285441447
-0.0630265772
-0.0635984391
-0.0576586723
-0.0179694593
-0.0376120321
-0.0375015512
-0.0349269845
-0.0527542718
-0.0392409638
-0.0460482426
-0.0409368835
-0.0488159470
-0.0484151281
0.0040284414
0.0005268995
-0.0598455705
0.0024411748
-0.0233448967
-0.0042768945
0.0071963873
-0.0000000043
0.0033529252
0.0062067043
-0.0000000559
0.0235552937
0.0193507709
0.0057232613
0.0257132463
0.0005347552
-0.0092598619
-0.0304969717
-0.0155481072
0.0000000204
-0.0280975178
-0.0000011493
-0.0493201874
-0.0010427051
-0.0030752528
0.0237481706
0.0108842095
-0.0630949214
-0.0259641092
-0.0690309405
-0.0832128748
-0.0000030540
0.0008413318
0.0211001132
-0.0442107916
-0.0100073321
-0.0253125299
-0.0180317108
-0.0659270883
-0.0464311652
-0.0639882088
-0.0512369275
-0.0002430282
-0.0603344142
0.0406711400
-0.0595842451
-0.0658123717
-0.0537585616
-0.0429793112
-0.0308266003
0.0168027729
-0.0220427979
-0.0464234315
0.0000000666
-0.0307700504
0.0345963985
-0.0627755821
0.0000000699
-0.0180004574
-0.0762286559
-0.0320974104
-0.0197002459
-0.0528109781
-0.0554596372
-0.0351384841
-0.0507756621
-0.0282289702
-0.0328065827
0.0004698500
0.0112848980
0.0016587942
0.0063246898
-0.0204752944
-0.0000001026
0.0001469042
0.0115176952
0.0054838378
-0.0047897049
0.0023957528
-0.0001801218
-0.0000072970
-0.0264001787
0.0000009588
-0.0328845307
-0.0000041877
-0.0139181633
0.0038875346
-0.0205840301
-0.0000006473
0.0484265238
0.0074348003
-0.0276015587
-0.0454927646
-0.0114483526
-0.0298800580
-0.0131208207
-0.0766950920
-0.0668689087
0.0000978157
0.0000214491
-0.0197949056
-0.0523705855
0.0000004113
-0.0010281847
-0.0683159828
-0.0519074723
-0.0689885914
-0.0002285407
0.0000015314
-0.0323051736
-0.0483830422
-0.0159464628
0.0000044434
0.0031215632
-0.0807385594
-0.0750929639
-0.0664537475
-0.0530171022
-0.0454675294
0.0035580834
-0.0468667559
-0.0000020559
0.0058384305
0.0344811492
-0.0420753360
-0.0515971109
-0.0542964600
-0.0217866395
-0.0000000104
-0.0357142165
-0.0208430886
0.0305933487
-0.0169136766
-0.0214882642
0.0124180475
-0.0412850715
0.0024468794
0.0035212974
-0.0346798077
-0.0267976113
0.0282422379
0.0033272572
0.0463622212
0.0131067717
-0.0508594066
-0.0004877315
-0.0096156262
0.0000000144
-0.0225744098
-0.0033883967
-0.0000000580
0.0001378229
-0.0398286507
0.0000000201
0.0087242313
-0.0019521703
-0.0855606198
-0.0782429576
-0.0472203493
-0.0225183982
-0.1091193482
-0.0716653690
-0.0309830606
-0.0711124986
-0.0232709106
-0.0000112889
0.0000025299
-0.0190355834
-0.0001064649
-0.0538472682
0.0409351401
0.0164760370
0.0240537170
0.0140210669
0.0023450069
-0.0105166156
-0.0901566818
-0.0338835157
0.0012170956
-0.0123202037
0.0005134775
-0.0484179221
-0.0698237568
-0.0555812642
-0.0022687274
-0.0552524514
-0.0473437607
-0.0033522241
-0.0228794087
0.0381160937
-0.0000000022
-0.0325458422
-0.0000865902
-0.0345321670
0.0416426584
-0.0078523997
-0.0136825461
-0.0000011806
0.0084685665
0.0066775070
0.0082959495
-0.0115440981
-0.0602972321
-0.0404808782
-0.0520682037
0.0155299380
0.0000005652
0.0000000096
-0.0191371664
0.0209298003
0.0195192285
-0.0108580664
0.0010997996
-0.0494172126
-0.0002684609
0.0000000079
-0.0171820819
0.0066446220
-0.0006738530
-0.0225486159
-0.0060799974
-0.0398816913
-0.0487480052
0.0045200363
-0.0470331423
0.0006526905
-0.0779248327
-0.0209876858
-0.0228716545
-0.0000193360
-0.0495478548
0.0295973457
-0.0401388593
-0.0706665739
-0.0134816477
-0.0480857007
0.0000000033
-0.0848997831
0.0000000304
-0.1081071049
-0.0282035954
-0.0570130758
-0.0268863812
-0.0630660877
-0.0527742393
-0.0039720000
-0.0723682866
-0.0394679904
-0.0705911815
-0.0570368841
-0.0162764303
0.0000008203
-0.0659404621
-0.0031569134
-0.0085726231
0.0019894410
-0.0266927611
-0.0055953930
-0.0226315781
-0.0000001056
-0.0334098749
0.0182507876
-0.0031515986
0.0163022466
-0.0000361938
-0.0000001050
-0.0051924149
0.0000784597
0.0000000004
0.0042836466
0.0066394773
-0.0003990417
0.0252163317
0.0073934495
-0.0480460711
-0.0251656007
-0.0000000294
-0.0259007979
-0.0085180150
0.0000000014
0.0237867720
0.0000507163
0.0267604738
0.0141213285
-0.0093744639
-0.0590430424
-0.0733158961
-0.0566635765
-0.0948304906
-0.0010577077
-0.0000007629
-0.0494648553
-0.0489636213
-0.0610121526
-0.0800326541
-0.0289248582
-0.0866720527
-0.0822832733
-0.0697911158
0.0000015132
0.0183597859
-0.0339122526
0.0000000018
-0.0805781633
-0.0318269953
0.0000008229
0.0042733666
-0.0429808572
0.0000001122
-0.0649568290
-0.0002497082
-0.0389371105
-0.0000464417
0.0000000121
-0.0632644519
-0.0285670161
-0.0260350034
0.0000023287
0.0019514695
0.0000000000
-0.0000604868
0.0002134873
-0.0090337507
0.0008456461
-0.0078320699
-0.0019955495
0.0216556862
-0.0000000012
0.0041259727
0.0243371651
0.0057722302
0.0502872244
0.0048169317
0.0000271523
0.0001788375
0.0583562888
-0.0000000667
-0.0200491995
-0.0241224151
0.0000000035
0.0008528713
-0.0346996486
0.0350755900
0.0118056778
0.0024244727
-0.0258728713
0.0000000164
0.0338303298
-0.0295649040
-0.0029857652
-0.0216661673
-0.0663005710
-0.0712064207
0.0000000062
-0.0563266128
-0.0364381373
-0.0000002905
-0.0605745539
-0.1133783311
-0.0000009148
-0.0000000455
-0.0219914075
-0.0261117090
-0.0780807212
-0.0349665917
-0.0554691665
-0.0862106383
-0.0512146205
-0.0649841279
-0.0148040736
-0.0751440078
-0.0505849086
-0.0731415972
0.0040746490
-0.0332361013
0.0280508790
0.0194307975
0.0000000640
-0.0719749853
-0.0614875033
-0.0694530457
-0.0442819633
-0.0174650736
-0.0522769317
-0.0391327962
-0.0230614543
0.0000000173
-0.0412783176
-0.0099287657
-0.0110899201
0.0498167239
0.0048606838
0.0211584363
0.0038836075
0.0017018404
0.0322885029
-0.0117646437
-0.0000004064
0.0043174750
-0.0066751172
-0.0000126875
-0.0041185133
0.0000000233
0.0000019700
-0.0374846868
-0.0560117289
-0.0560395606
-0.0371440090
-0.0447016358
-0.0387610197
-0.0000481958
0.0037349248
-0.0125646191
-0.0431054756
0.0123963114
-0.0164335091
-0.0514208078
-0.0431794897
0.0000000204
-0.0000285159
0.0000000147
0.0227748826
-0.0643546581
0.0000000024
-0.0348871499
-0.0245342739
-0.0656644180
-0.0098187709
-0.0721944124
-0.0705226660
-0.0353322141
-0.0785070136
-0.0389378667
-0.0480992533
-0.0417007469
-0.0936976075
0.0071772686
-0.0212013721
0.0000002458
-0.0272969995
-0.0338443629
0.0104478942
-0.0324727409
0.0000000891
-0.0013428236
-0.0253665149
0.0213402882
-0.0372882225
-0.0358242802
0.0001496780
-0.0323499553
0.0006317335
0.0046864334
0.0209194701
0.0448964611
0.0003804225
0.0000158958
0.0067456136
0.0000002175
0.0275867693
-0.0180324484
0.0205640849
-0.0400218591
0.0000002064
0.0393526182
-0.0017666365
-0.0975741223
-0.0399485677
-0.0453082137
-0.0284698270
0.0000000598
-0.0000285641
0.0432832502
-0.0281355958
0.0000895062
-0.0000000604
0.0348934717
-0.0144045772
0.0096575581
-0.0275736339
0.0270314068
-0.0000868748
0.0571295097
-0.0682694465
-0.0759301335
-0.0632136315
-0.0000003611
-0.0527323112
-0.0000429959
-0.0795166567
-0.0559860617
0.0282231513
-0.0473185405
-0.0680099279
-0.0309279300
-0.0210445002
-0.0637579784
-0.0108875725
0.0327553265
-0.0650062412
-0.0807520524
-0.0615685917
0.0069597894
0.0000000001
-0.0128636407
0.0000003141
0.0388954617
0.0000000339
-0.0000176737
-0.0000252916
-0.0604832694
0.0000000102
-0.0498021729
-0.0021930032
-0.0000001423
-0.0123898638
-0.0065091085
0.0024491348
-0.0000007493
0.0109875817
-0.0102785518
-0.0000000048
-0.0516973063
-0.0277593005
-0.0000070983
-0.0253068041
0.0137245702
-0.0111194244
-0.0000000125
0.0112101864
0.0109398812
-0.0305384882
0.0306796990
-0.0376628861
0.0013467327
-0.0066241561
-0.0218685456
0.0005245353
-0.0300460178
-0.0000001281
0.0091302674
-0.0000000300
0.0002046443
0.0132987462
-0.0040011196
-0.0231667031
-0.0226986594
-0.0089858565
-0.0127141559
-0.0745080560
-0.0578408241
-0.0479024090
-0.0400360413
-0.0529833920
-0.0783226639
-0.0633423477
-0.0747817382
-0.0761998445
-0.0678878278
-0.0496652350
-0.0222908240
-0.0241044406
-0.0598329157
-0.0537512191
-0.0333970860
-0.0737110823
0.0079857018
-0.0361739807
-0.0617225245
-0.0552318692
-0.0717371106
-0.0003412482
-0.0512536168
-0.0520782061
-0.0103081884
0.0000685889
0.0004083909
0.0006377755
-0.0183582902
0.0096998969
0.0000260681
-0.0178549644
0.0118149025
0.0001852119
0.0374079198
-0.0094953468
-0.0007135431
0.0002328618
0.0000122618
-0.0000000030
0.0112435054
-0.0264449269
0.0019136807
-0.0065938388
-0.0000000110
0.0078696087
-0.0834130943
-0.0371263362
-0.0085463822
-0.0115360487
0.0067471219
-0.0408431888
-0.0345858186
-0.0020605244
0.0001286612
0.0093405778
-0.0252968054
-0.0264799111
0.0172068756
-0.0255546607
-0.0000029362
-0.0719868168
0.0027206468
0.0372547060
-0.0663006231
-0.0662982091
-0.0499839596
-0.0000000082
-0.0682549477
-0.0435526036
-0.0485599041
-0.0566954650
-0.0695854053
-0.0578813031
0.0037283192
-0.0578325726
0.0058976323
-0.0351406895
-0.0027744656
-0.0521556176
-0.0000000048
-0.0000002048
-0.0821109712
-0.0439220555
-0.0007850578
-0.0370283388
-0.0063534467
-0.0357382856
0.0289116818
0.0178157128
-0.0305610467
-0.0003811122
-0.0000000206
0.0000000001
0.0073226299
0.0018346299
-0.0060112481
-0.0037219895
-0.0010942082
0.0056766942
-0.0000000176
-0.0000263838
0.0012294421
0.0048330654
-0.0000001360
-0.0009607436
0.0014679659
0.0128527582
0.0008110976
-0.0326107815
0.0207055230
-0.0000004345
0.0063509485
0.0018193723
-0.0000009186
-0.0223787725
-0.0000000744
-0.0333445109
-0.0008213743
0.0237338357
-0.0275725760
0.0005462324
-0.0214897394
-0.0504582897
0.0000033900
-0.0546467118
-0.0000001002
0.0000005326
-0.0725286976
-0.0408252552
0.0316918641
-0.0481388904
-0.0686038435
-0.0654508024
-0.0006826677
-0.0639093369
-0.0361409448
-0.0459825210
-0.0393371396
-0.0031713187
-0.0013094315
-0.0761900842
-0.0612260699
-0.0361641049
-0.0545041785
-0.0341470614
-0.0263586771
0.0094566410
-0.0258417353
-0.0613877364
-0.0511086285
-0.0299313199
0.0081572281
0.0207526665
-0.0253574587
-0.0920538157
-0.0265971869
0.0237689130
-0.0157704148
-0.0261559784
0.0158591699
-0.0000026347
0.0195446555
-0.0297977105
-0.0390083157
-0.0037116737
-0.0181250330
-0.0093534123
-0.0097459033
0.0000000039
0.0127026169
0.0421319753
0.0172430575
-0.0054865540
0.0000113593
0.0298334677
-0.0242840648
-0.0017250932
0.0003046592
-0.0066101397
-0.0074126800
-0.0403625965
0.0003470316
-0.0338888876
-0.0455094203
-0.0018816964
-0.0217570830
-0.0554649420
-0.0256483573
-0.0550825521
-0.0634882599
-0.0769114420
0.0122538423
-0.0389341004
-0.0968720019
-0.0475584976
-0.0430190787
-0.0337296650
-0.0002879960
-0.0449672677
-0.0497490130
0.0000224553
-0.0092892312
0.0001831238
-0.0000251302
-0.0397876129
-0.0442697816
-0.0073656724
-0.0501591004
-0.0370199420
-0.0604668669
0.0001941043
-0.0253616069
-0.0035148780
-0.0116815902
0.0000086868
-0.0625681654
-0.0320571102
-0.0306312870
-0.0257927813
0.0006280252
-0.0004508155
-0.0504629388
-0.0000000673
0.0454973765
0.0000000260
-0.0176884867
-0.0000014020
0.0225505419
0.0180400796
-0.0351066254
0.0000134524
0.0000000600
-0.0001616980
0.0441457182
-0.0000002927
0.0183515884
-0.0000000028
0.0034120395
-0.0000009540
-0.0038286198
-0.0008716321
0.0000028220
0.0131911384
0.0190978777
0.0000010094
-0.0257144943
-0.0321237408
-0.0345387049
-0.0033750071
0.0011867005
0.0006050465
-0.0332326703
-0.0003270114
-0.0459042564
-0.0000691692
0.0347341336
-0.0500418954
-0.0559820198
-0.0002965115
-0.0130693512
-0.0000002923
-0.0281381235
-0.0211113002
-0.0274618957
-0.0441256501
-0.0766382664
-0.0417542346
-0.0211070906
-0.0222685542
-0.0001101095
-0.0001458630
0.0004232626
-0.0000233099
0.0000001075
-0.0242539160
0.0003663262
0.0000000093
-0.0042955745
0.0000133138
-0.0008872097
0.0004731677
-0.0538360998
-0.0357169621
0.0000513139
-0.0289525799
0.0296585262
-0.0000006516
0.0000000004
0.0000000100
0.0000071232
-0.0543698259
-0.0267101005
-0.0000006632
-0.0026060119
-0.0204338748
-0.0000003642
0.0192254130
0.0479751416
0.0162583515
0.0446834490
0.0079934588
-0.0000001871
0.0195479691
-0.0000005681
0.0036562092
-0.0077150092
-0.0291810539
-0.0204595365
-0.0003354496
-0.0401437767
0.0000000008
-0.0716835409
-0.0024409851
-0.0089250235
-0.0146093117
-0.0002454904
-0.0376765542
0.0000009777
0.0033506406
-0.0057920148
-0.0099313147
0.0153424321
0.0255753100
0.0093509378
-0.0001801767
-0.0530083552
-0.0265725683
-0.0086294618
-0.0404323786
0.0000008056
-0.0632205382
-0.0030839755
0.0000168765
0.0001049677
-0.0256409906
-0.0343161970
0.0008390545
-0.0295059122
-0.0321715586
0.0000000137
0.0002746322
-0.0004372071
-0.0836237371
-0.0000019432
0.0000545625
0.0001091973
0.0047269026
-0.0061399150
-0.0000000228
0.0080859419
0.0129359569
-0.0272671673
-0.0000162634
-0.0007811051
-0.0203613173
0.0004020058
0.0000306641
0.0145009421
0.0009890978
-0.0140920673
-0.0158177614
0.0001104989
0.0017270162
0.0241976827
0.0080977893
-0.0284487735
-0.0016712906
0.0004914227
-0.0059714098
-0.0000015180
-0.0114552202
0.0056945505
0.0194787607
0.0207202192
-0.0197045226
0.0007894316
-0.0483460426
-0.0281916764
-0.0140199577
-0.0040505715
-0.0484696887
-0.0219085813
0.0227487888
0.0053346879
-0.0001476223
0.0040435363
-0.0002054441
-0.0000000116
-0.0033331185
-0.0000100540
0.0248578489
0.0000660899
0.0011041570
-0.0472099259
0.0000000162
-0.0162580330
-0.0513533726
0.0000000278
0.0091956677
-0.0002550622
-0.0071716262
0.0021598854
0.0423647091
0.0000016648
0.0000002086
0.0000000128
-0.0125897806
-0.0063981642
0.0080175633
-0.0014683389
-0.0000000124
0.0003828122
-0.0549918935
-0.0000000147
0.0000121810
0.0026722357
0.0002647747
0.0000170430
-0.0415033475
0.0132913450
-0.0154740093
-0.1140524372
-0.0254578553
0.0014592364
0.0185261425
-0.0077841976
0.0135308830
-0.0002989504
0.0356099643
0.0049678688
-0.0129850348
-0.0000013356
-0.0325719304
0.0000001975
0.0383304395
-0.0000005526
-0.0000061658
0.0452059768
-0.0509860180
-0.0000002554
-0.0209247246
-0.0170940179
-0.0000004851
0.0000000487
-0.0458229817
-0.0062631057
0.0017997316
0.0407366678
-0.0317606330
-0.0104666455
-0.0435508117
0.0000000005
-0.0160603728
0.0152970208
-0.0061383089
0.0000000001
-0.0655987710
0.0077447835
-0.0528111234
-0.0000012183
0.0002008239
-0.0010073612
-0.0052127563
-0.0400109664
0.0033857990
0.0059999777
-0.0175410248
-0.0489064269
-0.0128023559
-0.0339148045
-0.0004282170
0.0014484609
0.0000000238
-0.0000050998
-0.0010737663
-0.0017156438
0.0188622065
0.0017094391
0.0263428800
-0.0001823325
0.0001212638
-0.0005583959
-0.0000001435
-0.0036029262
-0.0191790890
-0.0219097007
0.0013359173
0.0031568187
0.0396986306
-0.0320527703
-0.0000033013
0.0189210940
-0.0000002119
-0.0027613959
0.0000065692
-0.0009375151
-0.0014502410
0.0000003154
0.0000008503
-0.0166718401
-0.0457619652
-0.0080762208
-0.0000003194
-0.0120714614
0.0000078472
-0.0027474053
-0.0096874870
-0.0000000376
0.0000035597
-0.0005681178
0.0004733867
-0.0299680457
-0.0141093526
-0.0190062039
0.0000009644
0.0196474269
-0.0243665613
0.0189201701
-0.0456312150
-0.0607030727
-0.0037711393
0.0004309085
-0.0130660729
-0.0284853652
-0.0087479260
-0.0064180563
0.0000000433
0.0008574911
-0.0013487277
0.0037574868
0.0098311212
-0.0134818805
-0.0163070131
0.0012924130
0.0256363899
-0.0212274287
-0.0342276730
0.0510376543
-0.0000003570
-0.0289282277
-0.0012645052
0.0000000281
0.0594854206
-0.0034047791
0.0158776157
-0.0021749851
-0.0435920209
-0.0063713277
-0.0000401474
0.0340120979
0.0000001641
0.0226631761
0.0023143964
0.0158847980
0.0033225848
0.0180744752
0.0000056434
0.0121866213
-0.0000044545
0.0193788446
-0.0372690819
-0.0000000009
-0.0028082724
-0.0103187226
-0.0388937220
-0.0101055829
0.0000000207
-0.0010395483
-0.0012826843
0.0000091492
-0.0017174502
-0.0000007654
-0.0384964682
0.0026467149
-0.0287217107
-0.0191922951
-0.0242577363
-0.0001741941
-0.0445469432
0.0037582028
-0.0008914325
-0.0525511838
0.0001360637
-0.0163014047
0.0007596187
-0.0000000726
-0.0005744727
-0.0257909615
-0.0000151718
-0.0008336533
-0.0227774363
0.0055006268
0.0000000133
0.0067608422
-0.0005132034
-0.0127667170
-0.0008763819
0.0057952977
-0.0018013550
-0.0091486061
0.0005847451
0.0003018218
-0.0005176564
-0.0001768947
0.0046325927
0.0084850807
0.0314190201
-0.0000000240
0.0152069516
0.0000000128
-0.0000000114
0.0048397062
-0.0362379812
0.0254973583
0.0432323962
-0.0028788017
-0.0000000053
0.0184117649
0.0105866333
-0.0428083614
-0.0125564337
0.0056567923
-0.0030093594
0.0000002830
0.0000001160
-0.0021184126
0.0000036131
-0.0341902263
-0.0346141569
-0.0000001548
-0.0001511775
-0.0000001227
-0.0296356566
-0.0002114078
-0.0005553387
0.0002091932
-0.0000004379
0.0241692290
-0.0003707850
-0.0316897482
0.0007166640
-0.0114268390
-0.0124192294
0.0021941601
-0.0179668348
-0.0594371483
-0.0405679867
-0.0313990973
-0.0425030515
-0.0052491599
-0.0369763598
-0.0217390712
-0.0082368013
-0.0001041123
-0.0479610711
-0.0339054056
0.0000001999
-0.0397179723
0.0117693357
0.0155625604
0.0000000174
-0.0008402945
-0.0430660583
0.0000856486
-0.0000002418
0.0330839157
0.0063207988
0.0000011996
0.0000244400
0.0324907526
-0.0160569716
-0.0000000174
0.0253669284
0.0329337418
0.0009032688
0.0000122365
0.0000969896
0.0047461442
0.0000016309
0.0000003207
-0.0097341789
0.0132740773
-0.0064680995
-0.0219112113
0.0375687703
0.0288741738
-0.0003106088
0.0097469464
0.0043934910
-0.0289683081
0.0202024169
-0.0000544409
-0.0693761706
-0.0135535542
0.0000000088
0.0001851470
-0.0000000011
-0.0258216504
-0.0000165743
-0.0381215923
-0.0238211174
0.0079204990
-0.0248450134
-0.0331222601
0.0229890775
0.0275194086
-0.0357326530
-0.0093015190
-0.0077561494
0.0000208946
0.0002962586
-0.0403251685
0.0006319247
-0.0405220278
-0.0000000435
-0.0000032011
0.0014009345
0.0000007586
-0.0213260856
-0.0385642461
-0.0263077579
0.0006974597
0.0348049514
0.0134997815
0.0142260771
0.0023764931
0.0018236972
0.0108938450
-0.0361966118
0.0415669531
-0.0225948803
0.0217868425
0.0000006122
-0.0087511512
0.0060523376
-0.0145376930
-0.0000000815
0.0004345131
-0.0000454359
0.0033449917
-0.0249184445
-0.0007528250
-0.0024747152
-0.0025916521
-0.0226450134
0.0436624847
0.0042420649
0.0034840186
-0.0073594619
0.0015018570
0.0000000243
-0.0001561596
0.0146058137
-0.0036958696
0.0000338980
-0.0000001016
0.0051745046
0.0037253564
0.0070319618
-0.0000000255
-0.0000000202
-0.0252812207
-0.0000020751
0.0410746969
-0.0259779170
-0.0460413583
-0.0106066773
-0.0202876870
-0.0427751504
0.0183446147
-0.0245524775
-0.0534042381
-0.0481744744
-0.0000056749
-0.0273494273
0.0011258242
-0.0436062738
0.0000000188
-0.0105327880
-0.0009387909
-0.0023472686
-0.0133063328
-0.0002019255
0.0008329926
0.0014811010
0.0038540501
-0.0000005236
-0.0136731621
-0.0151860090
0.0000000064
0.0225535762
-0.0000356383
0.0222139601
-0.0097891157
-0.0000455680
-0.0000003751
0.0302533880
-0.0189226586
-0.0046632788
-0.0024752303
0.0000000223
0.0097828479
-0.0158680808
0.0000000121
-0.0026528717
-0.0107438322
0.0180656500
0.0117029827
0.0039773886
0.0052055735
-0.0000522988
0.0099378470
-0.0002322207
-0.0240201391
0.0000000227
-0.0038664378
0.0064431531
0.0108579937
0.0000010244
0.0122440979
-0.0097886408
-0.0122554507
-0.0017651650
-0.0395747051
-0.0295735728
-0.0104146032
-0.0000001529
-0.0098885112
-0.0096550947
-0.0164232980
0.0011947395
-0.0150354700
-0.0294477921
-0.0287892502
-0.0071274191
0.0002658026
-0.0000229672
-0.0041996501
-0.0114612021
-0.0001037978
-0.0464756452
-0.0132154776
0.0053680926
0.0038587644
-0.0000431108
-0.0081914524
0.0001179043
-0.0000126497
-0.0017618119
0.0145829869
-0.0134726642
0.0045504477
0.0238539539
0.0092860078
0.0301652793
-0.0269851126
-0.0000002652
-0.0525934547
0.0199295785
0.0021013182
0.0208118707
0.0141115664
0.0161072966
-0.0024977778
-0.0019514532
-0.0086725652
-0.0266118255
-0.0000001552
-0.0252219830
0.0011396357
0.0000000946
0.0266192481
0.0459147617
-0.0093289642
0.0316837430
0.0255793259
0.0087159630
0.0020620418
-0.0000023984
0.0260650627
-0.0000202899
-0.0409186855
0.0000005758
0.0044922694
-0.0044475482
0.0273338240
0.0000004581
0.0157669876
-0.0000007247
-0.0000004347
-0.0003053323
-0.0023959919
-0.0267668478
0.0020755716
-0.0000044564
0.0210808702
0.0091001960
0.0004301844
-0.0260127895
-0.0011788877
-0.0062662736
-0.0268220734
-0.0365876257
0.0083984826
-0.0065199328
-0.0438502692
-0.0000043864
-0.0293662958
-0.0000003260
-0.0012017041
-0.0260073580
0.0048783077
0.0166988671
0.0000029266
0.0010084896
0.0036951744
0.0336247794
0.0001060793
0.0126062520
-0.0002273122
-0.0094081732
0.0212134328
0.0161712449
0.0121155661
0.0136936614
-0.0031627712
-0.0000681168
-0.0000824802
0.0215629209
0.0128998058
-0.0317487754
0.0000139552
-0.0000251495
0.0000023732
-0.0038481189
0.0176967420
0.0000002126
-0.0002632285
-0.0000012925
0.0034269004
-0.0003855708
-0.0238791369
0.0145520605
0.0456669964
-0.0001722292
-0.0000005665
-0.0000018094
-0.0084523465
-0.0023712632
-0.0000000111
0.0185935553
-0.0115858531
0.0022327313
0.0126328683
-0.0178300794
-0.0000099375
0.0000002502
0.0000017496
0.0000184272
0.0000716102
0.0158402137
0.0131679373
-0.0000001450
-0.0178724322
-0.0000170235
0.0000000381
0.0000041766
0.0209530629
-0.0240402613
0.0000007610
-0.0339760408
-0.0016269422
0.0001382692
-0.0073898113
0.0036125144
-0.0339870527
0.0000021696
0.0213891417
0.0001723198
0.0166814737
0.0022481796
0.0140534071
-0.0000402774
-0.0108959973
0.0052139354
0.0370511487
0.0093254736
-0.0235957894
0.0030888100
0.0092125330
0.0453512296
0.0012191695
-0.0097637298
-0.0153796403
-0.0016414414
-0.0000000084
