-0.0000000000
-0.0000000000
-0.0000000000
0.0000000000
0.0002087625
-0.0000048757
0.0000000000
0.0000000000
0.0000000000
0.0000000000
0.0002680796
-0.0000000000
-0.0001534216
-0.0000000000
-0.0000000000
0.0000000000
0.0000000000
0.0000000000
0.0000000000
0.0094049191
0.0000000000
0.0000113144
-0.0000000020
0.0000000000
0.0000000000
-0.0000000000
-0.0000000000
0.0000000000
-0.0000000000
0.0411213413
-0.0000000000
-0.0001654415
-0.0000000000
0.0000000000
-0.0000367696
-0.0000034217
0.0000000000
0.0000000000
-0.0000196195
0.0035915943
0.0000000022
-0.0000000000
0.0003227669
0.0002211459
-0.0000000000
-0.0004584343
0.0000000000
-0.0020743778
-0.0000043632
-0.0000000000
0.0000000000
-0.0000059061
0.0000000000
-0.0000000000
0.0000094407
0.0000000000
-0.0000000000
-0.0119491229
-0.0000000000
-0.0000000000
-0.0000001426
0.0000000000
0.0257330034
0.0000000000
0.0000000000
-0.0000000000
-0.0027091962
-0.0000351548
0.0000000000
-0.0029741316
-0.0003708036
0.0000000000
0.0000000000
0.0001326627
0.0004838800
-0.0000000000
0.0000000000
0.0000000001
0.0000000000
0.0000000000
-0.0000000000
0.0575539768
-0.0000000000
-0.0000000000
0.0000000000
0.0000000000
0.0000000015
-0.0000000000
0.0000002930
-0.0003469011
0.0000000000
0.0000000000
0.0000536340
0.0000000000
0.0178669356
-0.0000000000
-0.0000004280
0.0003931610
0.0341625027
0.0000000000
-0.0002514581
-0.0000000000
-0.0000000000
0.0022522160
0.0000000000
-0.0000000000
0.0000000000
0.0000000000
-0.0000002695
0.0000000000
0.0410886742
0.0000000000
0.0000000000
0.0000000000
-0.0000000000
-0.0000000000
-0.0000000000
-0.0000484444
-0.0000010726
0.0036637383
0.0000419182
0.0072417571
-0.0015427109
0.0000000000
0.0000000000
-0.0000000000
-0.0000000000
0.0000000000
-0.0000000000
-0.0000000000
0.0036633462
-0.0000493087
0.0000000000
0.0000016818
0.0314905867
-0.0000000000
-0.0004344608
0.0000000000
0.0000000000
0.0464251451
-0.0000000000
-0.0000000000
-0.0000000000
0.0001550451
-0.0000000000
0.0000000000
-0.0000000000
0.0000000000
0.0000208009
0.0000000000
0.0000000000
0.0001322545
0.0000000000
0.0000000000
0.0000000122
-0.0000000000
-0.0000000493
-0.0000000000
-0.0000000000
-0.0000000000
-0.0000000000
-0.0042614792
0.0000000000
-0.0000005896
-0.0000128336
-0.0000017923
-0.0265013967
0.0001978634
-0.0035747297
0.0001077075
0.0000000000
-0.0000000000
-0.0000000000
-0.0000267987
-0.0000000067
0.0000000000
-0.0015505647
0.0000000000
0.0027206561
0.0085202297
-0.0000000194
0.0001916549
0.0000000165
-0.0000000000
-0.0000000000
-0.0000000001
0.0000000277
-0.0000798940
0.0018175372
0.0047407318
-0.0000000000
-0.0000000000
-0.0000000000
-0.0000000000
-0.0000000000
-0.0000000000
-0.0000002744
0.0000000000
0.0006409779
0.0014698263
-0.0000000000
0.0000000000
0.0000000000
-0.0000000000
-0.0000000000
-0.0000000000
0.0001285034
-0.0000000000
0.0000000000
-0.0000134987
-0.0000204356
-0.0000000000
0.0056524426
-0.0221411400
0.0000077893
0.0000000005
0.0014294285
0.0000000000
0.0000000000
0.0000000000
-0.0000000000
-0.0000000000
0.0000000000
-0.0000000000
-0.0000000000
-0.0000000000
-0.0000000000
0.0054902178
0.0035510531
-0.0057081166
-0.0000000000
-0.0000003358
0.0000000000
0.0000000916
-0.0045700879
-0.0000000000
0.0000110097
0.0000000000
0.0000001546
0.0000000000
0.0000000024
0.0000000000
-0.0002168383
-0.0000000000
-0.0000000000
-0.0000000000
0.0000000000
0.0000456788
-0.0000000000
0.0000000000
0.0000000000
0.0000014911
0.0000000000
0.0382031091
0.0000000543
-0.0000000000
0.0067725787
-0.0000000000
0.0000000000
-0.0000000000
-0.0000000000
0.0001637221
-0.0000000000
-0.0000000001
-0.0000000000
0.0012899021
0.0000000000
-0.0000047899
0.0000000060
-0.0000000000
-0.0000000000
-0.0000000000
-0.0000000000
0.0000000007
-0.0000009526
0.0000000000
-0.0000000000
0.0000000015
0.0000000000
0.0210049786
0.0000007747
-0.0000000000
-0.0000037567
-0.0004518528
-0.0000000000
0.0232611708
-0.0000001117
-0.0000000000
0.0000009334
0.0019330606
-0.0000000000
0.0000000000
0.0148421582
-0.0000000851
-0.0013045302
0.0000000253
0.0000000000
-0.0000610376
0.0003389010
0.0065663485
-0.0043194504
-0.0000000000
-0.0011611863
-0.0000000000
0.0000000000
-0.0000000000
0.0000000000
-0.0000000000
0.0038032583
0.0000000000
0.0000000236
0.0333099663
-0.0003626970
-0.0000008114
0.0000000000
-0.0000000000
0.0025961210
-0.0000000000
-0.0000000000
0.0000000000
0.0509541072
0.0000000000
0.0074432278
0.0000000000
-0.0000033878
0.0022760858
-0.0000000000
0.0000000000
-0.0000000000
-0.0000000024
-0.0000000000
0.0023867129
0.0000000000
-0.0000044387
-0.0000000000
-0.0000000000
0.0004736711
0.0000000824
0.0000000000
-0.0000008697
0.0000000000
-0.0000000000
0.0000527500
0.0000000000
0.0000000000
0.0000491832
0.0000014442
0.0000000000
0.0000000000
0.0517300069
0.0000784765
0.0000000000
0.0000000000
0.0002408834
-0.0021847957
0.0000432334
-0.0006351236
0.0000009026
-0.0000000000
-0.0000000000
0.0015390652
0.0000000000
0.0000000001
0.0000000000
0.0000000000
-0.0056075477
0.0008520358
-0.0000000000
0.0000000000
-0.0000000000
-0.0000000000
-0.0000000000
-0.0000000000
-0.0000000158
0.0000000000
-0.0000964514
0.0192368049
-0.0000000000
0.0018242388
-0.0000000000
0.0000000000
-0.0000000000
-0.0000000000
-0.0000000000
0.0000000000
0.0177960321
0.0000000000
0.0000000000
-0.0000000000
-0.0000000000
-0.0000000000
0.0000000000
0.0038636085
-0.0000000000
0.0000000000
0.0391663276
0.0000000000
0.0145267751
0.0000000007
0.0000000000
0.0000000000
0.0000000000
0.0000000000
0.0000000000
-0.0000000000
-0.0000000000
0.0000000000
0.0003552217
-0.0000000000
-0.0000000000
-0.0000000000
0.0000000000
-0.0000000000
0.0000000000
0.0000000000
-0.0000805094
-0.0000000000
0.0000000000
0.0207004864
0.0000051475
0.0179658160
-0.0000000000
-0.0000000000
0.0067859269
0.0468178615
0.0000000000
-0.0000005114
0.0000000000
0.0015603311
0.0000000000
-0.0000000000
-0.0030557350
0.0002779357
-0.0000000000
0.0003980475
0.0022150078
-0.0002496882
0.0003831355
0.0000941767
0.0072955675
0.0000774187
0.0000000000
-0.0000000000
-0.0000000000
-0.0003079648
-0.0018623054
0.0000000000
0.0499373488
-0.0000000000
0.0092257289
0.0000000000
0.0293535348
-0.0000000000
-0.0000027569
0.0000000000
0.0000000000
0.0000000178
0.0000000000
0.0000000000
-0.0000000000
0.0000000000
0.0000000000
0.0000000000
-0.0005109180
-0.0000000000
0.0000000282
-0.0000000000
0.0000001137
0.0336836614
-0.0000000000
0.0000005610
0.0000000000
0.0000000000
-0.0000000000
0.0172575656
0.0177461486
-0.0019645672
-0.0000000000
0.0000000000
-0.0000000000
-0.0000000000
0.0000000000
-0.0000000009
0.0457676649
0.0000000000
0.0302746408
0.0196665432
-0.0000000000
0.0511333160
-0.0000000000
-0.0000000000
0.0000000000
0.0000000000
-0.0000007939
-0.0000000256
0.0000000000
0.0000000000
0.0000304073
0.0000000000
0.0000033934
0.0000000050
-0.0000000000
-0.0000000000
0.0000000000
-0.0000000000
0.0000000000
0.0000000000
0.0000184357
-0.0000000007
-0.0000000000
-0.0000000000
-0.0015142935
0.0000000000
0.0000000000
-0.0020665685
0.0000000000
0.0000000000
0.0000000000
-0.0000691250
0.0000752777
0.0000000000
-0.0000041435
0.0000000000
-0.0000000000
-0.0000528175
-0.0000000000
-0.0000000000
-0.0000000000
0.0000000000
0.0000000000
0.0012608989
0.0000024163
0.0067109833
0.0040434613
0.0000000000
-0.0002082734
-0.0005638893
-0.0000000003
0.0000025318
0.0196449235
0.0116897607
0.0000000000
0.0000000000
0.0000000000
-0.0000000000
0.0011763660
0.0000000000
-0.0000000000
0.0016787060
-0.0000000000
-0.0000000000
0.0000000000
0.0000001775
-0.0000000000
-0.0000082021
-0.0000000001
-0.0000000000
-0.0000000000
0.0195346624
-0.0000000000
0.0000000000
-0.0000000000
0.0000000000
-0.0000000000
-0.0000000000
-0.0000000000
0.0000000000
0.0225735605
0.0071614990
-0.0000000000
-0.0000000000
0.0000000000
0.0000000000
0.0167742837
-0.0000000000
-0.0000000000
-0.0000000000
0.0000000000
-0.0137673859
0.0000000000
0.0000000000
0.0000000000
0.0000000005
0.0000000000
-0.0000004354
0.0000000000
0.0000965235
-0.0019166676
0.0000000000
0.0045438688
0.0299957171
-0.0000000000
0.0000053430
0.0016991351
0.0000000000
0.0449104048
0.0000013260
-0.0000000000
-0.0000000167
-0.0000140280
0.0000000000
-0.0000000000
0.0000000000
0.0001275704
-0.0000000000
0.0000000000
0.0004573345
0.0336590484
0.0000000000
-0.0018204850
0.0000000000
-0.0000000000
0.0000000000
0.0000000000
-0.0004349391
0.0002095021
0.0032792552
0.0000000204
0.0000000000
0.0164721217
-0.0000000000
0.0130655626
-0.0000000000
0.0000000000
0.0000000000
0.0000000000
-0.0000000000
-0.0000000000
-0.0000000013
0.0000000000
-0.0000012029
0.0000000000
-0.0000000000
-0.0000029942
0.0000737899
-0.0000021830
0.0000000007
0.0000000000
0.0000000000
0.0597670600
0.0000000000
-0.0000000000
-0.0000000000
-0.0000427889
0.0000000000
0.0000000000
-0.0000000000
-0.0031835791
0.0000000000
-0.0000000000
0.0096443715
-0.0000019889
0.0000000000
0.0000000000
-0.0000000000
-0.0000000000
0.0203971472
0.0249408763
-0.0000000000
0.0074765990
0.0070026270
0.0000000000
0.0294522308
-0.0000000000
0.0000000000
0.0000000002
-0.0000000000
-0.0000587512
0.1063428521
0.0000000000
0.0000000000
0.1248175502
-0.0000000000
0.0000000981
0.0011758853
0.0000000000
0.0655110404
0.0000902094
0.0441328622
0.0000004135
0.0000000000
0.0000000000
0.0000000000
-0.0000000000
0.0000000000
0.0000000000
-0.0293649230
-0.0010825230
-0.0000000000
-0.0000000000
0.0008863115
0.0000000000
-0.0000002007
0.0000000000
0.0000000000
0.0000000000
-0.0000005553
0.0000000000
0.0000000000
0.0000000000
0.0000000000
0.0000000000
0.0000367803
0.0000000000
0.0000000118
-0.0000000000
0.0000000000
0.0000000000
0.0000714471
0.0000000009
-0.0079486184
-0.0000002464
-0.0000000000
-0.0000000000
-0.0034083975
-0.0000000000
-0.0034946322
-0.0004188266
-0.0000000000
0.0000000003
0.0000000000
-0.0000000000
-0.0001330588
0.0004115332
-0.0000000000
0.0005516352
0.0000530190
0.0000000000
0.0000000000
0.0117829861
-0.0000000000
0.0000000000
-0.0000000000
0.0000000000
0.0191540867
0.0231817532
0.0000000000
-0.0000000034
0.0000000000
-0.0000000000
-0.0000000000
0.0338100716
0.0000000000
0.0000000000
0.0022648482
0.0000000000
0.0000000000
-0.0000000000
-0.0000055730
0.0000000000
0.0000000000
0.0000000000
0.0000000000
-0.0000026748
0.0265775882
-0.0037501040
-0.0000000000
0.0032294379
0.0000000000
-0.0000000000
0.0000000000
0.0000000000
0.0000000000
-0.0000000000
0.0000000000
-0.0000021163
-0.0000000062
0.0000000000
0.0000000000
0.0000000000
0.0000000000
-0.0003302029
-0.0000000000
-0.0000000000
0.0122511536
0.0000000146
0.0000000000
-0.0000136417
0.0000000000
0.0000000000
-0.0002460737
0.0000000000
-0.0092708189
-0.0000000000
0.0000000001
-0.0000000047
0.0000000000
0.0435482077
0.0000000000
-0.0000000000
-0.0000000000
0.0128107658
0.0000000179
0.0000000000
-0.0000000000
-0.0000000000
-0.0000000000
0.0023997137
-0.0000000000
-0.0000000000
0.0881293342
0.0000000000
-0.0000000000
0.0099889105
0.0038026341
-0.0000152630
-0.0000000000
0.0000000000
0.0006389728
0.0000000000
0.0000000000
-0.0000000000
-0.0000000001
0.0000000000
0.0014494251
-0.0000000000
-0.0000000000
-0.0000141644
0.0000000000
0.0000000000
-0.0006339724
0.0001654304
0.0182631295
0.0000000000
0.0000006180
-0.0000000758
0.0000341634
-0.0002137767
-0.0000070040
-0.0000000000
-0.0000000000
-0.0000000000
0.0000000000
0.0000000000
-0.0000000000
-0.0000069426
0.0000000000
-0.0000000000
-0.0000000000
-0.0000000000
-0.0000000000
0.0000000000
0.0000000000
-0.0000000011
-0.0000033953
0.0000000000
0.0000000000
-0.0000635073
-0.0000000000
-0.0000000000
-0.0000000000
-0.0003218024
0.0000000000
-0.0000000000
0.0791614726
0.0770970508
0.0000000000
0.0000000000
0.0000000032
-0.0000000000
0.0000253333
0.0000000000
-0.0000000000
0.0000000000
0.0000000000
0.0019140987
-0.0000000000
0.0114052296
0.0000000000
-0.0000000000
0.0000000000
0.0000000000
0.0000000000
0.0000073754
0.0000000000
-0.0000000000
0.0000000000
-0.0022532337
-0.0000000000
-0.0000000000
0.0000000000
-0.0000000000
0.0000000000
-0.0000000000
-0.0000000000
0.0000000000
0.0023521092
-0.0000000000
-0.0000000000
0.0000000000
0.0091504790
-0.0000056556
0.0000000000
0.0000000000
0.0000000000
0.0000035550
-0.0000000000
0.0002402732
0.0000000000
0.0000000000
-0.0000000000
-0.0000000000
0.0092298863
0.0000117848
-0.0085516041
-0.0000399884
0.0052008480
0.0000406745
-0.0000000931
0.0000000000
-0.0000000000
-0.0000000291
0.0000000000
0.0000000000
0.0000000000
-0.0000000000
-0.0022221575
0.0000000000
0.0000000000
0.0000000000
0.0000000000
0.0000000000
-0.0000000000
0.0000000000
0.0000905170
0.0581742041
0.1208064407
0.0000000000
0.0000002660
0.0021410484
0.0000000000
0.0000180278
0.0792741552
0.0171597376
0.0000000000
0.0000000000
0.0000000000
-0.0000000000
0.0004856444
-0.0000005898
0.0000000000
-0.0000000545
-0.0000000000
-0.0000000000
0.0009433348
-0.0056753568
-0.0000000000
0.0000011136
0.0003776385
0.0019839038
0.0000000000
-0.0000000000
0.0012818463
-0.0000000000
0.0223407838
0.0000000000
0.0002006530
-0.0000000000
0.0000000000
-0.0000000000
-0.0000029154
0.0000000008
-0.0000000000
0.0000000005
0.0000300532
0.0000000000
-0.0000787830
-0.0000000000
-0.0038069852
-0.0007227864
-0.0000000000
-0.0000000000
0.0219095591
0.0000000000
0.0084581319
0.0000000000
0.0427879840
-0.0000000000
-0.0000001447
0.0000000329
0.0000000000
-0.0000000000
-0.0012422499
0.0054205819
0.0766852200
0.0000000000
0.0000000000
0.0004513944
-0.0000000000
0.0057615358
0.0000000000
0.0003888724
0.0000000000
0.0000000000
-0.0000000000
0.0993402377
0.0040986030
0.0000000000
0.0000000000
-0.0002536072
0.0000000000
-0.0000000000
0.0000000000
0.0013791303
0.0000000565
0.0000000000
-0.0000000000
-0.0000000724
-0.0002155087
0.0000000000
0.0000000025
0.0000000000
-0.0000000000
0.0000000000
-0.0000000000
-0.0000000000
0.0000000000
-0.0000000000
-0.0000000000
-0.0002402546
-0.0058094691
-0.0000000000
-0.0004930679
0.0000000101
0.0000000000
-0.0003116930
-0.0025443002
-0.0003724236
0.0000000000
0.0000000000
-0.0000000000
0.0000000000
0.0000000000
0.0000000000
-0.0000000000
-0.0000000000
0.0000000000
-0.0002080492
-0.0178190768
0.0062665981
0.0000000010
0.1049174517
0.0000000000
-0.0024931279
0.0168264583
0.0000000000
-0.0000000000
0.0000000000
0.0000000000
-0.0000000000
0.0000023250
-0.0000000000
0.0000000377
0.0066155558
0.0111653628
0.0051486059
-0.0000000000
-0.0000000000
0.0001025829
0.0000000000
0.0000000000
0.0000000000
-0.0000000000
-0.0000000000
0.0000000251
-0.0000000000
0.0000000000
-0.0002801648
0.0000000000
-0.0000000000
0.0000000000
-0.0000000000
-0.0000000000
-0.0000000000
-0.0000000000
0.0000000000
-0.0000000000
-0.0000197117
0.0000000000
0.0000000000
0.0000000000
-0.0000000000
-0.0000000000
-0.0000000000
-0.0000000000
-0.0000000000
-0.0000000000
-0.0000000000
0.0000000000
-0.0000000000
-0.0000000007
-0.0000000001
-0.0000000000
-0.0000000000
-0.0000000000
0.0023582336
-0.0000000000
0.0022452478
0.0000000000
0.0000000000
-0.0000000000
0.0000004359
-0.0000000000
0.0000000000
0.0000000000
-0.0000000000
-0.0000000000
-0.0000000000
-0.0000000000
-0.0000000000
0.0000003062
0.0008255278
0.0000000000
0.0000000000
0.0314905457
-0.0000000000
0.0170268863
0.0279106069
0.4276651442
0.0000000000
0.1605902016
-0.0000000000
0.0000000000
-0.0000000000
0.0000000000
0.0000000240
-0.0000000000
-0.0000000000
-0.0000000000
0.0000000000
-0.0000057595
0.0506787114
-0.0000467147
0.0000000000
0.0038103526
-0.0010921214
-0.0000008926
-0.0000000000
0.0000000000
0.0000000000
0.0000000000
-0.0000000000
-0.0127537362
-0.0000000000
-0.0000000000
-0.0000000000
-0.0000000000
0.0000055604
-0.0000000000
0.0000000000
0.0000000000
-0.0082726870
-0.0023431650
0.0000000000
0.0000000000
-0.0000000000
-0.0007952884
-0.0000000000
0.0000000000
0.0003489321
0.0000000000
0.0000000000
-0.0000002814
-0.0000509554
-0.0004219969
0.0000054401
-0.0000000000
-0.0000000000
0.0000145097
0.0000000000
0.0000029556
0.0000000000
-0.0000000000
-0.0000000000
-0.0000000001
0.0000000001
-0.0000000000
-0.0000000000
-0.0000000000
0.0081733232
-0.0004118765
0.0000000001
0.0000000261
0.0000000000
0.0000000000
0.0626922697
0.0000079354
0.0000000000
0.0003440914
0.0000912869
0.0000000000
0.0000000007
0.0378836617
0.0025726769
-0.0000000000
-0.0047450271
0.0000000000
0.0000000000
0.0000000014
-0.0000691167
0.0000000000
-0.0019351096
-0.0042740051
-0.0000385631
0.0000739744
0.0016958750
0.0000000000
0.0000000003
-0.0000769632
-0.0011466716
-0.0000000000
-0.0000000000
-0.0000000028
0.0000000000
-0.0000000000
-0.0000257520
-0.0000003839
0.0305346008
0.0000000000
0.0000000000
-0.0000000000
0.0000000000
0.0000000000
-0.0021705164
-0.0002190440
-0.0001620530
-0.0003450762
0.0000000000
-0.0000000000
0.0000000000
0.0004899622
0.0000090326
0.0000000000
0.0000000000
0.0127800070
0.0006821821
-0.0000000000
-0.0000000000
0.0000000000
-0.0000000000
0.0003173633
0.0000000000
0.0000000000
0.0000000000
0.0000000000
0.0752937794
0.0000000000
-0.0000000000
-0.0000000000
0.0012243473
0.0586660281
0.0000000000
-0.0000000000
0.0240041614
-0.0000000000
-0.0000000055
-0.0000000000
0.0000000000
0.0000000000
0.0000000000
0.0000000000
0.0000000000
-0.0000000000
0.0000000000
-0.0007932762
0.0000000000
0.0000000000
0.0000000000
0.0009163610
-0.0000284253
-0.0000000000
0.0161989518
-0.0000000000
0.0000000000
0.0000000000
0.0000000000
-0.0000000000
-0.0000000000
0.0000000000
0.0000000000
0.0000000000
0.0000000000
-0.0000000000
0.0000000000
0.0000000000
0.0000000000
-0.0000000000
-0.0000000000
0.0000000000
0.0017396706
-0.0000000000
-0.0000000000
0.0000000000
-0.0000000000
0.1729192585
0.0000000000
-0.0000000000
0.0000000000
0.0001788619
0.1129064038
0.0000000000
0.0094898194
0.0000000000
0.0000000000
0.0813287124
-0.0000000000
0.0000000000
-0.0000000000
-0.0000000000
-0.0000000000
0.3628545702
-0.0000000000
-0.0000000000
0.0000000000
0.0759293586
0.0004786970
0.0000000000
-0.0000000000
0.0000000000
-0.0000000000
-0.0000000000
0.0000130523
0.0000000000
0.0000000000
-0.0000000000
0.0000000000
-0.0000000000
-0.0000000000
0.0000000000
0.0000033174
0.0000000000
-0.0000000000
0.0000000000
0.0000000000
0.0000000000
-0.0000000000
0.0000000000
-0.0030370890
-0.0000000000
0.0000000177
0.0000122017
-0.0000000000
-0.0000000000
0.0000000000
0.0000000000
0.0089889308
0.0000300521
-0.0000000000
0.0000000000
0.0000956204
0.0000000000
0.0000000000
0.0000000000
-0.0000000000
-0.0002515953
-0.0000000000
0.0000000000
0.0055482038
-0.0006746302
0.0005010534
-0.0000001069
0.0535579473
-0.0000000000
0.0000000000
0.0133846523
-0.0000000000
-0.0000000000
0.0000000000
0.0000000000
0.0000000000
-0.0000000000
0.0000000000
0.0000000000
-0.0000000000
0.0000000000
0.0000000000
0.0007765529
0.0000000000
0.0000000000
-0.0000000000
0.0000000000
0.0000000000
0.0000000000
-0.0000000000
0.0001858422
-0.0000000000
0.0361749865
-0.0000000000
0.0000000253
0.0000000000
-0.0000000000
-0.0011213304
-0.0000000000
0.0000000000
0.0000000000
0.0000000000
0.0000000000
0.0000000000
0.0026373195
0.0000000000
-0.0000000000
0.0000000000
0.0000000039
-0.0000000000
0.0000000000
-0.0025706848
0.0000046220
-0.0000000000
0.0009287611
-0.0000000000
0.0000000000
0.0271027721
0.0000000000
-0.0000000001
-0.0001048652
-0.0087284259
0.0242592711
-0.0000000000
-0.0000000000
0.0480411127
0.0000000000
0.0000000000
0.0000000000
0.0134239895
0.0028368148
0.0000000000
0.0094784675
0.0000000000
0.0073813708
0.0000000000
0.0000000000
0.0000000000
0.0006322777
-0.0000000000
0.0000000000
0.0000000000
0.0000013803
-0.0000000000
-0.0000000000
-0.0000000000
-0.0000000000
-0.0000000000
0.0000000000
0.0000000005
0.0000000016
0.0022216600
0.0000000000
0.0000000000
0.0151889129
-0.0000000000
-0.0000000000
0.0000000000
-0.0000000000
0.0000000003
-0.0000001118
-0.0000002182
0.0000017624
0.0000003274
0.0000000000
-0.0000000000
-0.0000000000
0.0000000000
-0.0000000000
-0.0000000000
0.0061257798
-0.0000000000
0.0097743310
0.0000000000
0.0000000000
0.0000000000
-0.0000000000
0.0000000000
-0.0000000000
-0.0000000000
-0.0000000000
-0.0000073019
-0.0014593938
0.0000000012
-0.0000000000
0.0000000000
0.0000000000
0.0000000000
-0.0000001042
-0.0000000000
0.0000000000
-0.0000000000
0.0000000000
0.0000000000
0.0000000000
0.0486613698
0.0000000000
-0.0000000000
0.0000425766
0.0000000000
-0.0000000000
0.0589059182
0.0047342982
0.0000000000
0.0085633388
-0.0040757395
0.0000000000
0.0000220461
-0.0000000000
0.0000000000
0.0000000000
0.0000000000
0.0012509065
0.0005017886
-0.0000000000
0.0000000000
0.0091498643
0.0000000000
0.4584144354
0.0001889331
-0.0000000000
0.0000000000
0.0000000000
0.0036524131
-0.0001805623
0.0052308301
-0.0000000000
0.0001263010
0.0000000000
0.1107765734
0.0005526435
-0.0000000000
-0.0000000000
0.0000509258
0.0000083158
-0.0000000000
-0.0000000000
0.0000000769
-0.0000000000
0.0000000044
-0.0000000000
0.0000283636
-0.0000000000
-0.0006434300
-0.0004752747
0.0000000000
0.0000000000
-0.0000000000
-0.0000000000
0.0000000000
-0.0000532016
0.0000005873
-0.0009743199
0.0000000000
-0.0000014247
0.0000114068
0.0000000000
-0.0000000000
0.0000000000
0.0000000000
-0.0000000000
-0.0000000000
-0.0000000000
0.0000000000
-0.0000000000
-0.0000002466
0.0000790537
0.0000000000
0.0000000000
0.0000000001
0.3195621669
-0.0000000000
-0.0000000000
-0.0000000000
0.0000000000
0.0000000000
-0.0000000000
0.0000000003
0.0000000000
0.0000000000
-0.0000000000
0.0000000000
0.0000000000
-0.0000000000
0.0000224431
0.2906060219
0.0357707478
-0.0000000000
0.1164467335
0.0000000001
0.0000706883
0.0000000000
0.0000000000
-0.0000000000
0.0000000000
-0.0000000000
0.0000000803
0.0000000000
0.0304214619
-0.0000000000
-0.0003058357
0.0000000000
-0.0076313987
-0.0000000000
0.0201203991
0.0000000000
0.0000000000
-0.0000000000
0.0000000000
-0.0000000000
-0.0000000000
-0.0000000000
0.0000000000
0.0005139088
-0.0000000000
-0.0000000000
-0.0000000000
0.0000000000
0.0000000000
0.0000000000
-0.0000000000
0.2772809267
-0.0000000000
0.0000000000
0.0014015094
0.1450026482
-0.0000000000
0.0000075999
0.0011472842
-0.0000000000
0.0350717306
0.0000000000
-0.0000000000
-0.0000000000
0.0000000000
-0.0000000000
0.0991632119
-0.0000000000
0.0000000000
0.0000000000
0.0000000000
-0.0000000000
0.0000000000
0.0000000000
0.0000168035
0.1541971415
0.1252701581
0.0000000004
0.0000000000
0.0000000000
0.0000000000
0.0031696081
0.0000000000
0.0000013653
0.0000000000
-0.0000000000
0.0000000000
-0.0000052127
0.0000000000
-0.0000000000
0.0000000000
0.0000000000
-0.0000000000
0.0101104323
0.0000000218
0.0000000000
-0.0000000000
0.0000000002
0.0000000000
0.0000000000
-0.0000148493
0.0000000000
0.0000000000
0.0045391666
-0.0000000001
0.0167963281
-0.0000000000
0.0325737111
-0.0000003783
-0.0127351815
0.0020427881
0.0000000000
0.0000000000
0.0070750499
0.0000073593
0.0000000000
-0.0000000000
0.0000000000
0.0000000000
0.0000000000
0.0000000000
0.0000000000
0.0337155759
0.0000000000
0.0000000494
0.0000000000
0.0007039131
0.2545948923
0.0000000000
-0.0000000000
0.0000000331
0.0000000000
-0.0000000000
-0.0000000000
-0.0000000000
0.0000000000
0.2127341777
0.0000000000
0.0000000000
0.0000000000
0.0000000000
0.0463935174
0.0000000000
-0.0000000000
0.2388271391
0.0000000000
0.3210880756
-0.0000000000
0.0000000000
0.0000000458
-0.0000000000
0.2469719499
-0.0000000000
-0.0000000000
0.0000000000
-0.0000000000
-0.0000000000
0.0062220399
0.0000282344
-0.0000000000
-0.0000000000
0.0000000000
-0.0000000000
-0.0000123723
-0.0000000000
0.0016252240
0.0000000000
0.0000000000
0.0000568879
-0.0000491833
-0.0000000000
-0.0000000000
-0.0000000000
-0.0046864669
0.0000000000
0.0000000000
0.0000000322
0.0027333153
0.0022989039
0.0023775382
-0.0000000000
0.0000000000
0.0000000000
0.0000000000
0.0000000000
-0.0000000000
0.0000000000
0.0000000000
0.0000000000
0.0000000000
-0.0000000000
0.3202930093
0.0000000000
-0.0000000000
0.0000000000
0.0002285222
0.0000000000
-0.0000000000
0.0000000000
-0.0000000000
0.0000000000
0.3518838882
-0.0000000000
-0.0000000000
-0.0000000000
0.0000000000
0.0221723951
0.0000000000
0.0010035433
0.0000000920
0.0000000000
0.0000374034
0.0345432982
0.0031855800
-0.0000000000
0.0000005052
0.0000000000
0.0000000000
-0.0000000000
0.0000000000
0.0000000001
0.0669751540
-0.0000000000
-0.0000000000
-0.0000000000
0.0000000000
-0.0000000000
-0.0000000000
-0.0000000000
-0.0000000000
-0.0000000000
-0.0000032879
0.0000000000
0.0000000241
-0.0000000000
0.0000003195
-0.0000000000
0.0000000000
-0.0000000000
-0.0000000000
0.0000000000
0.0244717766
-0.0000000000
0.0357221179
0.0000000000
0.0000000000
-0.0000000000
-0.0000000000
0.0000000000
0.0790567696
0.0000000000
0.0000000000
-0.0000000000
0.0000000000
0.0000000000
0.0000000000
-0.0000000000
-0.0000000000
0.0000000000
0.0000000000
0.4054283500
0.0000000000
-0.0000000000
0.0000000000
0.0000000000
-0.0000000000
0.0000000000
-0.0000000000
0.0000000000
-0.0000000000
0.0000000000
-0.0000000000
0.0000000000
0.0017414347
0.0000000000
0.0262838043
0.0028545959
-0.0000000000
0.0000167575
-0.0000000000
0.0000000000
0.0000000000
0.0000000000
-0.0000000000
0.0000000010
-0.0000000000
0.0000000000
-0.0000317874
0.0000000000
0.0000000000
0.0000000000
-0.0000000240
-0.0001912972
0.0000000000
-0.0000000000
0.0000000000
0.0000000000
0.0000000000
0.0477035306
0.0000000000
0.0000000000
0.0000000000
0.0221198574
0.0000000004
0.0000000213
0.0000000000
0.0000000000
-0.0000000000
-0.0000000000
0.4058680832
0.0576576218
-0.0000000000
0.3747277558
0.0000305178
-0.0000000000
-0.0000000000
0.0000095006
-0.0000000000
0.1832982600
0.4101135731
0.0025887177
0.1994246691
0.3899835050
-0.0000000000
-0.0000000000
0.0000000000
0.0000000000
-0.0000000000
0.0494493023
-0.0000000000
-0.0000000000
0.0000000000
-0.0001443047
0.0000037089
0.0000000000
0.0341273025
0.0252529569
0.0000000000
0.0000001470
0.0000000000
-0.0000030131
-0.0000000000
-0.0000000000
0.0000020040
0.0000000000
0.0072242403
-0.0000000000
-0.0000000000
0.0000000000
-0.0000000000
-0.0000001594
-0.0000084259
-0.0044091241
0.0000000000
-0.0000213382
0.0000000000
0.0000627103
-0.0000000000
0.0000000000
0.0000000000
0.0000000000
0.0000000000
0.0000000000
0.0000115830
-0.0000000000
0.0000000000
0.0070771431
0.0000000000
0.0000000000
0.0008484062
0.0090206675
0.0270632021
0.0332656316
0.0000000000
-0.0000000000
0.0000000000
-0.0000000000
0.0000000000
0.0000000000
0.0000000000
-0.0000000000
0.0000000032
0.0736868232
0.0000000000
0.1206733361
-0.0000000000
0.0000000000
-0.0000000000
0.0000614987
-0.0000000000
0.0000000000
0.0000000000
0.0000000000
0.2967251837
0.0000000000
0.0000000000
0.0000000000
0.0059170173
0.0000000000
-0.0000000000
0.0134858126
-0.0000000000
0.0013182038
0.0000000000
0.0000000000
0.0001625179
0.1107587740
-0.0000000000
0.0000000227
0.0402832888
-0.0000000000
0.0000000000
0.0000000000
-0.0000000000
0.0000068321
-0.0000000000
-0.0213639680
0.0084494352
0.0000000000
-0.0000000000
-0.0000000000
0.0000000000
0.0000000000
-0.0019323260
0.0000000000
-0.0000001199
0.0000000240
0.0000000000
0.0173798073
-0.0000000000
0.0000000000
0.0103113335
0.0000000000
0.0002085648
-0.0000000000
0.0000000000
0.0000010102
0.0000000000
-0.0000000000
0.0000000000
0.0000000000
0.1777621508
-0.0000000000
0.0000000000
0.0000000000
0.0000000000
0.2405059040
0.0000000000
0.0000000000
-0.0000000000
0.0000000000
0.0000000000
-0.0000000000
0.2602349520
0.2265340835
0.0000000000
0.0642825961
0.2765017450
-0.0000000000
-0.0000000000
0.0000000000
0.0000013826
0.0000000000
0.0000000000
0.0000115499
0.0000000000
0.3828725517
-0.0000000000
0.0000000000
0.0343948044
0.0000007174
0.0619963743
0.0025364349
0.0062175863
0.0001643171
-0.0000000000
0.0011709045
0.0000000000
0.0022919541
0.0000000000
-0.0000000000
-0.0000000000
0.0000000000
-0.0000000000
-0.0000000000
0.0000000000
-0.0000002271
-0.0000000000
-0.0000015323
0.0000003292
0.0007097284
0.0000000000
0.0556599461
-0.0000130153
0.0001496534
0.0000000000
0.0009146267
-0.0000000000
-0.0000000000
0.0000000000
0.1431934834
-0.0000000000
0.0044858507
0.0000002253
-0.0000000000
-0.0000000000
0.0000000000
-0.0000000000
-0.0000000000
0.0000000000
0.0000000000
0.0000000000
0.0000000000
-0.0000000000
0.4474946558
-0.0000000000
0.0000000056
0.0000000000
-0.0000000000
0.3689930439
0.0000000000
0.0000000000
0.3192282915
0.1374435872
0.2735091746
0.0000000000
-0.0000000000
-0.0000000000
-0.0000000000
0.0000000000
-0.0000000000
0.0000000000
0.0000000000
0.0450192206
-0.0125315972
0.0000000000
0.0000000000
0.0000000000
0.0000000000
0.0021784368
0.0732381567
-0.0000000000
-0.0000000000
0.0000000000
-0.0200622436
0.0000000000
0.0000628749
0.0000000000
0.0140672242
0.0000000000
-0.0000000000
0.0000000000
-0.0041555832
-0.0000000000
0.0000000000
-0.0000000000
-0.0000000000
-0.0000000000
-0.0000000135
-0.0013327500
0.0000005215
0.0151266996
0.1527955532
0.0000000369
0.0000000000
-0.0000000000
0.0000000000
0.4084405005
0.0000000000
0.1129449084
0.0000000000
0.0000000000
-0.0000000000
0.0286656599
0.0000000000
-0.0000000000
0.0000000000
0.3439702392
-0.0000000000
0.0000000000
-0.0000000000
0.0000000000
0.0000000000
0.0274774805
0.0000000000
0.0000000000
0.0000000000
0.0000000001
0.0000000000
0.0000000000
-0.0000000000
-0.0000000000
0.0000000000
0.0000000000
0.0000000000
-0.0000000000
-0.0000000000
-0.0000000000
-0.0029842509
-0.0000000000
0.0000000000
-0.0000000748
0.0000000000
0.0000000000
0.0000018465
0.0008155354
0.0000000000
-0.0000000000
0.0000000000
-0.0029758220
-0.0000030627
0.0000000000
0.0000000000
-0.0000000000
-0.0000000000
-0.0000000000
-0.0000000000
0.0000000000
0.0000000000
0.0041577625
0.0014166740
0.0000000477
0.0001127844
0.0000000000
0.0000000000
0.0000000000
-0.0000000000
-0.0000000000
0.0000000000
0.0000000258
0.0321957804
0.0000007023
0.0000000000
0.0818480402
0.4870599508
-0.0000000000
-0.0000000000
0.0000000000
0.1607361883
-0.0000000000
0.0000000000
-0.0000000000
0.2162614763
-0.0000000000
0.0000103242
0.0000000000
0.0000000000
0.1978724748
-0.0000000000
-0.0000000000
0.0454461575
-0.0000000000
0.0000000000
0.1974766850
-0.0000000000
0.1211883053
0.3239472210
0.0000000000
0.0806389526
0.0000000000
0.0000000000
0.0000000000
0.0000000000
0.0277488325
-0.0000000000
0.0000785154
-0.0000000000
0.0000173918
0.0659939051
0.0000000000
0.0000000000
-0.0000256759
0.0000000000
0.0000000000
0.0000000000
0.0000000000
0.0000000000
-0.0026323909
-0.0000000000
0.0000000000
-0.0000000000
0.0000008311
0.0000000000
0.0000000016
0.0000000000
0.0000000000
0.0969166607
0.0000000000
0.0000000000
0.0023037777
0.0003395207
0.0000000000
0.0000000292
0.0000000040
0.0000000000
-0.0000000000
-0.0000000000
0.0000000926
0.1218911409
0.0000000000
-0.0000000000
-0.0000000000
0.0000000000
0.0000000000
0.0000000000
0.0000000000
0.0000000000
0.0364521891
-0.0000000000
0.3104141057
-0.0000000000
-0.0000000000
0.1299368590
0.1077123359
0.0000000001
0.0000000000
0.0000000004
0.0000000000
0.0000000000
0.0000000000
0.0000000000
0.0000000000
0.0013092279
-0.0000000000
0.0000000000
-0.0000000000
0.0000000000
-0.0000000000
-0.0000000000
0.0000000636
-0.0000000000
0.0000000000
-0.0000000320
0.0000000000
-0.0000000000
0.0000000000
-0.0000000000
0.0007090402
-0.0000000000
0.0000000000
-0.0000000000
-0.0000000000
-0.0000000000
0.0000000000
-0.0000000000
0.0000000000
0.0209229626
0.0092086876
0.0000000000
0.0000000000
0.0022030284
0.0000005552
0.0000000000
0.0000000000
-0.0000000000
-0.0000000000
-0.0000000000
0.0000000000
0.3401147723
0.0000001455
-0.0000000000
0.0738122463
-0.0000000000
0.0000000000
-0.0000000000
-0.0000000000
0.0000000000
0.0000000000
-0.0000000000
-0.0000000000
0.0000000000
0.0000000000
0.0000314459
0.0000000004
0.0000000000
0.2532475293
0.3394134343
0.0000010371
0.0000000000
-0.0000000000
0.0000000000
0.0000000000
-0.0000000000
0.0000000000
0.0000000000
0.0000000000
-0.0000000000
0.2164189368
0.0000011178
0.0654338896
0.0161867831
0.0000000000
-0.0000000000
0.0000000000
0.0000000008
0.0000000000
-0.0000000000
-0.0000000000
-0.0015778341
-0.0000000001
-0.0000000000
-0.0000000000
-0.0000000000
0.0000009421
0.0000000000
0.0000000000
-0.0000000000
0.0093303872
-0.0000304326
0.0000000003
-0.0000083910
0.1073341444
0.0000000000
-0.0000000000
-0.0000000000
0.0000000017
-0.0000000000
0.0000000000
0.0000000000
-0.0000000000
0.0000000354
0.0000000000
0.0020828729
0.0758465976
0.0000000000
0.0265721027
-0.0000000000
0.2317393869
0.0000000000
-0.0000000000
0.1547441334
-0.0000000000
-0.0000000000
0.2921487093
0.2352895439
0.1379082650
0.1507232636
0.0000000000
0.2016839683
0.0436123721
0.0000000000
0.0000000000
-0.0000000000
0.0000004123
0.0000000000
0.0000000000
0.0000010342
0.0000000000
0.0000889674
0.0000000000
0.0000019509
0.0000000000
0.0000211385
0.0229520258
0.0026560458
-0.0000000000
0.0021667101
0.0002766315
-0.0000000000
-0.0000000000
0.0021003881
-0.0000000000
-0.0000000000
0.0000000000
-0.0000000000
0.0000000000
-0.0000000000
0.0000000000
0.0000000000
-0.0000000000
-0.0072464915
-0.0000000000
0.0000000000
0.0000000000
0.0000000000
0.0000000000
0.0000017767
0.0000005384
-0.0000000000
0.0297807325
0.0165555254
0.0000002099
-0.0000000000
-0.0000000000
0.1155310199
0.0000000000
-0.0000000000
-0.0000000000
-0.0000000000
0.0000000000
0.1035741419
0.0000000000
-0.0000000000
0.0000000001
0.0000000000
0.0000000000
-0.0000000000
0.1502998173
0.1149267852
0.0000000000
-0.0000000000
0.0000000000
0.0000000000
-0.0000000000
0.0000000000
0.0000000000
-0.0000000000
0.0000000000
0.0000000000
-0.0000000000
-0.0000000000
0.1351076216
0.0000000000
0.0000000000
0.0000000000
0.0057822377
0.3260660172
0.0510037914
0.0000000000
0.0004069816
0.0500122383
0.0000000000
0.0016008144
0.0000000000
-0.0000000000
0.0220712889
0.0000000000
0.0001421349
-0.0000000000
0.0000000000
0.0000000000
0.0000000000
-0.0000000000
-0.0000000000
0.0050464133
-0.0000683610
0.0000000000
0.0000000000
0.0000000000
0.0169413835
0.0000000000
-0.0000000000
-0.0000014675
0.0000000000
0.0465134196
0.0000000000
0.0000069378
-0.0000000000
0.0000000000
0.0000000000
0.0070667407
-0.0000000000
0.2537096739
0.0000000000
0.0058260658
0.0000000000
0.0000000000
0.0000000476
0.3355574310
-0.0000000000
-0.0000000000
0.0000000000
0.0000187088
0.0000000000
0.4602710605
0.1131877676
0.0000000000
0.1196901351
-0.0000000000
0.0000000190
0.0000484601
0.0000000000
0.0706522614
0.3606501818
0.0034155163
-0.0000000000
0.0000000000
0.0659220293
0.0623848140
0.0000000000
0.0242794901
0.0000000000
0.0058040661
0.0187633764
0.0000000000
0.0000000000
0.0000007171
0.0000000466
0.0000045144
0.0236575641
-0.0000856506
0.0000020746
0.0000000000
0.0000000197
0.0010041868
-0.0000000000
0.0000287115
0.0000146088
-0.0000000863
0.0000000000
0.0000000000
0.0000000000
-0.0000000000
0.0031402146
-0.0000000000
0.0251594149
0.0000000000
0.0002513805
0.0881231353
0.0000000001
-0.0015726789
-0.0008737923
0.0000000000
0.0818885416
0.1080525145
0.2957242429
0.0000000000
-0.0000000000
0.0000000000
-0.0000000000
-0.0000000000
0.0000000000
-0.0000000000
0.0000000054
0.0000001125
0.3755393326
0.1703560799
-0.0000000000
-0.0000000000
-0.0000000000
0.0000024168
0.2698244452
0.0000000000
-0.0000000000
0.0000000000
0.0000000000
-0.0000000000
0.0000000000
0.0000000000
-0.0000000000
-0.0000000000
0.0461709388
-0.0000000000
0.0021109621
0.0000000410
0.0000000000
-0.0000000000
-0.0000000000
0.0000062169
0.0000001283
0.0004844281
0.0542587303
-0.0000000000
0.0000000000
-0.0036974098
0.0000000000
-0.0047659697
0.0000000000
-0.0000000000
0.0000000000
-0.0000000000
0.0000008914
-0.0000000000
0.0000000000
0.0000000000
-0.0000000000
0.0000272370
0.0000000000
0.0000000000
0.0000000000
0.0000107075
0.0031665848
0.0000000000
-0.0000000000
-0.0014850731
0.0095066791
0.0000000000
-0.0000000000
-0.0002335583
-0.0000000000
-0.0000000000
0.0049179154
-0.0000000000
0.0000000000
0.0000000000
0.0312073883
0.0071225534
-0.0000000000
0.0000000000
0.2436524481
0.0000000000
0.3125581145
-0.0000000000
0.0000000000
0.0000000000
0.0000000000
0.0000000000
-0.0000000000
0.0000000000
0.0123377768
0.2379829884
0.0000000000
0.0000000000
0.0000000000
0.0000000000
0.3387403190
0.0000000000
0.0000000000
0.0000000000
-0.0000000000
0.0000000000
0.1015731618
0.0000000000
0.0000000000
0.0000000000
0.0072061722
0.0000000000
-0.0000000000
-0.0000000000
0.0149075883
-0.0000000000
-0.0000000000
-0.0008582313
-0.0000000000
0.0000000000
-0.0000000000
0.0000000000
0.0000000000
-0.0000000000
0.0000000000
-0.0000000000
0.0000000000
-0.0000000000
-0.0000000000
-0.0046593067
0.0000000000
0.0000000000
0.0000688653
0.0000000000
-0.0153093357
0.0005130988
0.2849540710
0.0000000002
0.0000311636
0.0000000000
0.4277529120
0.1000382453
0.0000000000
0.1121101305
0.0000000000
0.0000000000
-0.0000000000
0.0036836760
0.0000000000
0.0000000000
0.0000000000
-0.0000000000
0.0000000000
-0.0000000000
0.0000000000
-0.0000000000
0.2934894860
0.0000000000
0.0000000000
0.0000000006
0.0000000000
0.0000000000
0.0000000000
0.0000000000
-0.0000000000
0.2840819955
0.0987141877
-0.0000285139
0.0483873300
-0.0000000000
0.0000000000
0.0641014576
0.0000000000
-0.0000000000
-0.0000000000
0.0000000000
0.0000276125
0.0000000000
-0.0000431534
-0.0000000029
-0.0000000000
-0.0270904787
0.0000000000
0.0000000000
0.0000000000
0.0000000000
0.0000000000
-0.0000000000
-0.0000000000
0.0000000000
-0.0000000000
0.0009599166
0.0000000000
0.0000000425
-0.0000000000
-0.0000000000
0.0023065882
0.0010285404
0.0000000000
0.0011620376
0.0009464817
0.0016891500
0.0001724212
0.0000000000
0.0000000000
0.0000000000
0.0001166060
0.0000000015
0.0031630252
0.0000000000
0.0033310116
0.0000000000
-0.0000000000
0.0000000016
-0.0000000000
0.0000000611
-0.0000000000
0.3874281347
0.0000000000
0.1558842212
0.0000000000
0.0000011238
0.0000000000
0.0000000000
0.0406837277
0.0000000000
0.2206851840
0.0000000000
0.0005968857
0.1183943599
-0.0000000000
0.0000000000
0.0939606801
0.0001641637
0.0000005746
0.0000000000
-0.0024705934
0.0000045482
-0.0031758372
-0.0000000000
-0.0000000000
0.0000000037
-0.0000000000
0.0000000000
-0.0000000000
0.0000000000
-0.0000000001
-0.0000000000
-0.0000000000
0.0202003904
-0.0000000000
0.0250911321
-0.0000000000
0.0000000000
0.0517278351
0.0000000365
-0.0000000000
0.0175878555
0.0000000000
-0.0000000000
0.0000000000
0.0000000000
-0.0015833711
0.0008072572
0.0000000172
0.0000000000
0.0000000001
0.0000000000
0.0020372232
-0.0000000000
0.0000000000
0.0000000000
0.0000000000
0.0009612842
0.0009089044
0.0000000000
0.0004040052
0.0000069044
0.0723960027
0.0000000000
0.0000000000
0.0000000000
-0.0000000000
0.0070579178
0.0000000000
0.0000000000
0.0000000000
-0.0000000000
0.0000000000
0.0197031889
-0.0000000000
0.0000000000
0.0000000000
-0.0000000000
0.0000035439
0.0000000000
0.0003937237
-0.0000000000
0.0000000000
-0.0000000000
0.0000000000
0.0000000000
0.0001953381
0.0000000000
0.0029503314
-0.0071981032
0.0029493433
-0.0000000000
0.0000006263
-0.0000000000
0.0049156863
0.0000000000
0.0167301148
0.0000000000
-0.0000000000
0.0000000000
-0.0000000000
0.0021237796
0.0012458802
-0.0000000000
0.0000000000
0.0000121871
-0.0000000000
0.0000000000
0.0000000000
0.0000000000
0.0000000000
-0.0000000000
-0.0001337291
0.0022815363
0.0000000000
0.0842388347
0.1904976070
-0.0000000000
-0.0000000000
0.0000000000
-0.0000000000
0.0335947908
0.3589256704
-0.0000000000
0.0000000000
0.0000000000
0.0000000000
0.1763184667
0.0000000000
0.0349647589
0.0389988385
0.0000000000
0.0000000001
-0.0000000000
0.1101937816
0.0000000000
0.1537028998
0.0000000000
0.0291194543
-0.0000000000
0.0000000000
-0.0000000000
0.1734289527
0.0000000677
0.0000638790
0.1527247429
0.0000000118
0.0071567483
0.0000000000
0.0000000000
0.0000000000
0.0345964544
-0.0002367196
0.0000000000
0.0000000000
-0.0000000000
0.0013576319
-0.0084675271
-0.0000014218
-0.0000000000
0.0000056738
0.0000000000
-0.0000000000
-0.0000101177
0.0000000000
-0.0000000000
0.0000000000
-0.0000000000
0.0000000000
0.0000071435
0.0555891953
0.0227777716
0.0000000000
0.0000000000
0.0000000000
0.0000000000
0.0032180834
-0.0000000000
0.0000000000
0.0000000000
0.0868027136
0.0000000000
-0.0000000000
-0.0000000000
-0.0000000000
0.0000000000
0.0000000000
-0.0000000000
-0.0000000012
-0.0000000000
0.2587359548
0.0000000000
0.0000000165
0.0000000000
0.0000000000
0.2374163419
-0.0000000000
0.0000000000
-0.0000000000
0.4144930840
-0.0038642935
-0.0000000000
-0.0000000000
0.0150124850
0.0000000000
0.0000000000
-0.0000000000
-0.0000000000
0.0000000587
0.0075979964
-0.0000000000
0.0000000000
0.0159840751
-0.0000000000
0.0148598617
-0.0000000000
0.0001572293
-0.0000000000
0.0000000000
-0.0000000137
0.0000000000
0.0000000000
-0.0000000000
0.0000000000
-0.0014421323
-0.0008214129
0.0000000000
0.0000000000
0.0000000000
0.0000000000
0.0332495458
0.0000000000
0.0000000000
0.0000000000
-0.0000000000
-0.0000000001
-0.0000000000
0.0000000000
0.0381526090
-0.0000000000
-0.0000000000
0.0029048594
0.0039494806
0.0000000000
-0.0000000000
-0.0000000000
0.0000000000
0.0370819792
0.0014920136
0.0000000000
-0.0000000000
0.0069754370
0.0000000000
0.0000000043
0.0000000000
0.0000000000
-0.0000000000
0.0000000000
0.0000000000
-0.0000000000
0.0000000000
0.0000002216
0.0000000000
-0.0000000000
0.0052610943
0.0000000000
0.0000000000
-0.0000000000
-0.0037136213
-0.0000000000
0.0000000000
-0.0000000000
0.0000000000
0.0000000000
0.0001236698
0.0000000000
0.0017701805
0.0000000000
0.0000000000
0.0055885152
0.0000765752
-0.0000000000
-0.0000000000
0.0015881070
0.0016252646
0.0000000000
0.0258821864
0.0026192365
-0.0000000669
-0.0000000000
0.0000484457
0.0014816357
0.0000000000
-0.0000180126
-0.0001216634
-0.0002286800
0.0000000000
0.0036717567
-0.0000000000
-0.0005847254
0.0013418831
-0.0000001325
0.0000000000
0.0000000000
0.0569682308
-0.0000000000
0.0000000000
0.0659768805
0.0000000108
0.0000000000
0.0067626392
-0.0000146416
-0.0000000000
0.0000942673
0.0000000000
-0.0000000000
0.0433655642
0.0000000000
0.0016166376
0.0000000000
0.0996928588
0.0000000000
0.0000000000
-0.0000000000
0.0000000000
0.0000000003
0.0000000000
0.0000000000
0.0000000000
0.0981618613
-0.0000000000
0.0021155123
0.0000000000
0.0000000024
0.0000046167
-0.0000000000
0.0455236621
0.0000542688
0.0000824636
-0.0000000000
0.0000000000
0.0000000018
0.0007104233
-0.0000000000
-0.0004635908
0.0000000000
-0.0063799853
-0.0000000108
-0.0000000000
-0.0000000000
0.0000000000
0.0000000000
-0.0000000000
-0.0000000000
0.0000000000
-0.0000000000
-0.0000001323
0.0011877239
-0.0000000000
-0.0000000000
-0.0141090807
0.0001573243
-0.0005840517
0.0000000000
0.0000000000
0.0279615857
0.0000000000
0.0072916471
-0.0000000001
0.0000000000
0.0101717496
0.0000776229
0.0002105701
0.0000000000
-0.0000000000
0.0000192023
0.0000000000
0.0000000000
0.3373800218
0.0064405398
0.0146496492
0.0000000000
0.3142089844
0.0000000000
0.0259835143
0.0169233698
0.0248272847
0.0204687733
0.0000000000
-0.0000000000
-0.0010393754
0.0000000000
-0.0000000000
0.0055365129
-0.0000000000
0.0000000000
0.0003399369
0.0000000000
0.0000000000
0.0001252310
0.0000000000
0.0041064243
-0.0000000000
-0.0000000000
0.0000000000
0.0000001586
-0.0000000000
-0.0000000000
0.0005145719
0.0000882160
0.0000000000
-0.0001058452
-0.0000000001
-0.0007573066
-0.0000000000
0.0000000000
-0.0000005648
-0.0000006080
-0.0000000000
0.0000000037
0.0000000058
-0.0000046780
-0.0000000000
-0.0000000000
0.0000000000
-0.0000000000
-0.0000000000
0.0000000000
-0.0000000000
-0.0000000000
-0.0000000000
-0.0000000000
0.0001222701
-0.0000000000
0.0000862407
-0.0000000000
0.0000002796
0.0060006483
0.0000000000
0.0136357211
-0.0000000000
-0.0000000000
0.0000790381
0.0000000000
-0.0000000000
0.0045192433
0.0000028468
0.0899504647
0.0140333744
0.2020598501
-0.0000000000
0.0000039150
0.0000057819
-0.0000000000
-0.0028716067
0.0274725836
0.0409665965
0.0008228754
0.0000000164
0.0000000000
0.0000000000
-0.0000000000
0.0316682421
0.1010794565
0.0004797277
0.0145242428
-0.0000000000
0.0000000000
0.0000000000
0.0080682067
0.0000000000
-0.0000000000
-0.0000000000
-0.0200338773
0.0001157284
0.0000000000
0.0000000000
-0.0000000000
0.0663835332
0.0000000000
0.0000718044
0.0000000000
-0.0000007321
0.0000000000
-0.0000000000
-0.0000000000
0.0000012757
-0.0021907496
0.0000000000
0.0000000000
-0.0000000000
0.0000181810
0.0000000000
-0.0000000001
0.0000000000
0.0006225936
-0.0000000000
0.0000003110
0.0000000000
0.0005554123
0.0000000000
0.0000289067
0.0000010540
0.1346978545
0.0778892264
0.1679780930
-0.0000000000
0.0000000000
0.3157669306
0.0365282297
0.0000000000
0.0000000000
-0.0000000000
0.0000000000
0.0132797426
-0.0000000000
0.0234969016
-0.0000000000
0.0000000000
0.0511399470
0.0465211049
0.0000000000
0.1489146054
0.0000000000
0.0928574577
-0.0000000000
0.0000000000
0.0000000000
-0.0000097854
0.0000000000
0.0061079431
0.0023928727
-0.0000000000
0.0036856737
-0.0000000000
0.0000000000
0.0000000000
-0.0000000000
0.0000000000
0.0000000000
-0.0106743444
0.0000000000
0.0000000000
0.0000878208
-0.0000000000
0.0000000000
0.0000000000
0.0000000000
-0.0000000000
0.0000000000
0.0000000000
0.0000000000
0.0000000000
-0.0000000000
-0.0000000000
0.0000000000
-0.0000000000
-0.0000000000
0.0000000000
0.0000000000
0.0000000000
-0.0000000000
0.0096389782
0.0000007748
0.0012374705
0.0360834226
0.0000000000
0.0000000000
0.0438664928
-0.0000000000
0.0000000000
0.0000000000
0.0047715306
0.0000007947
0.0000000000
0.0000000000
0.0097813262
0.0140106585
0.0001450139
0.0000000087
0.0758966729
0.0071960916
0.0012488597
0.0000000000
0.0000000000
0.0000000000
0.0000000000
0.0000000000
0.0000000000
0.0003000675
0.0000000000
-0.0000000000
-0.0000000000
-0.0000000000
0.0000000000
-0.0000000000
0.0000000000
0.0000000000
-0.0000000000
-0.0000000203
-0.0000000000
0.0000000000
0.0000000000
0.0000000000
0.0000000080
0.0000000000
-0.0000000000
-0.0000000000
0.0000000000
0.0016073752
-0.0000000000
0.0000000000
0.0000000000
0.0007547488
0.0133828484
0.0000473261
-0.0000000000
0.0000000000
0.0000000000
0.0000000000
-0.0005944290
0.0019538577
-0.0000000000
0.0000000000
0.0000000000
0.0000000000
0.0000000000
0.0000000001
-0.0000681191
0.0000000000
-0.0000000004
0.1801830828
-0.0000000000
-0.0000010965
0.0376809910
-0.0000000000
0.0019244415
0.0000000000
0.0001205475
0.0000000000
0.0000161855
0.0361726545
0.0000000000
0.0000000007
0.0000000000
0.1235813424
0.0000000000
0.0000000000
0.0000000000
0.0000053187
0.0000000000
0.0000000000
0.0197008029
0.0000000000
-0.0000000000
0.0002651532
0.0000001677
0.0275338087
0.0000000000
-0.0000000000
0.0000000000
-0.0000000002
-0.0025175025
0.0000000000
0.0002795406
0.0000000000
-0.0000000000
-0.0000000000
-0.0000056677
0.0213929862
-0.0000000001
-0.0000000195
0.0000000000
0.0000000000
0.0000000000
0.0000011492
0.0000000000
0.0000000000
0.0000322005
-0.0001088318
-0.0000000000
0.0000008652
0.0000000000
0.0011511708
0.0000000000
-0.0000000000
-0.0000000623
-0.0000000000
0.0000000000
0.0000000000
0.0000000157
0.0000000000
-0.0000594114
0.0043044258
0.0002056880
0.0000167778
0.0000000000
0.0000706516
0.0000000000
0.0000000149
0.0000026870
0.0000000000
0.0000000000
0.0000000640
0.0000000000
-0.0000000000
0.0000000000
0.0000000000
0.1173743680
0.0000000000
0.0000000000
0.0000000000
0.0000000000
0.0000000000
-0.0000000348
0.0002401415
-0.0000000000
0.0000000000
0.0000000000
0.0000000000
-0.0000000000
0.0000000000
-0.0000000000
-0.0015939940
0.0000000000
-0.0000000000
-0.0000000000
-0.0000000000
-0.0000000000
-0.0000000000
-0.0000000076
-0.0000008752
-0.0000000000
-0.0000000000
0.0002895975
0.0052171177
0.0138328085
-0.0000000000
0.0000000000
-0.0003541360
-0.0004210369
-0.0000000003
0.0000000008
-0.0000036311
-0.0010660413
-0.0005207778
0.0000000000
-0.0000000000
0.0000000000
0.0000000000
0.0000000000
-0.0000000000
-0.0000000000
-0.0015520079
0.0000000000
0.0000000000
0.0071981754
-0.0000000000
0.0000000000
0.0000000000
0.0000000000
0.0000009591
-0.0000000000
0.0000000000
-0.0000000000
0.0043250863
0.0000000000
0.0000000000
0.0000000000
0.0046567223
0.0000000000
0.0002017008
0.0000000000
0.0000000000
-0.0000000000
-0.0000000001
0.0000000000
0.0000000000
0.0000221208
0.0000000000
0.0000012583
-0.0000000000
0.1169852912
0.0001199141
0.0045952555
0.0000000000
-0.0000000000
0.0000000000
-0.0000000000
0.0000000000
-0.0020344208
0.0000000000
-0.0000000000
-0.0000092210
0.0000000000
0.0000000000
-0.0000000154
-0.0000000000
0.0000804921
-0.0000000000
-0.0000000000
0.0000000000
0.0000381970
0.0000000000
-0.0000000000
-0.0000000000
0.0000000000
-0.0000000000
-0.0064582708
0.0000000000
-0.0000000000
-0.0000000000
0.0000000000
0.0000000000
-0.0000000000
-0.0013254114
-0.0000119703
-0.0000000000
-0.0000000000
0.0000000000
-0.0000000000
0.0002311882
0.0000000000
0.0000000000
-0.0000000000
0.0000000000
0.0000362718
0.0000000000
0.0000000000
-0.0000000000
-0.0000000000
0.0513980202
0.0000000000
0.0000000000
0.0000054960
0.0003325188
-0.0000000007
0.0002595622
0.1086618453
0.0000000000
-0.0000000088
0.0000000000
-0.0000000000
0.0000000000
0.0406552553
-0.0030130318
0.0000003134
-0.0000000000
0.0000000041
-0.0000000000
0.0099479211
-0.0000000000
-0.0000000000
-0.0000000000
-0.0000000000
0.0000000015
0.0000000000
-0.0000000000
-0.0000000000
0.0000000000
0.0000000000
0.0000000000
-0.0000027407
-0.0000000000
-0.0000000000
-0.0000000000
0.0023828100
0.0000000000
0.0001743926
0.0000121777
-0.0005917245
0.0000000000
-0.0057347743
-0.0000000000
-0.0001950398
0.0000000000
-0.0000000000
0.0000000000
-0.0001574658
-0.0004787762
-0.0000055324
0.0000000000
0.0000000000
0.0000000197
0.0000000000
0.0000000000
0.0000000000
0.1091020331
-0.0000000000
0.0027296150
-0.0002633785
0.0002362600
0.0000000104
0.0000001327
0.0000000780
0.0000000000
0.0001476721
-0.0000000000
0.0000000000
0.0000000000
-0.0000000000
-0.0000000000
-0.0006448855
0.0000000000
-0.0000000000
0.0391025096
0.0000000002
-0.0000000000
-0.0010475980
0.0000000000
-0.0012800760
-0.0000000000
-0.0000000000
0.0000000000
0.0045522633
-0.0000000000
-0.0000000000
0.0000005488
-0.0000000000
0.0063840952
0.0000495624
-0.0000000000
-0.0000000000
0.0104977814
-0.0000000000
-0.0000000000
0.0000000000
0.0681954175
-0.0000000000
0.0000000000
-0.0003518883
0.0000000000
0.0000000000
0.0000000000
-0.0000000000
0.0000000001
0.0009692774
0.0007212055
-0.0000000000
-0.0000000000
0.0000000105
-0.0000000000
0.0000000000
0.0000000000
-0.0000000000
0.0000000000
-0.0000000000
-0.0000000000
0.0000000000
0.0000000000
-0.0000000000
-0.0000000000
0.0000000000
0.0000000371
0.0002091388
-0.0000000000
0.0321158692
-0.0000000000
0.0000000000
-0.0000000000
0.0000312982
-0.0000000000
0.0820028111
0.0000000000
0.0000001135
0.0000000000
0.0000000000
0.0003494489
-0.0000000000
0.0000000000
-0.0000000000
0.0000000000
-0.0000000000
-0.0156438258
0.0000000000
0.0000000000
-0.0000000000
0.0000000000
-0.0000000000
-0.0000000000
-0.0000000000
-0.0000372287
0.0000000000
-0.0000000000
-0.0000988363
0.0000000000
0.0000000000
0.0000010944
0.0000023058
0.0000000000
-0.0000000000
-0.0000000000
-0.0000114449
0.0000000000
0.0000000000
0.0063719400
0.0001279288
0.0000000000
-0.0000000000
-0.0000000000
-0.0001517709
-0.0000132299
-0.0000000000
-0.0000180951
0.0000000000
-0.0000000000
-0.0000000000
0.0027797760
0.0000000010
0.0000000000
-0.0001658053
-0.0000000000
0.0000000000
0.0000000000
0.0001874906
-0.0000000000
-0.0000000000
-0.0000000000
0.0581064112
0.0000000000
-0.0000000000
0.0000000000
0.0333480909
0.0031773881
0.0000000000
-0.0000000000
0.0697380975
-0.0000000000
0.0909156203
0.0000000000
-0.0000000000
-0.0000000000
-0.0000000000
-0.0012351876
0.0000000167
0.0000504918
-0.0000000202
-0.0000110507
-0.0000255069
0.0009228094
-0.0000030763
-0.0037240700
0.0000000000
0.0000000000
0.0008645218
-0.0000000000
-0.0000000000
-0.0000000000
0.0000000000
0.0002716711
0.0128111755
-0.0000000000
-0.0000000063
-0.0000000000
-0.0001755396
0.0000000000
-0.0000000003
0.0000000000
-0.0000000356
-0.0000000000
-0.0000000000
-0.0000000064
-0.0000000009
0.0000000000
-0.0000000026
0.0000000000
-0.0000000000
0.0000148711
0.0000000000
0.0000000000
0.0000000000
-0.0001905544
0.0074995966
0.0015417528
-0.0000000000
0.0000000000
-0.0005180368
-0.0000000000
-0.0000000000
0.0000414798
0.0000002511
-0.0000000000
0.0234174300
0.0002235688
0.0000000000
0.0254222136
0.0000062423
0.0000000004
0.0000000000
-0.0000000000
-0.0000000018
0.0000000000
0.0000000000
0.0119259171
-0.0000000000
0.0005003107
-0.0000000000
-0.0000002635
-0.0000000801
-0.0026376192
-0.0000000000
-0.0000000000
-0.0000000000
-0.0000000000
0.0000000000
0.0000000000
0.0000000000
-0.0000000000
0.0008656862
-0.0000000000
-0.0000000000
0.0000000000
0.0000000000
-0.0000000000
0.0000000000
-0.0000000000
0.0005218282
0.0000000000
-0.0000000000
-0.0000002676
-0.0000000000
-0.0000000000
0.0002715331
-0.0003211149
-0.0010455487
0.0000003595
0.0097551188
0.0000000000
0.0559885539
-0.0000000000
-0.0000014739
-0.0000278995
-0.0000739451
0.0000000000
0.0019653658
-0.0012033305
0.0000000000
-0.0000115903
-0.0000000000
-0.0000000000
0.0000162740
-0.0000000000
0.0000005795
-0.0000001123
0.0024649489
-0.0000921755
0.0000000000
0.0000000000
0.0000151805
-0.0000000000
0.0000000000
0.0000000000
-0.0000000000
0.0000000242
-0.0000000000
-0.0000000000
-0.0000000000
-0.0000000000
-0.0000106101
0.0000000000
0.0065462636
0.0000000000
-0.0000000000
-0.0000001558
-0.0000016422
0.0000000000
0.0000000000
0.0000000000
-0.0000000000
0.0000000000
0.0717792138
-0.0000000000
0.0261891671
0.0056080306
-0.0001035449
-0.0000831659
0.0000000000
-0.0000000000
-0.0000000000
0.0000000186
0.0045129210
-0.0000000000
0.0000000000
0.0000000000
0.0000010768
0.0000000000
0.0004117596
-0.0000000000
0.0000000000
0.0000000000
0.0000000000
-0.0000096912
-0.0000000000
-0.0000000000
0.0006557914
0.0000000000
-0.0000000000
0.0000000000
-0.0000000000
0.0000000000
-0.0000000000
0.0000000000
0.0000000000
-0.0000000000
0.0000000000
0.0000000000
0.0000000000
0.0056454027
0.0001498395
-0.0000000000
0.0000000000
-0.0000000000
0.0000002635
0.0000000000
-0.0012825854
-0.0003403978
0.0000000000
0.0000000000
-0.0000000000
-0.0000072391
0.0000180024
0.0000000000
0.0000000002
-0.0000000000
0.0001550487
0.0000000000
0.0000000079
0.0013321645
0.0000000000
0.0000007926
0.0021635417
0.0000000000
-0.0000005926
0.0002742310
-0.0000000000
0.0001881170
0.0000000000
-0.0000000000
0.0000000000
-0.0013159608
-0.0039431802
0.0000000000
-0.0000000000
0.0006427858
0.0000000000
-0.0065617100
0.0000000000
0.0000000003
0.0000000000
0.0000000001
0.0000002951
-0.0000000000
-0.0000000000
-0.0000000000
-0.0000000000
-0.0000000000
0.0156920888
-0.0003108660
-0.0000000000
0.0000000000
0.0000000000
-0.0000000000
-0.0148901679
0.0000000000
-0.0000000000
-0.0000000000
-0.0000213440
-0.0002373969
0.0000000000
-0.0000000000
-0.0000000000
0.0000000000
-0.0000000000
-0.0000000000
-0.0000000000
-0.0000000000
-0.0000000000
-0.0000000000
-0.0000000000
0.0000000000
0.0000000000
-0.0000000000
-0.0000000000
0.0000445459
0.0000000000
0.0000000060
0.0000000000
-0.0000000000
0.0000000000
0.0000000000
0.0000000000
-0.0000000000
0.1004486978
-0.0000000000
0.0000000000
0.0013915803
0.0037636943
-0.0000000132
0.0044491361
0.0000000000
0.0000000000
0.0000000000
0.0000000000
-0.0000000000
-0.0000000000
-0.0000000000
-0.0000000000
0.0201554522
0.0061594583
0.0225528367
-0.0000000000
