-0.0064726081
-0.0001719861
-0.0166445114
-0.0001902897
0.0000021654
0.0091644926
0.0000000693
0.0000000169
0.0000017210
0.0003900102
-0.0406756029
-0.0000314311
0.0000025095
-0.0343679003
-0.0245646778
0.0273631215
-0.0450016558
-0.0048056035
-0.0497542024
-0.0375418328
0.0000053881
0.0000000017
0.0170215145
-0.0190441087
-0.0010441081
0.0142483944
-0.0000001275
0.0225449763
0.0016743820
-0.0001939290
-0.0008744240
0.0141680511
0.0497595072
-0.0000000821
0.0005703093
-0.0000014691
0.0361670591
-0.0012015438
-0.0004531323
-0.0035904264
0.0120299244
0.0385082811
0.0326089375
0.0131831504
0.0243080035
-0.0032278276
0.0016053329
0.0000000272
-0.0371562690
0.0043106680
-0.0348154269
-0.0000028928
0.0241327509
0.0013810209
0.0000139258
0.0000486734
0.0073620854
-0.0036466492
0.0131509323
0.0072758920
-0.0000000088
-0.0000888121
0.0129295895
-0.0001494768
-0.0003080962
0.0311192106
-0.0578126758
0.0000050797
0.0065754573
0.0230777990
0.0000202017
0.0012425964
-0.0514417216
0.0007970586
-0.0405368768
0.0000001815
0.0000091104
-0.0093682390
0.0000005598
0.0004579076
0.0472984277
0.0009426160
0.0000022971
-0.0000001881
0.0000002190
0.0132233072
0.0312468428
0.0335324742
0.0241467692
-0.0039220960
-0.0073689329
-0.0000006758
-0.0006198761
-0.0000031938
-0.0000000200
-0.0042236638
0.0040733423
0.0064064795
0.0356877483
-0.0025358645
-0.0317065604
0.0000000162
0.0374460295
0.0000004452
0.0080898311
0.0167477019
0.0236152150
0.0001004001
0.0188431349
0.0098347180
0.0227411203
0.0289420746
-0.0051974449
-0.0004160106
-0.0052839974
-0.0320618115
-0.0060325819
0.0053536305
-0.0000004237
-0.0486396365
0.0053649610
-0.0192724653
-0.0062657935
-0.0001488672
-0.0002327820
0.0366119035
0.0048110532
0.0064311260
0.0002427651
-0.0127887614
0.0017970124
-0.0349300541
0.0304831695
0.0000296250
0.0171325207
-0.0000007408
-0.0214409009
0.0118708042
0.0275815018
-0.0000000146
0.0034185729
0.0000365307
0.0067970986
-0.0000000470
0.0154612372
0.0000378176
-0.0029343427
0.0000001064
0.0000000753
-0.0314549059
-0.0410539471
-0.0000008080
0.0047534555
-0.0000000490
-0.0082930289
0.0000000003
-0.0002488034
-0.0000000038
0.0086141964
-0.0064235898
0.0000000671
-0.0000000891
0.0000035324
-0.0024763299
0.0137927448
0.0206984580
0.0001009311
0.0261288583
-0.0000173067
-0.0000000046
-0.0252902340
-0.0000413565
0.0000000052
0.0129151791
0.0525876991
-0.0009795297
0.0472967140
-0.0000022814
0.0000001510
-0.0396235436
0.0409648158
0.0000000007
0.0001705003
0.0028012930
-0.0118320743
0.0016364204
0.0357591771
-0.0421499312
-0.0462585986
0.0031844617
-0.0000001774
0.0000201348
0.0092061209
-0.0085442672
0.0029708687
-0.0000000033
0.0202242546
0.0432083420
-0.0000192198
-0.0164784398
0.0006424708
-0.0407691263
-0.0280375946
0.0000170905
-0.0113095371
-0.0005351389
0.0123439310
0.0201111082
0.0035367303
-0.0000000293
0.0191275720
-0.0132646328
0.0037092008
-0.0002463949
-0.0167346969
-0.0101316758
0.0000360982
-0.0302202534
-0.0000008504
-0.0095937792
0.0250445213
-0.0002256240
0.0054604188
-0.0000096965
-0.0585238189
0.0000000057
-0.0326814316
-0.0007402695
-0.0165438838
-0.0000000665
0.0178094264
-0.0000000288
0.0132863596
0.0001763904
-0.0000001970
-0.0000002807
0.0000000031
0.0000000678
0.0000039539
0.0187295452
-0.0000000375
0.0447419770
-0.0071213562
-0.0317461006
0.0027451564
-0.0090837255
-0.0096875448
0.0168951973
-0.0000000006
-0.0152519932
0.0400240608
0.0435456224
0.0000040295
-0.0000000338
-0.0586717874
0.0326383933
0.0000002295
-0.0485902466
-0.0144986277
0.0000004801
0.0000000043
-0.0325510018
0.0000006106
0.0124959983
0.0000000227
0.0003242210
-0.0000002749
-0.0238187779
0.0000000583
-0.0002973948
0.0000247279
0.0028004565
-0.0252936743
-0.0178432781
0.0093047768
-0.0461491980
0.0366018042
-0.0270293914
-0.0206860416
-0.0000000035
-0.0151390927
0.0179664865
0.0247258805
-0.0170588046
0.0003018547
0.0414402857
-0.0482031070
0.0010207292
0.0001107807
-0.0000000434
0.0000037566
0.0145422723
0.0000015711
0.0401117206
0.0030542687
0.0113137364
-0.0000361923
-0.0001532027
0.0011351199
0.0173279736
0.0058910507
-0.0000295195
-0.0154293124
-0.0104058571
-0.0194873083
-0.0260516070
0.0000000808
0.0049830759
0.0000000365
-0.0307206102
-0.0044308943
-0.0300728492
0.0221655443
-0.0314877033
-0.0254215505
-0.0450264476
-0.0442606993
-0.0292887520
0.0311996080
0.0002152293
-0.0127296001
-0.0000000266
-0.0056318892
0.0257086810
-0.0197852850
-0.0288420375
-0.0000000381
0.0225231778
0.0031603267
-0.0308630243
0.0530284569
0.0063776104
0.0283902083
-0.0000029674
0.0000072327
-0.0278785955
0.0001535763
-0.0426950045
0.0123792142
-0.0016304892
0.0292633642
0.0000146990
0.0000000008
0.0385813750
-0.0176145360
-0.0058562644
-0.0099685909
-0.0000000019
-0.0650392473
-0.0000001278
-0.0468104482
0.0086329170
0.0458063446
-0.0391188115
-0.0493558496
0.0000000164
-0.0378334895
-0.0000010235
0.0000110241
0.0000004783
-0.0027434852
0.0451638736
-0.0041785026
0.0597805269
0.0367644653
-0.0010071803
0.0002156341
-0.0000000399
-0.0000231667
0.0004914326
0.0078921290
0.0000024843
-0.0044698450
0.0026214633
-0.0000127878
-0.0196903497
0.0000003607
-0.0043097194
0.0000000051
-0.0286866650
-0.0208853837
0.0427025557
-0.0465345085
0.0000000841
-0.0000001246
-0.0000530774
0.0000000644
0.0015823308
0.0000075509
0.0000032629
-0.0008954215
0.0008657238
-0.0134165594
-0.0485989712
-0.0000044228
-0.0001584949
-0.0000002124
-0.0000053346
-0.0000012104
-0.0167082008
0.0244003925
0.0120326132
-0.0269819126
-0.0000008032
-0.0292255878
0.0159139670
-0.0000698550
0.0361766145
-0.0191267114
0.0339713953
0.0000000384
-0.0168554336
0.0054665711
0.0012067410
0.0321440808
0.0000001739
0.0070461091
-0.0455329567
-0.0315188281
0.0128374817
-0.0103463633
0.0000620986
0.0260494966
-0.0071715484
-0.0056825508
-0.0006556537
-0.0530421063
-0.0179540645
-0.0020681680
-0.0308899116
-0.0015178134
-0.0000377686
-0.0000000051
0.0000004911
-0.0162236989
-0.0217507817
-0.0149903893
0.0028774920
-0.0382356308
-0.0476722047
0.0013558024
0.0436145030
-0.0004627013
0.0538442545
0.0020655897
-0.0422161371
-0.0013430995
0.0438779369
0.0030738239
-0.0000076029
-0.0352738909
-0.0203622766
0.0103304712
0.0000158630
0.0104680620
0.0184689518
0.0258072875
0.0000001142
-0.0000000061
-0.0037112106
0.0028648018
0.0000443352
-0.0273520947
-0.0177744459
0.0339703560
0.0000002201
0.0138685796
-0.0420794785
0.0090372311
-0.0396001339
0.0069218595
-0.0066477945
-0.0251623616
0.0307869129
0.0000008664
-0.0625528619
0.0457286201
-0.0617977716
0.0000000969
0.0155961541
-0.0226346776
0.0257935785
-0.0000387385
-0.0000014229
-0.0193325635
-0.0135390218
0.0000461938
-0.0135670109
0.0366302095
0.0000000736
0.0079155136
0.0013745092
-0.0361956470
0.0006559977
0.0416123755
-0.0288149677
-0.0000005884
0.0123020485
0.0520194657
-0.0000004332
0.0028359657
0.0178268105
-0.0197459180
-0.0002549841
0.0000026974
-0.0255777817
0.0027400998
0.0000000276
-0.0018695488
0.0029412040
0.0005002249
0.0000041145
-0.0000250632
-0.0334687084
-0.0051122173
0.0210578702
0.0062421318
0.0043809628
0.0007029980
0.0015470637
-0.0174409281
-0.0091114314
0.0000000152
-0.0000708451
-0.0000000019
-0.0011399928
-0.0023098560
-0.0243062638
-0.0216943901
0.0024246611
0.0002903980
-0.0020201690
-0.0000000178
0.0284551028
0.0347319730
-0.0317120329
-0.0317739248
-0.0196626186
0.0121883294
-0.0000003060
0.0000191183
-0.0000039137
-0.0000066604
0.0000000039
-0.0039722584
0.0006389825
-0.0322747082
0.0030976057
0.0008911042
0.0139521528
0.0127507150
0.0001244731
-0.0000175530
0.0010954641
-0.0000004902
-0.0000023333
-0.0005455803
-0.0517072901
-0.0095982468
0.0014267967
-0.0036259971
-0.0139070991
0.0002953675
0.0100277252
-0.0000160944
-0.0111474050
0.0255615078
0.0001505655
-0.0003497576
-0.0224246159
-0.0000000043
0.0045909947
0.0175347757
0.0339433923
0.0128892027
-0.0003142431
0.0003011212
-0.0000263910
-0.0002155713
0.0400773063
0.0239901170
-0.0445816331
-0.0408241823
-0.0089618275
0.0027080136
0.0173194762
-0.0003349671
0.0004112601
-0.0033060990
0.0004517302
0.0470113382
0.0005921609
0.0000000022
0.0132914027
-0.0000006149
-0.0598481484
-0.0078286985
-0.0000001010
-0.0001285381
-0.0137464562
0.0000109774
0.0398393013
-0.0079495581
0.0145901963
-0.0109376600
0.0249255784
-0.0403170250
-0.0001138503
0.0000156214
0.0000970621
-0.0000001894
0.0092539471
-0.0083373887
0.0031567498
-0.0000000414
-0.0000007264
-0.0405171104
-0.0229660254
0.0257267654
-0.0363132246
-0.1013987809
-0.0065304916
0.0051964484
-0.0000021234
-0.0000008245
0.0105465939
0.0136205573
-0.0000249588
-0.0072969859
-0.0000000405
0.0001031918
0.0022739999
0.0004364002
0.0000002832
0.0000000725
0.0054806159
0.0343095288
0.0000005492
0.0025658049
0.0000011265
0.0006146593
0.0002593804
-0.0000344229
-0.0001939648
-0.0398114026
0.0034081000
-0.0000000160
0.0000000991
0.0000000032
0.0015255529
0.0052457703
-0.0000000502
-0.0045971740
-0.0000320596
0.0129896151
-0.0033715828
-0.0745822862
-0.0164511241
-0.0037770697
-0.0000003222
0.0041036606
0.0010468420
0.0000101274
0.0009299248
0.0232757349
-0.0016099260
0.0033522272
0.0364190787
0.0280392896
0.0002286382
0.0000316093
0.0032241994
-0.0357922576
-0.0003449280
-0.0005229787
-0.0250472631
0.0084153796
0.0000004234
0.0083644018
0.0000008586
-0.0000004523
0.0074261944
-0.0166242961
-0.0010932249
-0.0010035330
0.0000048930
0.0006792562
0.0000000584
-0.0239372738
0.0003694149
0.0000003074
-0.0051313522
0.0171053596
-0.0012391093
0.0000006400
0.0000000901
-0.0000016214
0.0000263118
-0.0083777681
0.0000460049
0.0075964243
-0.0000100665
0.0018162321
0.0109687047
0.0030121394
0.0061171008
0.0013011073
0.0263226088
-0.0259214342
0.0140638063
0.0000200697
0.0357381478
-0.0020070591
0.0030020655
0.0000030533
-0.0008704675
-0.0043883421
0.0076727173
-0.0017438740
-0.0315640308
-0.0000000527
0.0000000029
-0.0252882373
0.0000804126
-0.0000000006
-0.0005208534
0.0036797554
-0.0000000029
0.0448842868
-0.0305679776
0.0248013586
0.0144678643
-0.0005898260
0.0001311515
-0.0148002068
0.0178297851
0.0094320746
-0.0000131158
0.0241874848
0.0000355548
0.0001546687
0.0000158175
0.0152746225
0.0000271764
-0.0000447757
-0.0123804547
-0.0000197197
0.0079703573
-0.0226649269
0.0004304844
0.0000356466
0.0000000219
0.0000000752
-0.0000015670
-0.0450857542
0.0012961838
0.0003058599
0.0000000240
-0.0010962668
-0.0000001651
-0.0000000126
0.0034401203
-0.0082784854
0.0223259721
-0.0000003940
-0.0041901176
0.0000000206
0.0025579107
0.0000880595
0.0171755720
0.0427546613
0.0022621076
0.0008608771
0.0011540091
0.0292161815
0.0000000033
0.0357173979
-0.0063394830
0.0311519559
0.0000636530
-0.0162158534
0.0001451285
-0.0000000771
-0.0121594183
-0.0023441971
-0.0000033491
-0.0000004359
-0.0104255993
0.0184420906
-0.0275697187
0.0000006890
-0.0242443681
0.0017433662
0.0096372934
-0.0003258181
-0.0283909049
0.0000002000
-0.0202904623
-0.0070608566
-0.0491540693
-0.0000001638
-0.0259366408
0.0108956276
0.0332479738
-0.0005603518
0.0247406401
-0.0000001603
-0.0133945988
0.0001954681
0.0001873002
-0.0124519058
0.0090983799
-0.0000346862
-0.0310654324
0.0000000118
0.0078745019
0.0000000000
0.0000000145
0.0000000434
-0.0257831234
0.0504292324
-0.0063749645
-0.0303933565
0.0000002044
0.0180623103
0.0114369364
0.0087996507
0.0150966281
-0.0369573981
0.0204284098
-0.0219395012
0.0373715684
0.0010787277
-0.0392473787
0.0125355460
-0.0000000130
-0.0064048111
-0.0008481286
0.0000316448
0.0070134480
0.0003922900
-0.0000000874
0.0001852939
-0.0231266767
-0.0018065859
0.0000005626
-0.0000962432
-0.0000000007
-0.0113327671
0.0119776679
-0.0109654656
0.0022597224
-0.0000000157
-0.0018592369
-0.0049232980
0.0175745338
-0.0000001153
-0.0015402921
-0.0470005684
0.0245380271
-0.0000667684
-0.0001677414
0.0000000505
-0.0016927687
0.0000005824
-0.0350813828
0.0000223134
-0.0002881180
0.0009698492
-0.0265588816
-0.0000744698
-0.0051731705
-0.0145078432
0.0419986248
-0.0612466559
-0.0000008590
-0.0230679326
0.0336508118
-0.0010940677
-0.0000045848
-0.0254618041
0.0000000525
0.0085941143
-0.0000523378
-0.0000028132
-0.0335150622
0.0050755986
0.0218697395
-0.0223224312
0.0000000454
-0.0000745496
-0.0045126062
0.0426618680
-0.0000006415
-0.0111134527
0.0000000149
-0.0017730857
-0.0000000300
-0.0552766025
-0.0225612298
0.0000004761
-0.0242184848
0.0391569138
0.0000010228
0.0090655908
0.0182106178
-0.0363256186
-0.0221561324
-0.0160846096
-0.0000025346
-0.0180562790
0.0068919500
-0.0000001105
-0.0263508875
0.0000000349
-0.0406724326
0.0262479633
0.0299530160
-0.0108610000
0.0000000358
-0.0000001038
-0.0278939195
0.0000028841
0.0000919195
-0.0287026130
0.0000003024
0.0000037447
0.0196433254
-0.0445811711
0.0000000090
0.0000000339
0.0063629234
-0.0275434814
-0.0418884605
-0.0061138901
-0.0000004252
-0.0096786330
0.0000000306
-0.0000000413
0.0001535182
-0.0057590217
0.0256950781
0.0000001861
-0.0003345638
-0.0041329544
-0.0327957794
0.0000000175
0.0066947835
0.0184385795
-0.0252058823
-0.0169637501
0.0437969156
0.0297023319
0.0000000059
0.0078802714
0.0020714744
-0.0342342593
0.0000001129
0.0048803543
0.0000008168
-0.0049686972
0.0080340682
-0.0000000798
0.0116594676
0.0000003597
0.0140051441
-0.0057018204
0.0009267963
-0.0341548100
0.0107416939
-0.0060335030
0.0263067540
-0.0005987033
0.0008614015
0.0122585446
-0.0181874316
0.0058082258
-0.0421668403
0.0002287108
0.0000000084
-0.0000000251
-0.0053834142
0.0171950292
0.0412568562
0.0051760599
-0.0063498751
-0.0000004754
0.0016560160
-0.0238973442
0.0002809048
0.0406769589
-0.0453219078
0.0000055055
-0.0005217958
-0.0000016849
-0.0305218827
0.0026879476
-0.0002767639
0.0000637390
-0.0153595386
0.0065194331
0.0103412084
0.0000166892
0.0040286565
-0.0438441299
-0.0000802586
0.0190113075
0.0076535521
0.0000145512
-0.0305978786
-0.0259432700
0.0000000305
0.0000146100
-0.0000475817
-0.0428517014
-0.0000000396
0.0404922254
-0.0000092217
0.0075429087
0.0000120351
0.0006861654
0.0014582613
0.0000213704
0.0348386392
-0.0134344362
0.0008161874
0.0099442154
0.0008569038
-0.0036686275
0.0005572538
0.0077562481
-0.0061144088
0.0114664966
-0.0264436081
0.0000011857
-0.0000008617
-0.0428288393
0.0155867040
-0.0162507500
-0.0309557263
-0.0000015997
0.0062588407
-0.0062140310
-0.0320763551
0.0395092107
0.0241494328
-0.0310830530
-0.0356012769
0.0062444340
-0.0000003350
0.0525405966
-0.0044157393
-0.0213891678
-0.0222497191
-0.0554973856
-0.0086772554
-0.0504529513
0.0264772996
0.0000009989
-0.0568970814
-0.0235908013
-0.0450428426
-0.0000008713
0.0264387205
-0.0076368419
0.0165807325
0.0038060048
-0.0089266757
0.0195840206
0.0000002292
-0.0363821089
0.0001655468
-0.0067210919
-0.0000000755
-0.0259330589
-0.0000000194
0.0006766276
0.0182089098
0.0076217200
0.0460898802
0.0223771688
0.0000001396
0.0000418005
-0.0106443102
0.0050728424
0.0000000246
0.0003514659
0.0132481586
-0.0515566766
0.0006683858
0.0119573036
-0.0305712093
0.0005222450
0.0000001939
-0.0049073254
0.0072104768
-0.0244512409
-0.0000000473
0.0063292403
0.0067316960
-0.0000088906
0.0342928655
-0.0000001756
-0.0033153165
-0.0000002744
0.0063634366
0.0000461983
0.0061338912
-0.0426397100
0.0000201018
-0.0313482955
0.0000066189
-0.0399288461
-0.0203126371
-0.0009601255
-0.0000000047
-0.0435676686
-0.0141295111
0.0208622776
0.0191951357
0.0000325752
0.0041091731
-0.0039729583
-0.0650503114
-0.0316088945
-0.0020000066
0.0170567241
0.0000009087
0.0315780379
-0.0000003300
0.0044507319
-0.0000000112
0.0401133932
-0.0219473708
0.0000283499
0.0077479067
-0.0294966549
-0.0000000145
0.0007185410
-0.0374753401
0.0175002627
-0.0358057804
-0.0304529294
-0.0089489324
0.0000000027
0.0002440106
-0.0000022876
-0.0064896094
0.0004875856
-0.0000017603
0.0249514747
0.0050501316
0.0000000263
0.0000000401
-0.0378208943
0.0042600823
0.0032191528
-0.0000000148
0.0162523035
-0.0011182255
-0.0000001310
-0.0068222843
-0.0066521112
-0.0000000308
-0.0000000748
-0.0180113465
-0.0339734852
-0.0000576406
0.0023128858
0.0198433250
-0.0257339254
0.0286636837
0.0028721509
0.0080427863
-0.0491552129
-0.0202387795
0.0044235825
-0.0025201901
0.0004406834
0.0274710190
0.0000002440
-0.0000000012
-0.0000002133
0.0071449503
0.0346980728
0.0016534681
-0.0518271513
0.0000014556
-0.0019454345
-0.0301474649
-0.0212893877
0.0000498196
-0.0214366764
-0.0255581643
-0.0108064041
-0.0035836860
0.0005103983
-0.0000041905
0.0232492462
0.0008223069
0.0066957995
-0.0159747358
0.0000000048
-0.0000072550
-0.0363735259
-0.0326708928
0.0146038663
-0.0140126590
-0.0006912181
0.0022519892
0.0000000061
-0.0000004240
0.0000064286
0.0022302903
0.0383457094
-0.0000000450
0.0074537420
0.0138767259
-0.0000143537
-0.0002873673
0.0204270333
0.0001465263
-0.0186595786
-0.0000444912
0.0428587385
0.0170151126
-0.0000013610
0.0031544471
0.0215068217
0.0148800584
-0.0000061429
-0.0000001371
-0.0000000214
0.0000000662
-0.0113256117
0.0103884535
0.0000001293
0.0011963045
0.0407906137
-0.0322798416
0.0032874132
-0.0000000058
-0.0321170427
-0.0130750109
-0.0000003945
-0.0359165482
-0.0385229737
-0.0576174110
0.0000503282
0.0000000139
0.0078607854
-0.0585034192
0.0000008704
0.0453583375
0.0166808963
-0.0000071009
-0.0063174479
-0.0241659265
0.0000006316
0.0000184802
-0.0158322584
-0.0088801607
-0.0000000244
-0.0000000024
-0.0185981020
-0.0163433030
-0.0305993166
0.0011630544
0.0039068200
0.0242882110
-0.0219980832
0.0050828159
-0.0002899100
-0.0000091953
0.0316414572
0.0000008784
0.0056359023
0.0054876287
0.0168869589
0.0000000018
-0.0114781279
-0.0259274915
0.0000068916
0.0361150131
0.0051192483
-0.0121212564
0.0068392055
-0.0223508496
-0.0000000677
0.0255268179
-0.0227778796
-0.0146179320
0.0608843714
-0.0127156051
-0.0135939503
0.0415700860
0.0000000061
-0.0056118476
-0.0000414099
-0.0000034346
-0.0563655458
-0.0336856022
0.0000122728
0.0012109000
-0.0648129880
-0.0383430980
-0.0149988476
0.0316371433
-0.0060081566
-0.0002128763
0.0451405533
-0.0000026203
0.0112746842
0.0000000056
0.0000001985
-0.0454814620
0.0048934636
-0.0421092957
0.0000000323
0.0000000001
-0.0155919222
0.0019939065
-0.0482569262
-0.0505402647
-0.0009027545
0.0000328684
-0.0077036540
-0.0432515070
0.0001177488
0.0081494916
-0.0003930167
0.0000542103
0.0000000692
0.0028791747
-0.0002277803
-0.0074954699
0.0086666131
0.0380504094
0.0027121776
0.0000548412
-0.0412334427
-0.0000000010
0.0055267960
-0.0002823063
-0.0170150250
0.0159631521
-0.0000031261
0.0018942159
0.0000000393
-0.0000156183
0.0260025766
-0.0448225141
-0.0000000511
0.0000337719
-0.0000000104
-0.0186539404
0.0020811027
0.0077315597
0.0402055345
-0.0003431158
-0.0473251715
-0.0165840369
0.0039168401
-0.0359526984
-0.0600437112
-0.0401812866
-0.0595960431
0.0003250658
-0.0508522093
0.0013950255
0.0001309332
-0.0489147604
-0.0024595554
0.0521372929
-0.0134876464
-0.0339019485
0.0000000833
-0.0016821235
-0.0095279180
0.0742694885
0.0041540316
-0.0001158266
0.0000295016
0.0132160857
0.0000000153
-0.0000010671
-0.0436609238
0.0021382472
-0.0055334605
-0.0470365956
-0.0100223413
-0.0000400201
-0.0201846007
-0.0020506452
-0.0000000113
-0.0000120035
0.0482514016
0.0163688269
0.0127130002
0.0000116604
-0.0004893161
0.0508681498
0.0162696782
0.0329433866
-0.0058803600
-0.0002771504
0.0558978170
0.0006761467
0.0037970075
-0.0007162954
0.0000378611
-0.0426349863
-0.0000000013
0.0000031446
-0.0056419396
0.0184692051
-0.0137242265
-0.0226350687
-0.0094852895
-0.0347845182
-0.0000000502
-0.0021867792
0.0363223143
0.0029383758
0.0003268122
-0.0075612809
0.0145543087
-0.0432065800
-0.0510165803
-0.0034149634
-0.0578394458
-0.0209704936
0.0389854610
-0.0498178527
-0.0506962985
-0.0004701989
-0.0104544889
0.0000000008
-0.0060349558
-0.0004829466
-0.0000068525
-0.0187718850
0.0041387742
0.0000005567
0.0042745541
0.0015176315
-0.0362439752
0.0059610093
-0.0483175255
-0.0180475246
-0.0372456945
-0.0125868944
-0.0207324214
-0.0051528253
0.0001455002
-0.0000000729
-0.0420040227
-0.0198415946
-0.0004330053
0.0038524519
0.0000004508
0.0016045737
0.0249126293
-0.0048594801
0.0315166712
-0.0000000137
-0.0000001652
-0.0117367916
0.0277597569
0.0001532142
-0.0000072663
0.0035678819
0.0284305345
0.0011175651
0.0000179439
0.0076458948
0.0003698421
0.0000053723
-0.0119587304
-0.0108844480
0.0000001896
0.0143564316
0.0003115739
0.0346800685
0.0129858116
0.0000015019
0.0020467788
-0.0457161404
0.0489421934
0.0000000147
-0.0207728241
-0.0455289967
0.0000000436
-0.0000066716
0.0406068079
-0.0000001306
-0.0439445376
-0.0018700709
-0.0478038900
0.0000207740
-0.0014917678
0.0005645173
0.0077639404
-0.0321422853
-0.0361666493
-0.0103094848
-0.0379303433
-0.0423842929
0.0675512031
0.0279454403
0.0219869670
-0.0000759766
-0.0000000828
0.0008480894
-0.0267817229
0.0008984570
-0.0049219369
-0.0186499916
-0.0451723561
0.0006204207
-0.0455517136
-0.0482070446
-0.0115051288
-0.0393711552
-0.0194055177
-0.0023816654
-0.0072895288
-0.0000000002
-0.0004222636
0.0015654529
-0.0000000398
-0.0269892979
-0.0283242408
0.0000000033
0.0010262118
0.0349750929
-0.0000089816
0.0152940080
0.0004223822
-0.0000003056
-0.0286817104
-0.0000820308
-0.0000003964
0.0000013823
0.0000000837
-0.0010014935
0.0086687086
0.0015882965
-0.0357941166
-0.0003244212
-0.0251079369
-0.0515631102
0.0356859937
0.0000000160
-0.0229443368
-0.0111252982
-0.0637040064
-0.0000000313
0.0000039337
-0.0085925944
0.0000000060
0.0138563178
-0.0416834094
0.0022322647
-0.0000000228
-0.0026627169
0.0004725165
-0.0001793552
0.0000000033
-0.0108599933
0.0000207212
0.0333885737
-0.0100410637
0.0013158412
0.0283332188
-0.0295052044
-0.0000013823
0.0080776718
-0.0052097086
0.0062232390
0.0071116020
-0.0584066771
0.0000539123
0.0004594903
0.0288700908
-0.0405166857
-0.0000001662
-0.0298430733
0.0024257044
-0.0000144560
-0.0198259838
-0.0524068400
-0.0192436948
0.0047758901
-0.0055501373
-0.0362717174
-0.0078104385
0.0200745706
0.0492152795
0.0000850667
-0.0124430461
-0.0000013395
0.0021390156
-0.0407799520
-0.0001293993
-0.0347151309
-0.0264739804
0.0000434095
-0.0000000772
-0.0077243275
-0.0330488309
-0.0435777977
-0.0129451267
-0.0155837918
-0.0171358436
-0.0292414762
-0.0429872498
-0.0149264373
-0.0679401457
0.0128003322
0.0000007238
-0.0000001707
-0.0331800394
-0.0132913189
-0.0000000462
0.0000014911
-0.0032036132
0.0000067373
0.0060430947
-0.0000000081
0.0000019449
-0.0013497149
-0.0000002909
0.0000000842
0.0124542825
-0.0005185876
0.0000520326
0.0000000155
0.0000039848
-0.0403107330
0.0000000079
0.0178558398
0.0593319573
0.0582789294
-0.0240453184
-0.0224512219
-0.0215397775
-0.0161098149
0.0009690780
0.0167299304
-0.0474899411
-0.0000008339
0.0021568972
0.0000000066
-0.0079673762
-0.0321628749
-0.0299761035
-0.0008729059
-0.0000000810
0.0191004872
-0.0083820624
0.0208298862
0.0000001480
0.0000000073
-0.0448126532
0.0000003707
-0.0152638052
-0.0000001631
0.0000046079
0.0000000831
-0.0419018939
0.0137006389
-0.0013727141
-0.0000000005
0.0003403111
-0.0000001512
-0.0166063458
-0.0000022511
-0.0000000110
0.0068597160
-0.0469012037
-0.0582953356
0.0000015941
-0.0196584016
0.0098211654
-0.0217491724
-0.0491778068
-0.0349200740
0.0097050667
0.0035432596
-0.0121507384
-0.0063801203
-0.0034455857
0.0000000382
-0.0411903225
0.0310275629
0.0023821061
0.0000008854
-0.0350908600
-0.0251760017
-0.0000000233
0.0000028859
-0.0380502343
-0.0219709929
-0.0222746618
-0.0378647447
-0.0390016623
0.0537895858
0.0000000499
0.0113585722
-0.0263326094
0.0036074696
0.0120474845
0.0154364454
-0.0000008398
-0.0510842726
0.0000854096
-0.0334714577
0.0000002066
-0.0126177678
-0.0096860984
0.0323737189
0.0055426192
0.0157463811
0.0000001523
-0.0072451336
0.0362006053
-0.0000000043
-0.0018655569
-0.0247602724
0.0021072191
-0.0035218266
-0.0000052999
0.0000463869
0.0210054927
-0.0082824817
-0.0000000086
-0.0422651954
-0.0000001691
-0.0000001169
-0.0000655107
-0.0000001632
0.0000000192
-0.0542343110
-0.0000003077
-0.0202359669
-0.0139378458
-0.0000000775
0.0000000054
-0.0307141747
-0.0000000013
-0.0073623061
-0.0185454674
0.0037222565
-0.0002900335
0.0330032185
-0.0344061777
-0.0089908736
-0.0002451975
-0.0222545490
-0.0000003095
-0.0190840419
-0.0008531108
0.0000005240
-0.0194947943
-0.0355104581
0.0000872767
0.0000008493
-0.0000000106
-0.0141178165
-0.0011741440
-0.0000000038
-0.0006938812
-0.0516654029
0.0000008380
-0.0011619922
0.0511678308
-0.0372173563
-0.0093667451
0.0090835486
0.0385477953
-0.0362341404
-0.0052427407
-0.0308349617
0.0190714691
-0.0116234347
0.0459467061
-0.0024980048
0.0000199997
-0.0375596583
-0.0045148474
0.0160966795
-0.0450341217
-0.0553524196
0.0000000941
0.0129151307
-0.0162731260
-0.0000000111
0.0000000625
-0.0071051368
0.0102565242
0.0288554262
-0.0015553117
-0.0001064020
0.0345413610
-0.0001649056
-0.0321396515
-0.0434287675
-0.0556216836
-0.0190136693
-0.0608174801
-0.0139852036
-0.0509974211
0.0064746002
0.0051625259
0.0000012125
0.0020508454
-0.0000035362
-0.0168523770
-0.0034022701
0.0167498123
-0.0000004028
-0.0036529580
-0.0000091895
0.0006222739
-0.0000000360
-0.0000000318
0.0000008011
0.0000010654
-0.0000000119
-0.0098410351
0.0091653625
-0.0000000646
0.0000000081
0.0258477721
0.0201950576
-0.0195620339
-0.0289668683
0.0000000565
0.0349835157
-0.0001071202
-0.0482418202
-0.0150673203
0.0000002780
-0.0154669443
0.0371538699
-0.0057831262
0.0000001693
-0.0462531112
-0.0099707702
-0.0310511030
0.0000000783
0.0000138299
-0.0357107669
-0.0359331816
0.0149764093
-0.0000000850
0.0035156417
0.0000000190
-0.0000000322
0.0439433791
-0.0062877480
0.0000660278
-0.0331065208
-0.0014566269
-0.0176813602
-0.0155418143
0.0055574058
0.0463159457
-0.0240631215
0.0066858381
0.0155379279
-0.0346729718
-0.0259879455
-0.0443464816
-0.0490891710
0.0379939191
-0.0555672422
-0.0000000318
0.0100634843
0.0000067814
0.0000273914
0.0000008342
0.0021970673
0.0000022545
-0.0451552048
-0.0229767989
-0.0000290784
0.0329646841
-0.0000000036
-0.0073407413
0.0031984560
-0.0000000867
-0.0020443746
-0.0000019919
0.0000000169
0.0368471369
0.0445255116
0.0307112373
-0.0045068343
-0.0024486487
-0.0473284051
-0.0137194879
-0.0164080393
-0.0204687007
-0.0391384549
0.0036497866
-0.0474586710
0.0000005919
0.0000004412
0.0000000115
-0.0408305861
0.0500943176
0.0215082467
-0.0000010595
-0.0000005944
0.0047746045
-0.0312253907
0.0201834179
-0.0000000189
0.0280104224
0.0342408121
0.0061823451
0.0027398616
-0.0000505931
0.0010506347
0.0038437729
-0.0120629780
0.0000407595
-0.0252022594
-0.0000000233
-0.0083120195
0.0007723822
-0.0183181521
-0.0348195583
-0.0460095368
-0.0602653138
-0.0350657552
-0.0304844510
-0.0110082645
-0.0338484384
-0.0000114675
0.0028053259
0.0112964474
-0.0235583894
0.0000000518
-0.0052331295
0.0170082990
-0.0071441368
-0.0000036695
-0.0000001883
0.0000013364
-0.0275582038
-0.0000000292
-0.0500135534
-0.0021438478
0.0008091126
0.0422147885
-0.0000000017
-0.0106734131
-0.0382728428
0.0000002301
0.0000001782
0.0569578893
-0.0209381599
-0.0000001684
-0.0673625320
-0.0009141387
-0.0070969998
0.0142199174
-0.0356568173
-0.0001138529
0.0000152230
0.0000000284
0.0000984893
0.0020049501
0.0001817106
-0.0036234506
0.0195898172
0.0000000488
0.0168197099
0.0000000174
0.0449631847
-0.0529284440
-0.0276155826
0.0000006227
0.0327675417
-0.0170658119
-0.0000001107
0.0000079712
-0.0001464417
0.0032639969
-0.0292573515
-0.0000023627
0.0000003283
0.0061310097
-0.0000200263
-0.0213512406
-0.0366448499
-0.0057120170
-0.0144946650
-0.0000487560
-0.0389383100
-0.0000000169
-0.0003528219
-0.0000000679
-0.0205182843
-0.0232840348
-0.0210450608
-0.0583223365
-0.0000000844
-0.0135821272
-0.0252422970
0.0231322106
0.0000003110
0.0000014725
-0.0327432454
-0.0000000259
-0.0000256553
-0.0131570604
-0.0000984976
0.0000022056
-0.0000756616
0.0087734209
-0.0184962340
0.0000686561
-0.0000051150
-0.0000000057
0.0367412157
-0.0318162926
-0.0000654690
-0.0625159517
0.0000005218
-0.0317422226
-0.0309472643
-0.0241549797
-0.0000225871
0.0212110095
0.0218935199
-0.0022311229
-0.0116658425
0.0001563760
0.0145284254
0.0037920983
0.0000109834
0.0130691314
-0.0114754289
-0.0000000076
0.0000586530
0.0011447248
0.0030988348
-0.0575064756
-0.0088106869
0.0000079375
-0.0242395326
0.0000514607
-0.0338197201
-0.0421435945
0.0096275005
-0.0424305648
0.0000000085
0.0517198332
-0.0247497447
-0.0350066088
-0.0098463604
-0.0000000548
-0.0403645411
-0.0000000014
-0.0488524102
-0.0409050249
-0.0596073307
-0.0389896929
-0.0288650375
0.0314949863
-0.0000000682
-0.0000000709
0.0000000390
-0.0282210577
0.0473101921
0.0400187448
0.0019815431
-0.0206452180
0.0000043466
-0.0141065354
-0.0037822300
-0.0000001042
-0.0330644064
-0.0000071208
-0.0567833558
-0.0028445069
0.0000222823
-0.0016825460
-0.0041044564
0.0048154448
0.0000083023
-0.0014914526
-0.0451082252
-0.0421902947
0.0000447521
-0.0307289101
-0.0000000531
-0.0236884095
0.0185741372
-0.0000000056
-0.0566736348
0.0221797861
0.0028408121
-0.0041899388
-0.0379888788
-0.0000000009
0.0331863426
0.0000000052
-0.0244577583
-0.0112399785
-0.0004790597
-0.0033998531
-0.0000000463
-0.0000000696
-0.0015480620
-0.0341151096
0.0001463706
0.0024240375
0.0234931316
-0.0073357131
-0.0404994115
-0.0000727958
0.0000001531
-0.0372875482
0.0000016990
-0.0421277508
-0.0094214948
0.0080757746
0.0415406190
-0.0156240528
-0.0217913371
-0.0000000488
-0.0419359133
-0.0539865606
0.0000000090
-0.0000000311
0.0187575705
0.0001535587
-0.0083661806
-0.0302654747
-0.0000000025
-0.0000016882
-0.0138571085
0.0513599142
0.0000024247
0.0000000026
0.0000000481
-0.0000000437
0.0033655735
0.0000000127
0.0012137117
-0.0147524616
-0.0024627552
0.0559506677
-0.0215949044
0.0069065597
-0.0001012923
0.0007270523
0.0359076113
-0.0371309109
0.0061931685
-0.0453310907
-0.0000140695
0.0401946530
0.0005846206
0.0137518579
-0.0014067598
-0.0379336178
-0.0153836766
0.0000000000
0.0077915830
-0.0000003744
0.0294116195
0.0217907205
0.0028705890
-0.0000119935
-0.0224220306
-0.0000000530
0.0310675353
-0.0605785735
-0.0091265626
0.0303449910
0.0000007152
0.0501009971
-0.0011814747
-0.0006676645
-0.0210121088
-0.0361962467
-0.0234585200
0.0343621373
-0.0000795956
0.0006966891
0.0254552346
-0.0000033731
0.0199687369
-0.0001682293
-0.0310476627
0.0007753429
-0.0000073103
-0.0005531833
-0.0083800359
-0.0306036212
0.0193281025
0.0149702840
0.0141795343
-0.0000000018
0.0000247767
-0.0072599109
0.0563838929
-0.0247473959
0.0423680320
0.0000000016
0.0177663714
-0.0377243795
0.0222787950
-0.0000317020
-0.0344584323
0.0455642827
-0.0077309660
-0.0463918261
-0.0219090786
0.0054466906
-0.0000623398
0.0000005981
0.0605996177
0.0043690703
-0.0422650054
-0.0000003624
-0.0353010185
0.0420743786
-0.0332987383
-0.0637807474
0.0287162550
0.0000000129
-0.0069249175
-0.0254100766
0.0000199998
-0.0001438775
0.0000058406
-0.0004281117
0.0000000613
-0.0000000004
-0.0093735969
0.0000104893
-0.0275420304
0.0000350817
-0.0000009980
0.0003279853
-0.0309556928
-0.0088527678
0.0170419645
0.0411358699
-0.0000000199
0.0000000375
-0.0000000462
-0.0000000226
0.0000009079
-0.0446940213
-0.0000996521
-0.0477672815
-0.0000000843
0.0061719008
-0.0001541617
-0.0001876593
-0.0290639382
-0.0000000045
-0.0285305344
-0.0315031968
0.0006150620
-0.0573732927
0.0000001355
-0.0000000262
0.0027785387
-0.0000000560
0.0003531861
0.0000004573
-0.0147733167
-0.0347118415
-0.0168253332
-0.0522519127
-0.0170976892
-0.0000051251
-0.0004937901
-0.0000004484
-0.0236622375
-0.0063160933
0.0188071206
-0.0000951221
-0.0493328199
-0.0405960605
0.0000012525
-0.0073802597
-0.0000000514
-0.0001084785
-0.0036248988
-0.0041430434
0.0000000230
0.0000862673
-0.0103702238
0.0239630342
-0.0000001327
-0.0115607763
-0.0034333249
-0.0000028274
0.0014760315
0.0099065602
0.0442273319
-0.0319627561
-0.0384054035
0.0050848280
-0.0442336947
-0.0000000201
-0.0134343226
-0.0505396686
-0.0429321676
-0.0000924359
-0.0037919697
-0.0104850810
0.0006821873
0.0274806824
-0.0000001942
0.0704177171
-0.0071247080
-0.0482636094
-0.0000004874
0.0106424754
0.0000004201
-0.0217998922
0.0000170824
0.0000000360
-0.0347449891
0.0000023579
-0.0485069081
0.0000000212
-0.0149352774
-0.0015911092
0.0129692657
0.0000015564
-0.0078952555
0.0507253259
0.0000000116
-0.0305135120
-0.0553817488
0.0319113657
0.0000002099
-0.0343266726
-0.0420080572
-0.0664524361
-0.0000000693
-0.0021040973
0.0000175242
0.0000433598
-0.0007640785
-0.0004371876
0.0228715036
-0.0054337662
-0.0667767376
-0.0000371181
-0.0000000281
-0.0002172666
-0.0164376795
0.0000000662
0.0074983425
0.0444335938
-0.0000004143
0.0030525369
-0.0004852007
0.0000007254
-0.0041695838
0.0172716882
0.0111879269
0.0000764310
0.0110979984
-0.0000000003
-0.0253383685
0.0022360387
0.0154157579
-0.0058373674
-0.0497656688
-0.0498752967
0.0079605533
0.0006509814
-0.0037838169
0.0000051822
-0.0002773305
-0.0000000262
-0.0000050964
0.0000000068
-0.0528955832
-0.0586828589
0.0001846073
0.0007423597
-0.0467937551
-0.0000000067
0.0000715359
-0.0000009337
-0.0000039804
-0.0524415635
0.0162712596
-0.0250146650
-0.0370526388
-0.0002959475
-0.0032881000
-0.0000000232
-0.0004891913
0.0099699683
0.0000004011
0.0481364429
-0.0098473756
-0.0033001089
0.0000000478
-0.0312247984
0.0250492189
0.0000205405
0.0026520845
-0.0144809652
0.0287432540
-0.0043385127
0.0231215525
-0.0177799780
-0.0559745505
-0.0000021329
0.0016492867
-0.0046278322
-0.0127026029
-0.0371983461
0.0005120189
0.0241928082
-0.0002410795
-0.0424337685
-0.0000000907
0.0300434623
-0.0000003426
0.0340058692
0.0138030704
-0.0002456523
-0.0115880026
0.0000000602
0.0035031212
0.0318243504
-0.0106081599
-0.0000681689
-0.0449101664
0.0192739014
-0.0219784882
-0.0256754402
0.0130570484
0.0184438694
-0.0000001750
0.0046962365
-0.0549528711
-0.0000756072
-0.0054320330
0.0005710201
0.0019940070
-0.0407491960
0.0000035576
0.0307144243
0.0081256004
-0.0000005126
-0.0002651225
0.0275767073
-0.0000169558
-0.0286574252
-0.0000004105
0.0355576202
-0.0401829593
-0.0384773612
-0.0266013294
-0.0417405143
-0.0113548255
-0.0533498414
0.0324566364
-0.0000000093
0.0428441763
-0.0003729982
-0.0005839796
0.0266182609
-0.0041280934
-0.0154396845
0.0000011719
-0.0245322119
-0.0000009301
-0.0133175859
-0.0318277404
0.0331491269
0.0475674607
-0.0380800478
-0.0000000745
0.0135096824
0.0188065991
-0.0000468036
-0.0142333526
-0.0121473633
0.0074807839
0.0257401504
-0.0130321728
0.0000099185
-0.0000506309
-0.0268545840
0.0339424759
-0.0241041519
-0.0046871291
0.0102602374
-0.0201523099
0.0000029550
0.0000000872
-0.0000000019
-0.0175253488
-0.0610418543
0.0000002105
-0.0324309580
-0.0000000121
-0.0198283661
-0.0000000373
-0.0001495817
0.0062827128
-0.0539859906
0.0003539708
-0.0061501856
-0.0000000444
-0.0020626534
-0.0000000357
-0.0048438851
-0.0000000078
0.0014077231
0.0000000377
-0.0000000105
0.0000001486
-0.0054421965
-0.0213062912
-0.0000363543
-0.0479946211
-0.0187716130
-0.0151403667
-0.0000001762
-0.0003354290
-0.0688281730
0.0000014235
0.0285961851
-0.0323957801
-0.0167150591
-0.0312101040
-0.0135744726
0.0031449418
-0.0481443629
-0.0438661128
-0.0273127574
0.0011329703
-0.0000000906
-0.0310187861
0.0440137051
-0.0430928692
-0.0102816541
-0.0000007786
0.0120164156
0.0199850220
0.0000200488
0.0044821333
-0.0000151429
0.0006647307
0.0375457183
-0.0014249553
0.0000000252
0.0424144939
0.0000000750
0.0008542230
0.0034240861
0.0018263937
-0.0000000371
-0.0560819805
0.0207057428
0.0180423129
-0.0119882682
-0.0002436418
-0.0572306626
-0.0381532647
0.0000131612
-0.0013709133
-0.0577715263
0.0102668134
-0.0018338962
-0.0227346327
0.0005991453
-0.0010305695
0.0247146729
-0.0136488676
-0.0000010451
-0.0149793923
0.0000169015
-0.0000011920
-0.0000000736
0.0000002675
0.0345920548
0.0214661565
0.0000016767
-0.0083309980
-0.0042610322
0.0145653905
-0.0000359070
-0.0355381109
-0.0428533070
-0.0335987695
-0.0000007174
-0.0162292179
-0.0243535638
-0.0064006434
-0.0066359267
-0.0262262784
-0.0660341159
0.0000002221
-0.0000000689
0.0000047559
-0.0417580940
0.0003208823
-0.0144231645
0.0388052538
-0.0000004651
0.0007784727
-0.0309980735
-0.0050911163
0.0000000015
0.0000001070
-0.0386787727
-0.0126959104
-0.0219376050
-0.0000149591
-0.0186052993
0.0002471950
-0.0266329404
-0.0398250930
-0.0123927407
0.0000000437
0.0162669756
0.0431784242
-0.0413127095
0.0246807970
-0.0033590249
0.0000000270
-0.0048806532
-0.0505025461
-0.0421346240
0.0001051345
0.0217936989
-0.0275532249
-0.0263617411
-0.0000127357
0.0230014473
-0.0680507123
-0.0648522824
-0.0039956337
0.0434185714
0.0003426007
-0.0001614843
0.0312890783
-0.0169939455
-0.0358675942
-0.0006335368
0.0000030371
-0.0242006369
-0.0298631657
-0.0083255609
-0.0023669642
-0.0313862674
0.0000000171
0.0395316146
-0.0515616536
0.0128670735
-0.0487137474
-0.0311997980
-0.0190650187
-0.0018047532
-0.0001502421
-0.0000040790
-0.0354827605
0.0014191304
-0.0426262096
-0.0346269086
-0.0001260960
0.0004436087
0.0133218756
-0.0252738092
0.0015067066
0.0002925743
0.0000317753
0.0000014272
0.0000125972
0.0001045956
0.0098890355
0.0001126316
-0.0078325979
0.0342017896
-0.0284412131
0.0000000780
-0.0000002296
-0.0320697650
-0.0004169333
-0.0000001915
-0.0000586057
0.0000607492
-0.0623529032
-0.0017615451
-0.0021723029
0.0000001305
0.0223239437
-0.0390911251
-0.0005518730
0.0000086683
-0.0010559972
0.0000000218
-0.0391779132
0.0204878934
0.0060594683
-0.0349278525
0.0061493022
-0.0180709008
-0.0000648565
-0.0228434596
-0.0000000256
0.0000000003
-0.0478992984
-0.0048085572
-0.0589541793
-0.0000000172
-0.0000000498
0.0000000076
0.0329302661
-0.0027747282
-0.0390973091
-0.0488041192
-0.0441814810
0.0000000063
0.0000224752
0.0000000234
0.0168873500
0.0048467219
0.0000017443
-0.0068276022
-0.0000003239
-0.0292778444
-0.0000000008
-0.0067561301
-0.0000000100
-0.0000000873
0.0012476895
-0.0033167603
-0.0071791536
-0.0003742918
0.0073784092
0.0000065036
-0.0206205454
0.0000000134
0.0074694320
-0.0000028623
0.0015832923
0.0000243254
-0.0502133854
0.0128958104
-0.0178514533
0.0012135505
0.0016635389
-0.0312452856
0.0286265370
0.0424705148
-0.0001838028
-0.0000006057
0.0308353286
-0.0200104471
-0.0483705178
0.0026258661
0.0233242363
0.0000001258
-0.0000000523
0.0000002149
-0.0043414989
-0.0338245630
-0.0000016114
0.0003006731
0.0388712250
-0.0079610348
-0.0101406500
-0.0002748336
-0.0000000275
-0.0346524417
0.0299868900
-0.0648434684
0.0039247316
-0.0432707891
0.0000000315
-0.0065460070
-0.0000629751
-0.0012587253
-0.0050564241
-0.0050777528
-0.0048503107
0.0198879074
0.0000000845
0.0100225611
0.0265434980
0.0000206045
0.0075782971
-0.0155701693
0.0180868041
-0.0221429430
0.0053489879
-0.0006195340
0.0368325636
-0.0005317571
0.0041187331
-0.0323671438
0.0477898754
-0.0017062987
-0.0000294422
0.0286704097
0.0299993232
-0.0240301471
-0.0334735923
-0.0540863425
-0.0012570483
-0.0193157345
-0.0116072856
-0.0532306582
0.0000132224
-0.0000001012
-0.0008656440
-0.0310249366
0.0016655540
0.0060332217
-0.0000138459
0.0080898348
0.0218500141
0.0170681383
-0.0183236338
-0.0000005134
-0.0000003088
0.0001132888
0.0247147568
-0.0071071638
-0.0500139780
-0.0032492632
-0.0000000550
0.0130211022
0.0438173003
-0.0003168193
-0.0015069683
-0.0404203609
-0.0000198137
-0.0258808397
-0.0387381166
0.0070450371
-0.0507436246
-0.0563302860
0.0148199480
-0.0190684404
0.0035053140
-0.0428540446
-0.0324845649
-0.0489883497
0.0000014951
-0.0302456301
-0.0000001483
-0.0294256024
-0.0455634929
-0.0135415243
0.0000019314
-0.0001542660
-0.0000415486
-0.0179517902
-0.0492370985
-0.0168663412
-0.0282139983
0.0430343598
-0.0006853067
0.0376159959
-0.0000001611
-0.0000336061
-0.0144420024
0.0000033926
-0.0257815495
-0.0000000074
-0.0000000585
0.0000000759
0.0000811555
0.0018455678
-0.0160460230
0.0000000022
-0.0000000897
0.0366391167
-0.0496774875
-0.0288306419
-0.0530129448
0.0140680242
-0.0045866738
0.0242147669
-0.0327844284
-0.0381905399
-0.0304072071
0.0006111651
-0.0386309102
-0.0134229036
-0.0000000294
-0.0220464189
0.0003094118
-0.0489937514
0.0050059748
-0.0441997796
-0.0027267353
-0.0050817872
0.0002383174
0.0252793618
-0.0087340241
0.0313673504
-0.0133549124
-0.0222547948
0.0079255588
-0.0062803146
-0.0365415439
-0.0348653495
0.0000000049
-0.0085060820
0.0220013913
-0.0093907891
-0.0000000495
0.0382577851
-0.0000001272
-0.0521953478
0.0001356741
0.0000355808
-0.0229722634
0.0102236737
0.0055053188
0.0246787015
0.0378957652
0.0020812058
0.0001955779
-0.0225887913
0.0000029159
-0.0030133813
0.0056401673
0.0003444248
-0.0161413494
-0.0442546085
0.0365925878
-0.0000000102
0.0527084842
0.0030959486
-0.0142564001
-0.0003649039
-0.0000000697
-0.0134222340
-0.0000081902
-0.0224456862
-0.0069725579
0.0142753934
0.0034410316
-0.0380786695
-0.0338902287
-0.0162188392
0.0010130489
-0.0302238911
-0.0409031920
-0.0000001000
0.0000254520
-0.0051141270
0.0017153705
-0.0303789973
-0.0468592979
0.0000000194
-0.0182681587
-0.0000875366
-0.0031269367
0.0031748174
-0.0075697941
-0.0336397849
0.0265172161
0.0000000115
0.0287472177
0.0000000179
0.0016996656
-0.0132246725
-0.0006681052
-0.0500058047
0.0220323838
-0.0187353529
-0.0000000552
-0.0000005470
0.0019108381
0.0295700133
0.0003251091
-0.0014910221
0.0206830669
0.0000019266
-0.0632595569
0.0046441029
-0.0006503215
-0.0001649600
-0.0197328888
0.0012681824
0.0072881933
0.0029785221
-0.0000022595
0.0104490574
-0.0000021673
0.0177913811
-0.0358499847
0.0078769391
0.0059684487
0.0001486038
0.0030671731
0.0000205113
-0.0000001874
0.0002975504
-0.0100491364
-0.0362968519
0.0177959222
0.0000067798
-0.0008682848
-0.0031245537
-0.0465764478
0.0457216166
-0.0005163652
-0.0000006096
0.0015383121
0.0164814331
-0.0385461003
-0.0383491740
-0.0109184459
-0.0588366240
0.0500754379
-0.0504835136
-0.0000012641
-0.0000000091
-0.0000006663
-0.0303227156
-0.0451941863
0.0000417794
-0.0205881130
-0.0491103902
-0.0191822536
-0.0468612611
0.0015230877
-0.0057428153
-0.0437868498
0.0218413901
0.0470546894
-0.0000051225
0.0111206500
-0.0103119267
0.0066587604
0.0313590094
-0.0118470667
-0.0000204147
-0.0019768055
-0.0000007192
-0.0180694312
0.0023474263
0.0000017376
-0.0303019546
-0.0000004045
-0.0000227503
-0.0000022112
-0.0583713651
0.0333893485
-0.0002152278
-0.0000000030
0.0002028564
0.0367942527
0.0360117666
-0.0000014378
-0.0003223741
-0.0066200369
0.0174555816
-0.0304367002
0.0299708955
-0.0000352901
-0.0320618488
-0.0000110264
-0.0000136637
-0.1018331498
-0.0000036546
0.0028157914
-0.0178047977
-0.0000155821
-0.0423185416
0.0169763863
-0.0169457011
-0.0381196588
0.0145441005
0.0426491499
-0.0343997926
-0.0013538146
0.0104659488
-0.0026494053
-0.0428766795
0.0003362153
0.0532479025
-0.0354736261
-0.0477483571
-0.0021483263
-0.0523532070
-0.0373147391
-0.0546879098
-0.0000000775
0.0086436234
-0.0412807129
-0.0437153429
-0.0087796506
-0.0427335277
-0.0474513732
0.0207696632
0.0448964015
-0.0217302199
-0.0000162170
0.0002439066
-0.0132719120
-0.0235011261
0.0195109844
-0.0000038168
0.0089854067
0.0000251006
-0.0091932099
-0.0163070615
-0.0133752245
-0.0459930152
0.0294272006
0.0296081249
0.0000072210
0.0141608622
0.0276260208
0.0269807912
-0.0001856278
-0.0038214768
-0.0000000876
-0.0282640662
0.0000126607
-0.0048252265
-0.0286350697
-0.0000680872
-0.0013616895
-0.0202856995
-0.0000000174
-0.0000000172
-0.0652943254
-0.0251802336
0.0002068080
-0.0299468786
-0.0459547900
-0.0000006369
-0.0423262231
-0.0018733360
0.0023865323
0.0000007284
-0.0304952152
-0.0195596758
-0.0252332389
0.0326057784
0.0419840962
0.0008974163
0.0001768142
-0.0196410362
-0.0349112414
-0.0328408927
-0.0382599160
-0.0000455388
-0.0602183342
0.0208710488
0.0000005146
0.0000000330
-0.0045205527
0.0000171854
-0.0006217617
-0.0000000096
-0.0019325118
0.0416355506
0.0282728691
-0.0486878119
-0.0636967346
0.0074394001
0.0007907640
0.0018929846
0.0146355089
-0.0000000047
-0.0002581570
0.0000135304
0.0016328425
0.0012998590
0.0111514665
-0.0150872814
0.0002638905
0.0000000333
0.0229717530
-0.0000000727
-0.0000053045
0.0000000093
0.0191414002
0.0000006486
-0.0091578653
0.0468901061
-0.0189548749
-0.0373216011
-0.0000000093
0.0529357791
0.0000000152
0.0000112451
-0.0428765081
-0.0000000959
0.0290481746
0.0026521911
-0.0476911403
-0.0426270179
0.0000005813
-0.0081661223
-0.0296706185
-0.0462783501
0.0328597501
-0.0371347331
-0.0000574608
-0.0337494314
-0.0249021389
0.0013971385
-0.0222910196
-0.0503874123
-0.0214204788
-0.0259846766
-0.0000045989
-0.0136668961
-0.0233366489
-0.0000000171
-0.0354079306
-0.0142631996
-0.0378479660
-0.0000161108
-0.0220539737
-0.0338855870
0.0047201719
0.0167482402
0.0000072881
-0.0343284681
-0.0456137881
0.0013813634
0.0272229128
-0.0551762804
-0.0000002118
-0.0045646331
0.0412600674
-0.0160826836
0.0000000009
0.0126197012
0.0191207081
0.0227068979
-0.0260091815
0.0002766406
0.0001774748
-0.0000001491
-0.0023186801
-0.0254921205
0.0000000290
0.0315717459
-0.0004479850
0.0327894576
-0.0000002410
0.0050857174
0.0218997337
0.0000005141
-0.0300342105
-0.0000191981
-0.0259982497
-0.0000001303
0.0264586508
0.0178607255
0.0087705934
-0.0585435741
-0.0377010964
0.0002417864
0.0000830017
0.0069969078
-0.0235804617
0.0182466321
0.0000000290
-0.0029306998
-0.0236203037
0.0000000540
0.0000022225
0.0000317106
-0.0587256402
-0.0287491139
-0.0004526647
-0.0359456800
0.0001544409
-0.0000022350
0.0116787115
0.0033585923
0.0143338013
-0.0007837793
-0.0171910673
0.0000001627
-0.0000004180
-0.0024711573
0.0000000062
-0.0000001135
-0.0355159976
-0.0109550422
0.0149149261
-0.0285652746
-0.0141941784
0.0000031994
0.0043390109
0.0000835580
-0.0282431860
-0.0015713200
0.0001778764
-0.0300078522
-0.0121873692
-0.0005381269
-0.0025583715
-0.0287681166
0.0458694436
-0.0000002989
-0.0000000292
-0.0429397114
-0.0743504390
0.0347359143
-0.0002757532
0.0000020690
0.0478529818
0.0002511496
0.0316332765
0.0000000195
0.0199220274
-0.0383598395
0.0000001018
-0.0233268980
-0.0000194085
-0.0362244584
0.0010896801
0.0275230501
-0.0008026959
-0.0000000724
0.0000001704
-0.0000015318
-0.0135214301
-0.0180546567
-0.0494912751
-0.0266039148
-0.0000149322
-0.0000000255
-0.0000007297
-0.0000216646
0.0006522762
-0.0040134299
-0.0321734510
0.0225244500
-0.0296480041
0.0000001870
-0.0000213266
0.0099649122
-0.0266381372
-0.0132524883
-0.0158372372
-0.0017096824
0.0000000006
0.0121843209
0.0076091737
-0.0000000647
-0.0119377961
-0.0436250716
-0.0000000440
-0.0053937510
0.0183306299
-0.0000735189
-0.0461041778
-0.0000000021
0.0000001142
-0.0317168906
-0.0754242614
-0.0504520051
0.0003493080
0.0302090924
-0.0133161191
-0.0068220152
0.0000378550
-0.0056416597
-0.0540555380
0.0003706575
-0.0570635572
0.0145886093
0.0000012051
0.0001146432
0.0099716997
0.0000000003
-0.0370857567
-0.0000000664
-0.0000000047
0.0255998075
0.0123543311
-0.0004852386
0.0000908275
0.0000000057
0.0031980926
-0.0000000782
0.0050480072
-0.0014176647
-0.0105356462
-0.0015637679
-0.0025314949
-0.0000003761
-0.0485479385
-0.0000493539
0.0000460946
-0.0321024135
0.0149627896
-0.0224278234
0.0009711165
-0.0172437597
-0.0000005265
-0.0000014790
-0.0000003787
0.0134751396
-0.0382250957
-0.0000661911
0.0639965534
0.0001250977
-0.0162862223
-0.0104759149
-0.0348985642
-0.0061259535
-0.0000059035
-0.0697246045
0.0012330961
0.0074664326
-0.0379707962
-0.0336232558
-0.0362071395
-0.0954754651
0.0198136643
0.0001135762
-0.0809186772
0.0077112359
-0.0003014354
-0.0000013610
-0.1151963100
-0.0278934930
-0.0486313477
-0.0000000285
-0.0006252917
0.0250940286
-0.0091550555
-0.0000605576
0.0243066680
0.0123415310
-0.0014485740
0.0003488940
-0.0000137760
0.0099175228
-0.0000017557
0.0000000567
-0.0001570329
0.0014065594
0.0281176530
0.0228709579
-0.0332815945
-0.0080278525
-0.0182497986
-0.0283746477
-0.0021314772
0.0429157056
-0.0000221647
-0.0000189486
0.0000000013
-0.0414554998
0.0010172558
0.0000050087
0.0245991647
-0.0014116572
-0.0321955122
-0.0310956873
-0.0000019595
0.0000008312
0.0010026600
-0.0018803128
0.0094043287
0.0006122077
0.0000000263
-0.0184695888
0.0220213272
-0.0560063533
-0.0185983200
-0.0461572856
0.0064628972
-0.0172649901
-0.0552651025
-0.0400665142
-0.0014124309
-0.0357755385
-0.0375650674
-0.0500518009
0.0005945821
0.0138020618
-0.0317806676
-0.0698551238
0.0000000004
0.0000108493
-0.0000014106
-0.0504384972
-0.0421549231
-0.0449505001
-0.0283057205
-0.0465002917
-0.0008745233
0.0273545012
0.0014621728
0.0091369003
-0.0334581248
0.0113835381
-0.0381303541
0.0000000000
-0.0000600138
-0.0021876795
-0.0382630527
-0.0280690975
0.0340991281
-0.0119617237
-0.0017704564
0.0273451284
-0.0042727119
0.0121810585
0.0286173094
-0.0006712482
0.0367096178
-0.0079487534
-0.0026541348
-0.0023186768
0.0003342720
-0.1035259292
-0.0474902764
-0.0297571011
-0.0000028300
0.0000001121
0.0001158871
0.0000011841
0.0000003700
-0.0319967978
-0.0293203481
0.0197337233
-0.0005027059
-0.0403652303
-0.0296511948
-0.0000000003
0.0192076284
-0.0325526707
-0.0167848784
0.0000000088
-0.0491956361
-0.0332130492
-0.0274620429
0.0000000645
-0.0194073040
-0.0000000899
0.0000004129
-0.0450956747
-0.0350915827
-0.0338601582
-0.0058479724
0.0249628704
-0.0019713689
-0.0000001113
0.0000000384
-0.0443239696
-0.0334021561
-0.0004670047
-0.0065837470
-0.0362321846
-0.0154240392
-0.0279759597
-0.0020868566
0.0000000993
0.0079338672
-0.0000015051
-0.0000030620
0.0000733111
-0.0263798237
-0.0109791085
-0.0000004911
-0.0014001320
-0.0065682549
0.0038534601
0.0070638247
-0.0003783128
-0.0009002806
0.0000000082
0.0447436012
-0.0355858281
-0.0042576827
-0.0000028759
0.0000175639
0.0214830376
-0.0000142309
0.0517748035
-0.0249165334
-0.0441179127
-0.0013327538
-0.0074384608
-0.0199979171
0.0368028879
0.0299717803
0.0000591550
-0.0004406356
0.0224365741
-0.0000000391
0.0030807413
0.0092980238
-0.0370143652
-0.0190751199
-0.0533361621
0.0002437252
0.0062344125
-0.0000002362
-0.0174031872
0.0043538557
-0.0018520303
-0.0000000601
-0.0000002422
0.0000000001
0.0095949313
0.0327328667
-0.0482406430
0.0000356255
0.0059626554
-0.0000000010
0.0110879252
-0.0129663507
0.0028775774
0.0497743003
-0.0348192304
-0.0559293628
0.0000000153
-0.0001510569
0.0000000346
0.0212152880
0.0132715013
-0.0000001103
0.0095990300
-0.0006639599
0.0166595671
-0.0000000159
-0.0000000254
0.0435427167
0.0035135625
-0.0024926055
0.0457590558
-0.0077821100
0.0011737881
-0.0238369890
0.0028703751
0.0101053668
0.0292921141
0.0060121669
-0.0000011651
-0.0130451974
0.0019217607
-0.0442091525
0.0075842915
0.0001012340
-0.0438786857
0.0000000686
-0.0000000014
0.0276342668
-0.0661917329
-0.0395484641
0.0087092044
-0.0000149643
-0.0000754489
0.0411905311
0.0234726481
0.0000000848
0.0000657559
0.0000076197
0.0099152727
-0.0043581645
-0.0369135775
-0.0284592006
-0.0841294304
-0.0273539498
-0.0253580809
-0.0000002340
0.0030380131
-0.0113199949
-0.0000083688
-0.0395742469
-0.0032528713
-0.0000002387
-0.0000000024
-0.0024481022
0.0000018275
-0.0000000014
-0.0000000111
0.0083142789
-0.0000000780
0.0034541192
-0.0000000113
-0.0425663888
0.0011734245
-0.0000000061
-0.0004261597
-0.0237336587
-0.0310938507
0.0213490445
0.0077952333
0.0296227429
-0.0018873818
0.0000000149
-0.0419053361
-0.0394547582
0.0202807914
0.0421498828
0.0000356135
-0.0000000274
0.0009469703
-0.0000370098
-0.0120420754
0.0246483218
0.0361372046
-0.0102877412
-0.0009849006
-0.0000001003
0.0000968657
0.0438198037
-0.0000001436
0.0027263621
-0.0492601953
-0.0316471979
0.0000001000
0.0423151180
0.0302226488
0.0041193999
-0.0317676999
-0.0150625193
-0.0390023589
0.0074788462
-0.0006279536
0.0529824086
0.0292676538
-0.0000000000
0.0000000174
0.0088833980
-0.0419435389
-0.0473390594
0.0030330773
-0.0386709869
0.0159307960
-0.0000006406
0.0299835876
-0.0331640057
-0.0000029182
-0.0000000689
0.0321193449
-0.0000007065
-0.0302431490
-0.0000000887
0.0111144949
-0.0008495063
0.0000717299
-0.0000258433
-0.0000000535
0.0180255659
0.0003704517
-0.0001398365
0.0007444700
0.0291971695
0.0141335931
-0.0052517182
0.0023432202
-0.0014653238
0.0009468354
-0.0296394844
0.0302038211
-0.0014627068
0.0001630644
0.0011070733
-0.0000000834
-0.0046268376
0.0000522215
-0.0203820392
0.0000000009
0.0001722588
0.0008001475
0.0000055661
-0.0387790799
-0.0392737910
-0.0342086963
0.0005533721
-0.0231904928
0.0000000438
-0.0522454791
0.0111806151
0.0000458408
-0.0542092472
0.0000000976
0.0102172941
-0.0000000001
-0.0871348009
-0.0329145975
-0.0050715874
0.0218495559
0.0000301095
0.0409866013
-0.0055778790
-0.0306149684
-0.0000007330
0.0065342034
0.0000567969
-0.0000004249
-0.0547054075
-0.0046854271
0.0032679955
0.0127197616
-0.0000000729
-0.0194855221
-0.0191299953
-0.0000000486
-0.0000713164
0.0100394078
0.0260963254
-0.0102849901
0.0000016486
0.0000001144
0.0052988944
0.0004580629
0.0086558871
0.0012647479
-0.0310418140
0.0000000407
0.0005376118
-0.0625333264
0.0235481933
0.0085851075
-0.0000019089
-0.0298296548
-0.0000777954
-0.0152764209
-0.0233108383
0.0336544886
-0.0030697454
-0.0291175488
-0.0030068653
0.0000000010
0.0007469384
0.0225315411
-0.0011493802
-0.0192316882
0.0000000397
0.0044551743
-0.0226410199
-0.0050293999
0.0000001289
0.0000000264
-0.0479330458
-0.0000000505
-0.0175116602
-0.0188401882
-0.0379977562
-0.0081506977
-0.0000090449
-0.0092108538
-0.0517824329
-0.0466765836
-0.0612694770
-0.0388013609
-0.0101244319
0.0078838719
-0.0199549049
-0.0361496210
-0.0007667073
-0.0321676768
0.0428660400
-0.0628664121
-0.0461889021
0.0023867416
-0.0413346179
-0.0428233892
-0.0000252216
0.0016624436
-0.0183661617
-0.0179677717
-0.0072004921
-0.0005573489
-0.0001832322
-0.0184941366
0.0240976010
0.0270354990
0.0001265339
-0.0000000022
0.0471347496
0.0171652753
-0.0000000138
0.0348002911
-0.0003752930
0.0003853546
0.0002514708
0.0018578166
0.0293802377
-0.0188390054
0.0000000027
-0.0007748149
-0.0534680188
0.0268458929
-0.0000167676
0.0216738284
0.0130330259
0.0006024164
-0.0427585095
0.0008736940
0.0013186367
-0.0063553597
-0.0000002629
-0.0000639405
0.0465643629
-0.0000038519
-0.0000045638
0.0123433368
-0.0026475554
0.0262563713
-0.0000000425
-0.0401514545
-0.0576927252
-0.0504067652
-0.0000003787
-0.0577416234
0.0145037537
-0.0136545710
-0.0640211254
-0.0302369166
-0.0495106429
-0.0355959907
-0.0000138316
-0.0859831274
0.0006879651
0.0238819681
-0.0183349792
-0.0237379558
0.0235263649
-0.0119450465
-0.0000584365
0.0000238218
-0.0000004973
0.0101044867
-0.0170501024
0.0000009173
-0.0000002693
-0.0643737242
-0.0000013204
-0.0000001406
-0.0438110083
0.0003662986
-0.0000000004
-0.0460620299
-0.0190109815
-0.0381363146
0.0007131189
-0.0000402940
0.0014627253
0.0128026996
-0.0000000302
0.0014201989
0.0011312222
0.0068352609
0.0467853546
-0.0000000071
0.0373837464
0.0032195426
-0.0014569912
-0.0184691940
0.0267141685
-0.0004302333
0.0000479937
0.0235503986
0.0301611125
0.0000002304
0.0000002163
0.0043364000
-0.0528190099
0.0014242937
0.0516899750
-0.0690852106
0.0112236617
0.0003127578
-0.0019972059
0.0113582248
0.0000048545
-0.0261038616
-0.0486086421
0.0030579548
0.0000003100
0.0000676199
-0.0006799469
-0.0035903926
-0.0000001088
-0.0724301934
-0.0000000482
-0.0339498743
-0.0225403607
-0.0000000129
0.0033289634
0.0023307139
-0.0441497862
-0.0016945769
-0.0450145751
-0.0225881711
0.0000074939
-0.0000004894
-0.0255150888
-0.0375635363
0.0001140733
-0.0000000072
0.0020244014
0.0025303597
0.0440996960
0.0193567965
-0.0000127998
-0.0338928774
0.0350465439
-0.0408804417
0.0156345125
-0.0000000206
-0.0000000002
0.0032847524
0.0002921478
-0.0000002812
0.0000887387
0.0000008726
0.0000015750
0.0193616636
-0.0056533823
0.0246435888
-0.0004418857
0.0066456599
-0.0493299477
-0.0100402292
-0.0392972603
-0.0004866756
0.0025777172
0.0059826933
-0.0327259339
-0.0389673561
0.0252900627
-0.0294415094
-0.0397878662
0.0000003768
0.0448669828
-0.0000003003
0.0000000174
-0.0055759139
0.0002639709
0.0027126907
-0.0000000979
-0.0000000474
-0.0000590111
-0.0139323324
0.0417406969
-0.0106598623
0.0233160090
0.0000023099
-0.0391033925
-0.0236649942
0.0000298814
0.0400443673
-0.0000272118
0.0001968641
-0.0000000406
0.0000450096
0.0248042159
-0.0000634719
-0.0000619184
-0.0010856012
-0.0246454999
-0.0361126475
0.0004447853
0.0001645406
-0.0009405845
-0.0023977871
0.0413427651
-0.0815490559
0.0000000350
-0.0006596896
0.0007387419
-0.0055082217
-0.0081772404
-0.0000001615
0.0186982267
-0.0234604497
-0.0261380915
-0.0229236633
