-0.0000000000
-0.0000000000
0.0000000000
-0.0000000000
0.0014330556
-0.0011263464
-0.0000000000
-0.0000000000
-0.0000000000
0.0000000000
-0.0025313264
0.0000000000
-0.0006001431
-0.0000000345
0.0000080778
0.0000000000
0.0000000000
0.0000000000
0.0000000000
0.0233805235
-0.0000000000
0.0002541059
-0.0000104173
-0.0000000000
0.0000000000
0.0000000000
-0.0000001312
-0.0000000000
0.0000000000
0.0412700102
-0.0000008387
-0.0014481632
0.0000000000
0.0000000000
-0.0008353160
0.0000500061
0.0000000000
-0.0000005374
-0.0025984021
0.0017907917
0.0000026497
-0.0000296313
0.0002939395
0.0129369982
0.0000000000
-0.0032103308
0.0000000000
-0.0070790602
-0.0001208174
-0.0000000000
0.0000000000
-0.0006331894
-0.0000000000
-0.0000000000
-0.0002670346
-0.0000000000
0.0000000000
0.0124820750
-0.0000000000
-0.0000000000
-0.0001144847
0.0000000000
0.0489030704
0.0000000000
0.0000000000
0.0000000000
0.0154356919
-0.0017795109
-0.0000000000
0.0010307076
-0.0042669624
0.0000000000
0.0000000000
0.0018635241
-0.0001696323
-0.0000000000
-0.0000000000
-0.0000069043
0.0000000000
0.0000000000
-0.0000000000
0.0644008294
0.0000000000
0.0000000000
-0.0000000000
0.0000001608
0.0000005742
-0.0000000000
-0.0001878377
0.0000204720
0.0000008829
-0.0000000106
0.0017156791
0.0000000000
0.0098189302
-0.0000000000
-0.0004167866
0.0030457596
0.0434839986
0.0000000000
0.0015720719
-0.0000000000
-0.0000026053
0.0252549164
-0.0000000000
-0.0000000000
0.0000000000
0.0000000011
-0.0012725830
0.0000000000
0.0393196568
-0.0000000000
-0.0000000000
-0.0000000000
0.0000000000
0.0000000000
0.0000000000
0.0004399405
-0.0005913007
-0.0058313226
0.0008923829
0.0230916496
0.0043162652
0.0000000000
-0.0000000000
0.0000000000
-0.0000000000
-0.0000000001
0.0000000000
-0.0000000000
-0.0039428249
-0.0012020227
-0.0000000000
-0.0004099524
0.0682386458
-0.0000000000
0.0045015565
-0.0000000000
-0.0000000000
0.0454612151
0.0000000000
0.0000000000
-0.0000000000
-0.0132335601
-0.0000000000
0.0000000000
0.0000000000
0.0000000000
-0.0053194533
0.0000000000
0.0000000000
0.0041777226
-0.0000000000
-0.0000000000
-0.0000413423
-0.0000000000
-0.0005983658
0.0000000000
-0.0000000000
-0.0000000000
-0.0000000000
0.0043625254
-0.0000012134
0.0002383536
0.0000581934
0.0003559536
-0.0316492952
-0.0044856318
-0.0107499519
0.0015676630
0.0000000000
0.0000000000
-0.0000000000
-0.0015156505
-0.0000569786
-0.0000000000
0.0217780862
-0.0000000000
0.0027232859
-0.0114591001
0.0000070613
0.0045545874
-0.0000790329
-0.0000000000
-0.0000000000
-0.0000057733
-0.0000219695
-0.0006587159
0.0014098609
0.0225783437
0.0000000000
-0.0000000000
-0.0000000000
0.0000000000
0.0000000000
0.0000000000
0.0001044864
-0.0000000000
-0.0067933621
-0.0019876859
0.0000000000
-0.0000000000
-0.0000000000
-0.0000000000
0.0000000000
-0.0000000000
-0.0046434649
-0.0000000000
0.0000000000
-0.0004695603
-0.0010076363
-0.0000022292
0.0012531258
0.0156265274
0.0013643672
-0.0000021159
0.0124883167
-0.0000000000
0.0000000000
0.0000000000
-0.0000000000
-0.0000000000
-0.0000000000
-0.0000000000
0.0000000000
-0.0000000000
-0.0000000000
0.0047343979
-0.0036470250
-0.0101612434
-0.0000001209
-0.0002109175
0.0000000000
0.0000087576
-0.0136184376
0.0000000000
-0.0007852535
-0.0000000000
0.0001021477
0.0000000000
0.0000140671
0.0000000000
-0.0025570991
0.0000000000
0.0000000000
-0.0000000000
0.0000000000
0.0005686971
-0.0000000000
-0.0000000000
-0.0000000000
-0.0005244067
0.0000000000
0.0337986462
0.0001733378
-0.0000000000
0.0278957337
0.0000000000
0.0000000000
-0.0000000000
0.0000000050
0.0257678777
0.0000000000
-0.0000089111
0.0000000000
-0.0057200836
-0.0000000000
0.0002090694
0.0001048786
0.0000000000
-0.0000000000
0.0000000000
0.0000000000
0.0000329029
0.0001511332
-0.0000000000
-0.0000000000
0.0000023111
0.0000000000
0.0384089425
0.0002191195
-0.0000000000
0.0007302421
-0.0032788073
-0.0000000000
0.0345264636
0.0002906767
0.0000000000
-0.0005821162
-0.0056883059
-0.0000000000
-0.0000000000
0.0230226908
0.0000330282
-0.0109631568
0.0000075083
-0.0000000000
0.0026119996
-0.0002356305
-0.0006856370
-0.0065478445
0.0000000000
0.0001424034
0.0000000000
0.0000000000
-0.0000000000
0.0000000000
-0.0000000000
0.0046586362
0.0000001933
0.0000211341
0.0625371337
0.0009784106
0.0004028011
-0.0000000000
0.0000000000
0.0248684883
0.0000000000
0.0000000000
0.0000000000
0.0652247593
-0.0000000000
0.0091486238
0.0000000000
-0.0001034772
0.0194447171
-0.0000000000
-0.0000000000
0.0000000000
0.0000147948
-0.0000000000
-0.0067591942
0.0000000000
-0.0018835135
-0.0000000000
-0.0000000000
-0.0054942272
-0.0005343521
0.0000000000
-0.0001731241
-0.0000000000
0.0000000000
0.0028928434
-0.0000000000
-0.0000000000
-0.0007171115
-0.0000486326
-0.0000000000
-0.0000000000
0.0463645607
0.0007884457
0.0000000000
0.0000000000
0.0006171383
0.0203646757
0.0005589420
0.0045958376
-0.0001439897
-0.0000000000
-0.0000000002
0.0182351414
-0.0000000000
-0.0000001337
0.0000000000
0.0000000000
-0.0107204784
0.0064504682
0.0000000000
0.0000000186
-0.0000000000
0.0000000000
-0.0000000000
-0.0000000000
0.0000217434
0.0000000010
-0.0002275445
0.0312437657
0.0000000000
0.0037706424
0.0000000109
-0.0000000000
-0.0000000000
-0.0000000000
0.0000000000
0.0000000857
0.0355531424
0.0000000000
-0.0000000032
0.0000000000
0.0000000000
-0.0000000000
0.0000000000
0.0019664916
0.0000000000
0.0000000000
0.0449978486
-0.0000000000
0.0147326915
0.0000152131
0.0000000000
-0.0000000897
0.0000000000
-0.0000000000
-0.0000000000
-0.0000000000
-0.0000000000
-0.0000000000
0.0051888782
-0.0000000000
0.0000000000
0.0000000000
0.0000000000
0.0000001204
0.0000000011
-0.0000000000
0.0043013794
-0.0000000000
0.0000000000
0.0353898108
0.0005139387
0.0360785834
-0.0000000002
0.0000000647
0.0157152731
0.0462967679
-0.0000000000
0.0002349752
0.0000000000
0.0074101668
-0.0000000000
0.0000000000
0.0020863244
-0.0114071574
-0.0000000000
0.0073072477
0.0114810243
0.0032403581
0.0123147257
0.0001827082
0.0219253581
-0.0004066684
0.0000000000
-0.0000000000
0.0000000000
0.0020130775
0.0164952110
0.0000000000
0.0640838742
-0.0000000000
0.0168010127
-0.0000000000
0.0391119272
-0.0000000000
-0.0008232186
0.0000000000
-0.0000000000
-0.0002406934
-0.0000000000
-0.0000000000
-0.0000000069
-0.0000000000
0.0000000000
-0.0000000000
-0.0096576838
0.0000000000
0.0000085176
-0.0000000000
0.0001219569
0.0524686128
-0.0000000000
0.0000210988
0.0000000201
-0.0000000000
-0.0000000000
0.0285482351
-0.0063298931
0.0081010070
-0.0000000000
-0.0000000000
-0.0000000000
-0.0000000000
-0.0000000000
0.0000627294
0.0393086374
-0.0000000000
0.0211328790
0.0110279191
0.0000000000
0.0337289013
0.0000000000
0.0000000000
-0.0000000000
-0.0000000000
-0.0003419986
-0.0000382614
0.0000000000
0.0000000000
0.0004518629
0.0000000000
0.0001888181
0.0000173126
0.0000000000
-0.0000000000
-0.0000000000
0.0000000000
0.0000000000
0.0000000000
0.0002330913
-0.0000196368
-0.0000000000
-0.0000000001
-0.0065996400
-0.0000000000
-0.0000005988
-0.0045926590
0.0000000000
-0.0000000000
-0.0000000000
0.0007114146
0.0009970940
-0.0000000000
-0.0000286218
-0.0000000000
0.0000000000
-0.0003720038
0.0000000000
0.0000000000
-0.0000000000
0.0000000000
0.0000000000
0.0145879136
0.0004052293
0.0107541028
0.0039514564
0.0000000000
-0.0015267383
-0.0166045260
-0.0000028912
0.0002017167
0.0222933851
0.0193546023
0.0000002828
0.0000000000
0.0000000000
-0.0000000000
0.0096283201
0.0000000243
-0.0000000000
-0.0007871287
-0.0000000000
-0.0000000000
0.0000000002
-0.0000144863
-0.0000000066
0.0036174313
0.0000016610
-0.0000000002
-0.0000000000
0.0299047083
0.0000002719
0.0000000000
0.0000000000
-0.0000000000
-0.0000000000
-0.0000000000
-0.0000000000
-0.0000000000
0.0091798436
0.0190414619
-0.0000000000
-0.0000044217
0.0000000000
0.0000000000
-0.0036970074
0.0000000000
0.0000000000
-0.0000000000
0.0000000000
-0.0238670614
0.0000000000
0.0000000005
-0.0000000000
0.0000121450
-0.0000000000
0.0002526484
-0.0000000000
-0.0012998782
-0.0107770357
0.0000000000
-0.0066477666
0.0498889983
0.0000000000
0.0001373358
0.0102732647
0.0000000000
0.0406381488
0.0002155930
-0.0000000000
0.0000098507
-0.0005177114
0.0000000000
0.0000000000
-0.0000000000
0.0026352790
0.0000000000
0.0000000000
0.0050291251
0.0214862619
-0.0000000000
0.0036600123
0.0000007144
-0.0000000000
0.0000000053
0.0000000000
-0.0021897876
0.0010460140
0.0086656073
0.0001046046
0.0000000000
0.0217986368
-0.0000000000
0.0258345790
-0.0000001494
-0.0000000000
0.0000000001
-0.0000000000
0.0000000000
0.0000000000
0.0000092533
-0.0000000000
-0.0007238677
0.0000000000
-0.0000000000
-0.0000149867
0.0002193439
0.0010388677
-0.0000252265
0.0000000000
0.0000000000
0.0338595882
0.0000000000
0.0000000000
0.0000000000
0.0005826745
0.0000000000
-0.0000000000
0.0000000000
-0.0125970403
-0.0000000000
-0.0000001922
0.0319299623
-0.0003277390
-0.0000000000
0.0000000000
-0.0000000000
0.0000000000
0.0214441977
0.0309654698
-0.0000000000
0.0167024639
-0.0016906587
-0.0000000000
0.0447401516
0.0000000000
0.0000000000
0.0000007249
-0.0000000000
0.0019806696
0.0817298368
0.0000000000
0.0000000000
0.1362563372
-0.0000000000
0.0001014518
0.0023866750
0.0000000000
0.0492597297
0.0018641278
0.0137242042
-0.0000138320
0.0000000000
0.0000000000
0.0000000000
-0.0000000148
-0.0000000000
-0.0000000000
-0.0110742105
-0.0107106930
-0.0000000000
0.0000000000
-0.0009820170
0.0000000307
-0.0000029684
0.0000000000
0.0000000000
-0.0000000000
0.0001254786
-0.0000000000
-0.0000000000
-0.0000000000
-0.0000000000
-0.0000000143
-0.0040071113
-0.0000000000
0.0000501049
-0.0000000000
0.0000000000
0.0000000000
-0.0025171062
-0.0000081150
0.0044327662
-0.0000802134
0.0000000000
0.0000000000
0.0005507581
-0.0000000005
0.0027439571
0.0068504955
0.0000000000
0.0000000648
0.0000000841
0.0000000000
-0.0033470180
0.0068892883
-0.0000000000
-0.0005316896
0.0018440698
0.0000000000
0.0000000000
0.0270489193
-0.0000000000
-0.0000000000
0.0000000000
0.0000000216
0.0319251679
0.0275855586
0.0000000000
0.0000544657
0.0000000000
-0.0000000000
-0.0000000000
0.0124937044
0.0000000002
0.0000000000
0.0027807746
0.0000000000
0.0000000000
0.0000000000
-0.0008680665
0.0000000000
0.0000000002
0.0000000000
-0.0000000000
0.0004625237
0.0253976230
0.0024351713
0.0000000000
0.0066442471
0.0000000000
-0.0000000000
0.0000000000
-0.0000000000
-0.0000000000
-0.0000000000
0.0000000000
-0.0002908261
0.0000041489
0.0000000000
-0.0000000000
-0.0000000000
0.0000000000
0.0016006577
0.0000000000
-0.0000000000
0.0425527282
-0.0000754825
0.0000000000
-0.0006684563
-0.0000000000
-0.0000000000
0.0083682612
0.0000000000
-0.0235227421
0.0000000000
-0.0000000347
-0.0000469655
-0.0000000000
0.0391468219
0.0000000000
-0.0000000000
0.0000000000
0.0151995216
0.0000670918
-0.0000000000
0.0000000000
0.0000000000
-0.0000000000
0.0214735027
-0.0000000000
0.0000000000
0.0462493077
-0.0000000000
0.0000000000
0.0044818916
0.0057995068
0.0002634675
-0.0000000000
0.0000000000
0.0004719905
-0.0000000000
-0.0000000000
0.0000000000
-0.0000041633
0.0000000000
-0.0000853612
-0.0000000000
-0.0000000000
-0.0019814058
0.0000000000
0.0000000000
0.0040087556
-0.0011647448
0.0442220196
0.0000000000
0.0002350320
0.0002463136
-0.0016076139
-0.0030740106
-0.0000296129
0.0000000000
0.0000000000
0.0000000000
-0.0000000000
-0.0000000002
-0.0000000000
-0.0015859335
0.0000000000
-0.0000000000
0.0000000000
0.0000000000
0.0000000000
-0.0000000041
-0.0000000000
-0.0000089313
-0.0007010013
0.0000000000
-0.0000000000
0.0049314881
0.0000000000
-0.0000000000
-0.0000000000
-0.0012627882
0.0000000000
-0.0000000000
0.0350874588
0.0615366697
0.0000000000
0.0000000000
0.0000009154
0.0000000000
0.0001133155
0.0000000000
-0.0000000000
0.0000010052
0.0000000308
-0.0017199763
0.0000000000
0.0227154382
-0.0000000000
0.0000000000
0.0000000060
0.0000000000
-0.0000000000
0.0001154969
0.0000000000
0.0000000000
-0.0000000000
-0.0097121550
-0.0000000000
-0.0000000132
-0.0000000000
0.0000000000
0.0000000000
0.0000000000
-0.0000001153
-0.0000000000
0.0012336436
-0.0000099651
-0.0000000000
0.0000000000
0.0002438723
0.0003185707
0.0000000000
0.0000000000
-0.0000000000
0.0002355082
-0.0000000000
-0.0052752406
0.0000000527
0.0000000000
-0.0000000000
-0.0000000000
0.0270221718
0.0011629850
-0.0050209165
-0.0002175036
-0.0019889150
0.0060275327
-0.0002359026
0.0000000000
0.0000000000
-0.0000079404
0.0000000000
0.0000000000
0.0000000000
-0.0000000000
0.0241013784
0.0000000000
0.0000000006
-0.0000000000
0.0000000000
0.0000000000
-0.0000000000
0.0000000000
0.0004740947
0.0478475504
0.0705119446
0.0000000000
0.0000355622
-0.0056065386
-0.0000000000
0.0021753199
0.0641614869
0.0068328595
0.0000000000
0.0000000000
0.0000000000
-0.0000000000
0.0033368038
0.0001071904
0.0000000028
-0.0003819664
0.0000000000
-0.0000000000
-0.0020572715
0.0111769643
0.0000000000
-0.0000594801
-0.0097186416
0.0016662317
-0.0000000000
-0.0000000040
-0.0075816237
0.0000000000
-0.0025577433
0.0000000179
-0.0021872241
-0.0000000000
-0.0000000000
-0.0000000000
-0.0018049595
-0.0000010980
-0.0000000000
-0.0000067521
0.0003077837
0.0000000000
0.0008084117
0.0000000000
-0.0071620205
-0.0036446967
0.0000000000
-0.0000000000
0.0234840102
0.0000000000
0.0003202786
-0.0000000000
0.0430631042
-0.0000000000
0.0001382823
0.0000948354
0.0000000013
0.0000000000
-0.0010479029
0.0093650017
0.0331479795
0.0000000000
0.0000000000
0.0029567403
0.0000000000
-0.0044328975
0.0000002680
0.0037711191
0.0000000000
0.0000000000
0.0000000000
0.0762086809
-0.0125491759
0.0000000000
0.0000000000
-0.0039156810
-0.0000000000
-0.0000000000
-0.0000000000
-0.0169580299
0.0000568461
0.0000000389
-0.0000000000
0.0002993053
-0.0017952918
0.0000000000
0.0000005538
-0.0000000000
-0.0000000000
-0.0000000000
-0.0000000000
-0.0000000000
0.0000000000
0.0000000000
-0.0000000010
-0.0049099424
0.0098533826
-0.0000000000
-0.0074868784
-0.0000389296
0.0000000000
-0.0036555610
-0.0081134606
-0.0022003520
-0.0000000000
-0.0000000000
0.0000000000
0.0000002756
-0.0000000000
-0.0000000000
-0.0000000000
0.0000000000
0.0000000000
0.0029315045
-0.0030030368
-0.0058657988
0.0000231312
0.0386918187
0.0000002971
-0.0009221439
0.0124489674
0.0000000000
0.0000000000
0.0000000000
0.0000002380
-0.0000000000
-0.0007908101
0.0000000000
0.0002742877
0.0122321397
0.0295470562
0.0148730371
0.0000000000
-0.0000000000
0.0004873263
-0.0000000000
0.0000003194
0.0000000000
-0.0000000000
0.0000000000
0.0000783112
-0.0000113359
-0.0000000000
0.0088385586
-0.0000000000
-0.0000000000
-0.0000000000
0.0000000000
-0.0000000154
-0.0000000000
-0.0000000000
0.0000000000
0.0000000000
0.0026756828
0.0000000000
-0.0000000004
0.0000000000
0.0000000000
0.0000000000
-0.0000000000
0.0000000000
0.0000000004
-0.0000000000
-0.0000000000
0.0000000051
0.0000000000
-0.0000040410
-0.0000012291
-0.0000000000
0.0000000000
0.0000000000
0.0155819980
0.0000000000
0.0078040026
-0.0000000000
0.0000000032
0.0000000000
-0.0003716317
-0.0000000000
0.0000000000
0.0000000000
0.0000000000
0.0000000000
0.0000000000
0.0000000000
0.0000000000
0.0000144820
-0.0005566414
0.0000000000
0.0000000000
0.0009727281
0.0000000000
0.0168654770
0.0360753089
0.2277704924
-0.0000000000
0.0647836924
-0.0000000000
-0.0000000000
-0.0000000555
-0.0000000000
0.0000019181
0.0000000000
-0.0000000000
-0.0000000000
-0.0000000000
0.0003811110
0.0377849825
-0.0009713027
-0.0000000000
0.0123974532
-0.0061379639
-0.0003577223
0.0000000000
-0.0000002606
-0.0000007341
-0.0000000000
0.0000000000
0.0040682936
0.0000000000
0.0000000000
-0.0000000000
-0.0000000000
-0.0004151386
-0.0000000000
-0.0000000000
0.0000000000
-0.0096118338
0.0096835727
0.0000000000
-0.0000000000
0.0000000000
-0.0116987210
0.0000000000
-0.0000000000
-0.0005520449
0.0000000000
0.0000000000
0.0000664835
0.0013830711
-0.0089149624
-0.0011268198
0.0000000000
0.0000000000
0.0004331162
-0.0000000000
0.0000856792
-0.0000000000
-0.0000000000
0.0000000000
0.0000025092
0.0000004910
-0.0000000000
0.0000000000
-0.0000000000
0.0206794105
-0.0023662453
0.0000093940
0.0000016110
0.0000004622
0.0000000000
0.0319257490
0.0006654877
-0.0000000000
0.0077228253
0.0006691348
-0.0000000000
0.0000100960
0.0299260952
0.0025663027
-0.0000033534
0.0115183238
0.0000000000
-0.0000000000
0.0000011659
-0.0009555109
-0.0000000000
-0.0012098808
-0.0146642663
0.0006973953
0.0023940876
0.0044723083
-0.0000000000
-0.0000154780
-0.0050858813
0.0107521778
0.0000000000
0.0000000000
0.0000423634
-0.0000000000
-0.0000000127
0.0007294856
-0.0001356837
0.0405922011
-0.0000000000
0.0000000000
0.0000000000
-0.0000000000
-0.0000000000
0.0108428542
-0.0141856680
0.0040806294
0.0009877589
0.0000000000
-0.0000000000
-0.0000000000
0.0029150131
0.0000200457
0.0000000000
-0.0000000000
0.0159247816
0.0026975702
0.0000000000
0.0000000000
0.0000000000
-0.0000000000
0.0016425835
0.0000000000
0.0000000090
0.0000000000
0.0000000107
0.0707109198
0.0000000000
0.0000000000
-0.0000000000
0.0054696053
0.0402422324
0.0000000000
0.0000000000
0.0168264434
-0.0000000000
-0.0001372932
0.0000000000
-0.0000000000
0.0000000000
0.0000000000
0.0000000000
0.0000000000
0.0000000000
0.0000000000
0.0100520151
0.0000000000
0.0000000000
-0.0000000000
0.0055276896
-0.0016556627
0.0000000000
0.0208145641
-0.0000029229
0.0000000000
-0.0000000001
0.0000000072
-0.0000000000
0.0000000000
0.0000000000
0.0000000000
-0.0000000000
-0.0000000000
0.0000000000
0.0000000000
-0.0000000205
0.0000000000
0.0000000000
-0.0000000000
-0.0000000000
0.0160941686
-0.0000000000
-0.0000000000
0.0000000000
0.0000000000
0.1435810626
0.0000000000
-0.0000000000
0.0000000000
-0.0006599455
0.0397288762
-0.0000000000
0.0110484930
0.0000000000
-0.0000000000
0.0294510666
-0.0000000000
0.0000000000
0.0000000000
0.0000000000
0.0000000000
0.1076960564
0.0000000000
-0.0000000000
-0.0000000000
0.0621274449
0.0046345145
0.0000000000
-0.0000000000
-0.0000000000
0.0000000000
0.0000000000
0.0004808135
0.0000000000
-0.0000000262
-0.0000000000
-0.0000000000
-0.0000000000
0.0000000000
0.0000000000
0.0000807650
-0.0000000000
-0.0000000000
0.0000000000
0.0000000000
0.0000000000
0.0000000000
-0.0000000000
0.0069619170
0.0000000000
0.0000221456
0.0010460530
-0.0000000498
0.0000000001
0.0000000000
0.0000000000
0.0197023749
-0.0006469212
-0.0000000000
-0.0000000000
0.0009356602
0.0000000000
-0.0000000019
0.0000000000
-0.0000000004
-0.0016612463
0.0000000124
0.0000000000
0.0082960837
-0.0039855107
0.0033867774
-0.0001365728
0.0324761048
0.0000000000
0.0000000000
-0.0007741827
-0.0000000000
-0.0000000000
0.0000000000
0.0000000000
0.0000000000
-0.0000000000
0.0000000000
-0.0000000000
0.0000000000
0.0000000000
0.0000000000
0.0065842448
0.0000000001
-0.0000000000
0.0000000000
-0.0000000000
0.0000000000
0.0000000000
-0.0000000000
-0.0013586174
0.0000000000
0.0495444871
-0.0000000000
0.0001174801
-0.0000000000
0.0000000000
-0.0080835167
-0.0000000000
-0.0000000000
0.0000000000
-0.0000000000
0.0000000000
-0.0000000000
-0.0035313189
0.0000000127
0.0000000000
0.0000000000
0.0000006739
-0.0000000000
-0.0000000000
-0.0019623924
0.0002483620
-0.0000000002
-0.0084097367
0.0000000001
-0.0000000000
0.0448049456
0.0000000000
0.0000076209
0.0008805930
-0.0176578201
0.0116907954
-0.0000000000
-0.0000000000
0.0416693091
-0.0000000000
-0.0000000357
0.0000000000
0.0018351087
0.0026206030
0.0000000001
0.0212839879
0.0000000000
0.0135755660
0.0000000000
0.0000000000
0.0000000000
0.0000791503
-0.0000000000
0.0000000886
0.0000000000
0.0005454076
0.0000000000
-0.0000000000
-0.0000000000
0.0000000000
-0.0000000000
0.0000000000
0.0000024954
0.0000509044
0.0132030519
0.0000000000
-0.0000000000
0.0106243733
-0.0000010922
-0.0000000000
0.0000005940
-0.0000000000
0.0000000536
0.0001210978
0.0058054379
-0.0001139762
0.0000802422
-0.0000000000
0.0000000000
-0.0000000000
-0.0000000000
-0.0000000213
-0.0000000004
0.0068418155
-0.0000000000
0.0185692795
-0.0000024074
-0.0000000000
0.0000000000
-0.0000000000
-0.0000000000
-0.0000000000
0.0000000000
-0.0000000000
-0.0017609447
0.0265120678
0.0000001776
-0.0000000106
0.0000000000
-0.0000000000
-0.0000000000
0.0000037108
0.0000000000
-0.0000000000
-0.0000000000
-0.0000000000
0.0000000000
-0.0000000000
0.0466485508
-0.0000000000
0.0000000000
0.0013774295
-0.0000004013
-0.0000000000
0.0520923920
0.0089515364
0.0000000000
0.0014672843
0.0135748163
-0.0000000000
-0.0002969842
-0.0000000000
0.0000000000
0.0000000000
0.0000000756
-0.0003317563
0.0030952641
-0.0000000000
0.0000000000
0.0185655560
-0.0000000000
0.1764505506
-0.0005789468
0.0000000000
0.0000000000
-0.0000000000
0.0228447299
0.0007159591
0.0139781972
-0.0000000000
0.0025804578
0.0000000000
0.0456019938
-0.0049776197
-0.0000000001
-0.0000000000
0.0054086782
0.0029942880
-0.0000000000
-0.0000000322
-0.0000511274
0.0000000000
-0.0000007946
-0.0000000000
-0.0004198212
0.0000009256
0.0186211467
-0.0017878790
0.0000000178
-0.0000000000
0.0000000000
0.0000000000
-0.0000000000
-0.0018508949
-0.0001870243
0.0027368707
-0.0000000000
-0.0001661672
0.0004657921
-0.0000000000
-0.0000000000
0.0000000000
0.0000000000
0.0000000000
0.0000000000
-0.0000000000
0.0000000000
-0.0000000000
0.0002854874
0.0009529047
0.0000000000
-0.0000000135
0.0000042440
0.1970168352
-0.0000019959
-0.0000000000
-0.0000000000
-0.0000000000
-0.0000000000
0.0000000000
0.0000413452
0.0000000000
0.0000000000
-0.0000000000
-0.0000000000
-0.0000000000
0.0000000000
0.0010479582
0.1243473515
0.0723702982
0.0000000000
0.0546636321
0.0000295902
0.0020746915
-0.0000000000
0.0000000000
-0.0000000000
-0.0000000000
0.0000000000
0.0000407666
-0.0000000000
0.0259005185
-0.0000000000
-0.0093126781
0.0000000000
0.0003425927
0.0000000000
0.0018739379
-0.0000000000
-0.0000000000
-0.0000000000
-0.0000000000
0.0000000000
-0.0000000000
0.0000000000
0.0000000000
0.0023895979
0.0000000014
0.0000000000
-0.0000000000
-0.0000000000
0.0000000095
-0.0000000000
0.0000000000
0.1443725526
0.0000000000
0.0000000125
0.0081242695
0.1200945526
-0.0000000000
0.0008339169
0.0081476811
-0.0000000000
-0.0043638009
0.0000000000
0.0000000000
-0.0000000000
0.0000000000
0.0000000000
0.0777766332
0.0000000000
-0.0000000000
0.0000000000
-0.0000000000
0.0000000000
-0.0000000000
0.0000083993
0.0011732269
0.0809021220
0.0521049611
0.0000038311
0.0000000000
-0.0000000000
0.0000000000
0.0040431367
0.0000040637
0.0005414640
-0.0000000000
0.0000000000
0.0000000002
-0.0012725171
-0.0000000000
-0.0000000211
-0.0000000000
0.0000000000
0.0000000000
0.0079733813
-0.0000258781
-0.0000000000
0.0000000000
0.0000025548
-0.0000000000
-0.0000000000
-0.0011774258
0.0000000000
0.0000000000
-0.0008290390
-0.0000159864
0.0407722741
-0.0000008615
0.0406859145
0.0001744386
-0.0253309458
0.0082332063
-0.0000000000
-0.0000002185
0.0178193096
0.0001349656
0.0000000000
-0.0000000000
0.0000000000
0.0000000504
0.0000000000
0.0000000000
0.0000000000
0.0442354232
-0.0000000000
0.0004029957
-0.0000000000
0.0030846610
0.1444600224
0.0000000000
-0.0000000000
0.0000203072
-0.0000000000
0.0000000000
-0.0000000000
-0.0000000000
-0.0000000000
0.0767504498
0.0000000001
-0.0000000000
-0.0000000000
0.0000000000
0.0254336502
0.0000000000
0.0000000000
0.0905378237
0.0000000000
0.1624353230
0.0000000000
0.0000000000
0.0001233423
-0.0000000000
0.1242766008
0.0000000000
-0.0000000000
-0.0000000000
0.0000000000
0.0000000000
0.0014385688
0.0006086638
-0.0000000000
0.0000000000
-0.0000000001
0.0000000000
-0.0026764444
-0.0000000000
0.0153202582
-0.0000000000
-0.0000000000
0.0013764664
0.0034687934
-0.0000000083
0.0000000000
0.0000000000
-0.0097801462
0.0000000000
0.0000000000
0.0000515996
0.0029920591
0.0060232426
0.0093580093
0.0000000000
0.0000000032
0.0000000000
0.0000000003
0.0000000001
-0.0000000000
-0.0000000000
-0.0000000000
-0.0000000000
0.0000000000
-0.0000000000
0.2219648659
0.0000000000
0.0000000003
0.0000000051
0.0002251310
0.0000000000
-0.0000000000
0.0000000000
-0.0000000000
0.0000000000
0.1683924943
-0.0000000000
0.0000000000
-0.0000000000
-0.0000000000
0.0014920337
-0.0000000000
0.0058991876
0.0000232934
0.0000000000
0.0045194859
0.0265101735
0.0160243046
-0.0000000000
0.0001408736
0.0000000000
-0.0000000000
0.0000000000
-0.0000000000
0.0000013906
0.0656229779
0.0000000000
-0.0000000000
0.0000000000
0.0000000000
-0.0000000418
0.0000000000
-0.0000000000
-0.0000000309
-0.0000000000
0.0003616704
0.0000000000
-0.0000589091
0.0000000000
0.0000374974
0.0000000000
-0.0000000000
0.0000000000
0.0000000000
0.0000000000
-0.0027082574
0.0000000000
0.0144623965
0.0000000001
-0.0000000000
0.0000000000
-0.0000000000
-0.0000000000
0.0340857245
-0.0000000000
0.0000000000
-0.0000000000
-0.0000000000
-0.0000000000
0.0000000000
0.0000000000
-0.0000000000
-0.0000000000
-0.0000000000
0.2570168674
-0.0000000000
0.0000000000
0.0000000000
0.0000000000
0.0000000000
0.0000000000
-0.0000000000
0.0000000000
-0.0000000000
0.0000000000
-0.0000000000
-0.0000000000
0.0063783894
0.0000000000
0.0148943504
0.0106680952
-0.0000000000
0.0006274508
0.0000000000
0.0000000000
-0.0000000000
-0.0000000000
-0.0000000000
-0.0000398905
0.0000000000
-0.0000000000
-0.0034925283
0.0000001226
-0.0000000000
0.0000000000
-0.0000284008
0.0138731021
-0.0000000000
-0.0000000000
-0.0000000000
0.0000000000
0.0000003812
0.0359087512
-0.0000000000
-0.0000000000
0.0000000000
0.0252152085
0.0000017778
-0.0000217607
-0.0000000000
0.0000000905
-0.0000000000
0.0000000000
0.1818197668
0.0170622971
-0.0000000000
0.1516556442
0.0044178790
0.0000000000
0.0000000000
0.0007093416
-0.0000000000
0.0932199210
0.3224738538
0.0099676149
0.1088684350
0.2508541048
0.0000000000
-0.0000000000
-0.0000000000
0.0000000000
-0.0000000000
0.0544754453
0.0000000000
0.0000000000
-0.0000000000
-0.0016737058
-0.0009323222
0.0000000000
-0.0040698745
0.0299176089
0.0000000671
0.0003442963
0.0000000006
-0.0010269422
-0.0000000000
0.0000000000
0.0001331675
0.0000000000
0.0146527886
-0.0000000000
0.0000000000
-0.0000000000
-0.0000000002
-0.0000426443
-0.0015320929
-0.0184700433
-0.0000000000
0.0008487170
-0.0000000000
0.0015187348
-0.0000000000
0.0000000000
-0.0000000001
-0.0000000000
0.0000000000
-0.0000000000
0.0003997485
-0.0000000000
-0.0000000000
0.0154650351
0.0000000000
-0.0000000000
0.0034547462
0.0101148058
0.0229862966
0.0141392946
0.0000000000
-0.0000000000
0.0000000000
0.0000000000
0.0000000000
-0.0000000000
0.0000000424
0.0000000000
0.0000018194
0.0955995917
-0.0000000000
0.0560371839
-0.0000000000
-0.0000000000
0.0000000000
0.0003660395
0.0000000000
0.0000000000
0.0000000000
0.0000000000
0.2239862978
-0.0000000000
0.0000000000
0.0000000000
0.0164284129
-0.0000000000
-0.0000000000
0.1044551432
0.0000000000
0.0056667258
0.0000000000
-0.0000000000
0.0012558490
0.0584617183
0.0000000000
0.0000213986
0.0014807006
-0.0000000000
-0.0000000000
0.0000000000
0.0000000000
-0.0001452920
-0.0000001025
-0.0090791536
-0.0075344113
-0.0000000000
0.0000000517
-0.0000000000
-0.0000000000
-0.0000000000
-0.0001807615
0.0000000000
-0.0001317492
-0.0000047709
0.0000000000
0.0114580225
-0.0000000000
-0.0000000000
0.0137005383
0.0000000000
0.0017374448
0.0000000000
0.0000000000
0.0003716782
-0.0000000000
-0.0000000000
0.0000000000
0.0000000000
0.0808641985
0.0000000000
0.0000000000
0.0000000000
0.0000000000
0.1753964573
0.0000000000
0.0000000000
0.0000000000
0.0000000000
-0.0000000000
-0.0000000000
0.1226962879
0.1112827808
0.0000000000
0.0693014637
0.1513758600
0.0000000000
0.0000000000
0.0000000000
0.0002419350
0.0000000000
0.0000000000
0.0000272492
-0.0000000000
0.1813874990
-0.0000000000
0.0000003117
-0.0021798918
0.0002429672
0.0129988985
-0.0160699952
-0.0154099474
-0.0015014581
-0.0000000000
-0.0000537906
0.0000000000
-0.0127569446
0.0000000001
-0.0000000000
0.0000000000
0.0000000000
-0.0000000744
0.0000000000
0.0000000000
0.0001585338
-0.0000000000
-0.0007605121
0.0000189434
0.0034855751
-0.0000000000
0.0100773452
0.0001571002
0.0032704340
0.0000000000
0.0016877804
-0.0000000000
-0.0000000000
0.0000000030
0.0677024871
-0.0000000000
0.0160480980
0.0000852044
-0.0000000000
-0.0000000000
0.0000000030
0.0000000000
0.0000000000
-0.0000000000
0.0000000000
0.0000000000
0.0000000000
-0.0000000000
0.3998836875
-0.0000000000
0.0000001898
0.0000000000
0.0000000000
0.2441951185
0.0000000000
-0.0000000000
0.1590906084
0.0804749802
0.1077963710
0.0000000000
0.0000000000
-0.0000000000
0.0000000000
0.0000000000
-0.0000000000
-0.0000000000
0.0000000199
0.0359246507
-0.0195399337
-0.0000000000
-0.0000000000
0.0000012118
-0.0000000001
0.0077871438
0.0190494768
-0.0000000000
-0.0000000000
0.0000000000
-0.0225297473
0.0000000000
0.0030142979
0.0000000000
0.0203788150
-0.0000000000
-0.0000000000
-0.0000000000
-0.0092414962
-0.0000000000
0.0000000000
-0.0000000000
0.0000000000
0.0000000149
0.0000154407
0.0067844526
0.0000194306
0.0072172913
0.0453934334
0.0000398922
-0.0000000000
0.0000000000
-0.0000000000
0.2023734301
-0.0000000000
0.0812000632
-0.0000000000
0.0000000359
-0.0000000000
0.0363530144
-0.0000000000
0.0000000000
-0.0000000000
0.1968431026
-0.0000000000
0.0000000000
0.0000000000
-0.0000000000
-0.0000000000
0.0132566830
-0.0000000000
0.0000000000
-0.0000000000
0.0000032605
0.0000000000
0.0000000000
-0.0000000000
0.0000000000
0.0000031866
0.0000000000
-0.0000000000
-0.0000000000
0.0000000000
0.0000000000
-0.0050785462
-0.0000000000
-0.0000000000
-0.0000220909
-0.0000000000
0.0000000000
0.0004457237
0.0003021283
0.0000000000
-0.0000000000
-0.0000027521
-0.0117167309
-0.0009712353
-0.0000000000
0.0000000000
-0.0000000000
-0.0000000000
0.0000000000
-0.0000000000
0.0000000000
0.0000000000
0.0023354250
-0.0068065841
-0.0000336002
0.0004723082
0.0000000107
-0.0000000000
0.0000000000
0.0000000000
0.0000000000
0.0000000003
0.0000541169
0.0368552916
0.0000573242
0.0000000000
0.0528571159
0.2173853368
0.0000000000
0.0000000000
0.0000000000
0.0665715113
0.0000000000
0.0000000000
-0.0000000000
0.0955560133
0.0000000000
0.0003402492
0.0000000000
-0.0000000000
0.0803264827
0.0000000000
0.0000000000
0.0642464459
-0.0000000000
-0.0000000000
0.0880051628
-0.0000000000
0.0782483816
0.1351684630
-0.0000000000
0.0317806713
-0.0000000000
-0.0000000000
0.0000000000
0.0000000000
0.0074090953
0.0000000000
0.0013885283
-0.0000000000
0.0000297555
0.0203861818
0.0000000000
-0.0000000000
0.0001706593
0.0000006075
0.0000091347
0.0000000000
-0.0000000000
0.0000000000
-0.0057843607
-0.0000000000
-0.0000000000
0.0000003055
0.0000531557
0.0000000000
0.0000011441
0.0000000000
-0.0000000001
0.0649675578
-0.0000000000
0.0000000000
0.0044297120
0.0052597220
0.0000000000
0.0000154616
0.0000157008
0.0000000000
0.0000000000
-0.0000000000
0.0001700808
0.0415285565
0.0000000260
-0.0000000000
-0.0000000000
0.0000000000
0.0000000000
0.0000000000
0.0000002113
-0.0000000000
0.0229524542
0.0000000000
0.1499605328
0.0000000000
0.0000000000
0.0938253030
0.0755425021
0.0000194008
-0.0000000000
0.0000189516
0.0000000000
-0.0000000000
0.0000000000
0.0000000000
-0.0000000000
0.0115358382
0.0000000000
0.0000000000
0.0000000000
0.0000000160
0.0000000000
-0.0000000000
-0.0000386763
-0.0000000000
0.0000000000
-0.0003218754
-0.0000000000
0.0000000000
-0.0000000000
-0.0000000000
-0.0029528048
0.0000000000
-0.0000000000
-0.0000000000
0.0000000000
-0.0000000000
-0.0000001135
-0.0000000000
-0.0000000000
0.0222435407
0.0146043813
0.0000000000
0.0000000000
0.0159701258
0.0000901392
0.0000000000
0.0000000000
0.0000000000
0.0000000000
-0.0000000000
0.0000000000
0.1354139745
0.0000241399
0.0000000000
0.0421374403
-0.0000000000
-0.0000000000
-0.0000000000
0.0000000000
0.0000000000
0.0000000000
-0.0000000000
0.0000000000
0.0000000000
-0.0000000000
0.0000168727
0.0000000002
0.0000000000
0.1352225244
0.2447081059
0.0002387061
0.0000000000
0.0000000000
0.0000000000
0.0000000000
0.0000000000
0.0000000000
-0.0000000000
0.0000000000
-0.0000000000
0.0982599556
0.0005768228
0.0748648122
-0.0074901595
-0.0000000000
-0.0000000000
0.0000000000
0.0000111491
-0.0000000000
0.0000000000
0.0000000000
0.0200025495
-0.0000261562
0.0000000000
-0.0000000168
-0.0000000000
-0.0004844907
0.0000000000
-0.0000000000
0.0000000000
0.0190691520
-0.0005214069
0.0000058766
-0.0005855810
0.1041551456
-0.0000000000
-0.0000000000
0.0000000000
0.0000215632
-0.0000000000
0.0000000000
0.0000000000
0.0000000000
0.0000739638
-0.0000000000
0.0087947687
0.0735386088
0.0000105945
0.0414535478
-0.0000000000
0.0959550217
-0.0000000000
-0.0000000000
0.0935505107
-0.0000000000
0.0000000000
0.1698929071
0.1823997647
0.1086086631
0.0857111663
-0.0000000000
0.1178630292
0.0615514293
-0.0000000000
0.0000009172
-0.0000000000
0.0000245766
0.0000000000
0.0000000000
0.0000398860
0.0000000061
0.0041262046
-0.0000000000
0.0002082933
-0.0000000000
0.0013569359
0.0286633205
0.0009380401
0.0000000000
-0.0035740433
0.0029153915
-0.0000000000
0.0000000000
0.0101682842
0.0000000000
0.0000000000
-0.0000000000
-0.0000000000
-0.0000000000
0.0000000229
0.0000000000
-0.0000000000
-0.0000000074
-0.0177611746
-0.0000000002
0.0000000000
0.0000000000
0.0000000000
-0.0000000000
0.0007568762
-0.0005427375
0.0000000000
0.0035757350
0.0143985311
-0.0000191567
-0.0000000000
0.0000000047
0.0375623442
-0.0000000000
-0.0000000000
-0.0000000000
-0.0000000000
0.0000000000
0.0640653819
0.0000000033
0.0000000000
0.0000129734
0.0000000000
-0.0000000000
-0.0000000000
0.0921360031
0.0774652138
-0.0000000000
0.0000000000
-0.0000000000
-0.0000000000
0.0000000000
-0.0000000000
-0.0000000000
-0.0000000000
0.0000000000
0.0000000000
-0.0000000000
0.0000000000
0.1293306947
0.0000000000
-0.0000000000
-0.0000000000
0.0139023503
0.1338706166
0.0179415196
0.0000000025
0.0004471651
0.0204069223
0.0000000000
-0.0028249426
-0.0000000000
0.0000000000
0.0161648970
-0.0000000000
0.0027577742
-0.0000000000
-0.0000000000
-0.0000000020
0.0000000000
0.0000030378
-0.0000000000
0.0118415868
-0.0038332019
0.0000000000
-0.0000000000
0.0000000000
0.0270534009
-0.0000000000
0.0000000000
0.0003395926
0.0000000000
0.0403452255
-0.0000000000
0.0002236260
-0.0000000000
-0.0000000000
0.0000000013
0.0112545164
0.0000000000
0.1353048086
0.0000000000
0.0177554619
-0.0000000000
0.0000000000
0.0001558941
0.1501289904
0.0000000000
0.0000000000
-0.0000000000
0.0000123368
0.0000000000
0.2864699364
0.0610207580
0.0000000000
0.0595290847
-0.0000000000
0.0005043705
0.0056179152
-0.0000000000
0.0629135072
0.0866024122
0.0135666709
-0.0000000000
-0.0000000000
0.0545273796
0.0743463933
0.0000000000
0.0282413717
-0.0000000000
0.0067278156
0.0089021586
-0.0000000000
-0.0000000000
0.0003439468
0.0000680748
0.0002890108
0.0198786296
-0.0031404211
-0.0001928862
-0.0000000000
-0.0000183021
-0.0053029926
-0.0000000000
0.0033967728
0.0007599163
0.0001617151
0.0000000000
-0.0000000000
0.0000000000
-0.0000000000
0.0035331196
0.0000000000
0.0298608504
-0.0000000000
-0.0016336947
0.0572536737
0.0000007188
-0.0105950292
0.0097862687
0.0000000002
0.0577020720
0.0645331442
0.0897967443
0.0000000000
-0.0000000000
0.0000000000
0.0000000000
0.0000000000
0.0000000000
-0.0000000000
0.0000153590
0.0003361609
0.1615130454
0.0679731518
0.0000000000
-0.0000000000
0.0000000000
0.0000118076
0.1341732144
-0.0000000000
-0.0000000000
0.0000000000
-0.0000000000
0.0000000000
-0.0000000000
-0.0000000000
0.0000000000
0.0000000000
0.0374185145
0.0000000000
0.0120960260
0.0000141339
-0.0000000000
-0.0000000000
-0.0000000000
0.0000428753
0.0000382625
-0.0000921570
0.0247217622
-0.0000000036
0.0000010422
0.0013016281
-0.0000000000
-0.0225664452
-0.0000000000
-0.0000000000
-0.0000000000
0.0000000000
-0.0000285070
0.0000000000
0.0000005140
0.0000000132
0.0000000000
-0.0029416648
0.0000000015
0.0000000022
-0.0000000000
0.0002787857
-0.0092883222
0.0000000000
0.0000000000
-0.0008708889
0.0149857616
-0.0000000000
-0.0000000000
-0.0075035277
-0.0000000000
-0.0000000001
0.0111102359
0.0000000000
0.0000000000
-0.0000000000
0.0364177004
0.0183703378
0.0000000000
-0.0000000000
0.0794281736
0.0000000000
0.1433733702
0.0000000000
0.0000000000
0.0000000000
0.0000000000
0.0000000000
-0.0000000000
0.0000000000
0.0367330238
0.1811541021
0.0000000000
0.0000000000
-0.0000000000
0.0000000000
0.1448461711
0.0000000000
0.0000000000
-0.0000000000
0.0000000000
0.0000000000
0.0380287692
0.0000000000
-0.0000000000
0.0000000000
0.0142152393
0.0000000000
-0.0000000000
0.0000000000
0.0153331691
-0.0000000000
-0.0000000000
-0.0069935471
0.0000008845
0.0000000000
0.0000073864
-0.0000000000
-0.0000000000
0.0000000000
0.0000000000
0.0000000000
0.0000000000
-0.0000000000
-0.0000000000
-0.0073471139
-0.0000000000
-0.0000000000
0.0007297248
0.0000000000
-0.0005154325
0.0082079731
0.1218522117
0.0000027784
0.0026059563
0.0000000000
0.1731428504
0.0213269647
-0.0000000000
0.0344363563
0.0000000000
0.0000000023
0.0000000000
-0.0010942688
-0.0000000000
-0.0000000270
0.0000000000
0.0000000000
0.0000000000
0.0000000000
-0.0000000000
-0.0000000000
0.1204627603
-0.0000000000
-0.0000000000
0.0000210982
-0.0000000000
0.0000000001
-0.0000000000
0.0000000000
-0.0000000000
0.1340228766
0.0692528263
0.0004135990
0.0243256595
-0.0000000000
-0.0000000000
0.0159864221
0.0000000000
0.0000000000
0.0000000000
-0.0000000000
0.0008401547
0.0000000060
-0.0016131618
0.0000543468
-0.0000018545
0.0057417117
0.0000000000
0.0000000037
-0.0000000000
-0.0000000201
-0.0000000000
-0.0000000000
-0.0000000000
0.0000000000
0.0000000000
0.0164969731
-0.0000000000
0.0000032770
0.0000000000
-0.0000000000
0.0074838810
-0.0037892670
0.0000000190
0.0012507829
0.0015221365
0.0104101403
0.0031557411
0.0000000000
-0.0000000000
-0.0000000000
0.0035434149
0.0000872308
0.0050384928
-0.0000000000
0.0070670778
0.0000000000
-0.0000000000
0.0000274218
0.0000000000
0.0001403779
0.0000000000
0.1559160203
-0.0000000000
0.0833429918
0.0000000000
0.0001319347
0.0000000000
0.0000000001
0.0860197395
0.0000000000
0.1187118441
0.0000000180
0.0056743287
0.0719054788
0.0000000000
-0.0000000000
0.0356243700
0.0030584321
0.0000088638
-0.0000000000
-0.0098003969
-0.0005574622
0.0088450005
0.0000000000
-0.0000000000
0.0000322179
0.0000000000
0.0000000000
0.0000000000
0.0000000000
-0.0000314222
-0.0000000000
0.0000000000
0.0139133548
0.0000000000
0.0126522230
0.0000000000
-0.0000000000
0.0564550012
0.0001686720
0.0000000000
0.0007321611
-0.0000000000
-0.0000000000
-0.0000000000
0.0000000000
0.0109802252
0.0027509194
0.0000164218
0.0000000000
0.0000001987
0.0000000000
0.0072185914
-0.0000000000
-0.0000000000
0.0000000000
-0.0000000000
0.0056823711
0.0098659750
0.0000000000
0.0033372382
0.0006515520
0.0349903665
-0.0000000000
0.0000000000
0.0000000643
-0.0000000000
0.0150194149
-0.0000000000
0.0000000000
-0.0000000000
0.0000000000
0.0000000000
0.0211905073
-0.0000000000
0.0000000000
-0.0000000000
0.0000000000
0.0004178663
-0.0000000000
-0.0026416758
-0.0000000000
-0.0000000000
0.0000000000
-0.0000000000
0.0000000000
0.0046542399
0.0000000000
0.0160355475
0.0174241941
0.0052052811
0.0000000000
0.0001825875
-0.0000000000
-0.0039484692
0.0000000000
0.0141403517
0.0000000000
-0.0000001131
0.0000000000
-0.0000000004
0.0010582255
0.0095823640
-0.0000000000
0.0000000000
0.0086797671
-0.0000000000
0.0000000000
-0.0000000000
0.0000000000
0.0000000000
0.0000000000
0.0028836587
-0.0007016803
-0.0000000000
0.0334926248
0.0778071657
0.0000000000
0.0000000000
-0.0000000000
-0.0000000000
0.0142911561
0.1346924007
-0.0000000000
-0.0000000000
-0.0000000008
-0.0000000000
0.0774400309
-0.0000000000
0.0314846151
0.0361046679
0.0000000515
0.0000003113
-0.0000000000
0.0677003637
0.0000000010
0.0865081996
0.0000000000
0.0307165533
0.0000000000
-0.0000000000
-0.0000000000
0.0630487949
0.0000090621
0.0011324873
0.0967323184
0.0000050995
0.0047403495
0.0000000000
0.0000000000
-0.0000000000
0.0316283479
0.0086226696
-0.0000007882
-0.0000000000
0.0000000000
-0.0138391815
-0.0046964376
0.0004859938
-0.0000000000
-0.0006647966
0.0000000000
0.0000000000
-0.0007128929
-0.0000000029
-0.0000000005
0.0000000000
0.0000000000
-0.0000000000
0.0000578845
0.0340097062
0.0047875619
0.0000000000
0.0000000000
0.0000000597
-0.0000000000
0.0110972589
0.0000000000
0.0000000000
0.0000000001
0.0097759664
-0.0000000000
-0.0000000000
-0.0000000000
0.0000000000
-0.0000000000
0.0000000000
-0.0000000000
-0.0000361603
-0.0000000000
0.1238507479
0.0000000000
0.0000463171
0.0000010133
-0.0000000000
0.0962618813
0.0000000000
0.0000000000
-0.0000000000
0.2604653537
0.0068385159
-0.0000000000
-0.0000000000
-0.0011716735
0.0000000000
0.0000000000
0.0000000000
-0.0000000000
0.0000092250
0.0154491682
0.0000000000
0.0000000001
0.0204911940
0.0000000000
0.0362199321
0.0000000000
0.0031204000
-0.0000000000
0.0000000000
-0.0000004282
0.0000000000
-0.0000000000
-0.0000000000
-0.0000000000
-0.0010156074
-0.0004861673
0.0000000000
-0.0000000000
0.0000000048
0.0000000000
0.0289491676
-0.0000000000
0.0000000000
0.0000000000
0.0000000000
-0.0000029623
-0.0000000000
0.0000000000
0.0274729170
-0.0000000000
-0.0000000000
0.0088063916
0.0009950121
0.0000000000
-0.0000000000
0.0000000000
0.0000000000
-0.0142464424
0.0039870134
0.0000000069
0.0000000000
0.0135155786
-0.0000000000
0.0000246879
0.0000000002
-0.0000000000
0.0000000000
-0.0000000000
0.0000000008
-0.0000000000
0.0000000000
0.0000299516
-0.0000000000
0.0000000000
0.0091824960
0.0000000729
-0.0000000000
0.0000000000
-0.0001410713
-0.0000000000
-0.0000000000
-0.0000000000
-0.0000000160
-0.0000000000
0.0014652092
0.0000000000
0.0030504169
-0.0000000000
0.0000000000
0.0029928645
0.0009356167
-0.0000000282
0.0000050978
-0.0046971780
0.0031163332
0.0000000000
0.0148773193
-0.0125142066
-0.0001425731
0.0000000000
0.0011541067
0.0025471225
-0.0000000000
-0.0025589787
0.0002952190
0.0027764931
0.0000000000
-0.0001163249
-0.0000000000
-0.0036388794
0.0116011705
-0.0002389060
-0.0000000000
0.0000000000
0.0276654232
-0.0000000000
0.0000000000
0.0596830323
0.0000285227
0.0000000000
-0.0105424980
0.0022970962
0.0000000000
0.0007641648
-0.0000000000
0.0000000000
-0.0108596738
0.0000000000
0.0067301220
0.0000000631
0.0187596101
0.0000000014
0.0000003995
-0.0000000000
-0.0000000000
0.0000022688
-0.0000000000
0.0000000000
0.0000000000
0.0684358031
0.0000000000
0.0034510321
0.0000000066
0.0000033843
0.0001111339
-0.0000000000
0.0204455703
0.0036635504
0.0020199185
0.0000000000
0.0000000000
0.0000010716
-0.0127096185
-0.0000000000
-0.0023670292
0.0000000000
-0.0147104952
-0.0000338315
-0.0000000000
0.0000000000
-0.0000000000
-0.0000014361
-0.0000000000
0.0000000000
0.0000000000
0.0000000000
-0.0002741468
0.0016940320
0.0000000000
-0.0000086923
0.0106153004
-0.0005772695
-0.0067642629
0.0000000000
-0.0000000000
0.0387585051
0.0000000000
0.0076114070
0.0000020680
0.0000000000
0.0184061360
0.0022788602
0.0023155194
-0.0000000000
0.0000000000
0.0000961722
-0.0000000000
-0.0000000000
0.1325445473
0.0067450907
0.0320629887
-0.0000000000
0.1255133301
0.0000009079
-0.0028760419
-0.0124412924
0.0317653120
0.0048256428
-0.0000000000
0.0000000000
-0.0064852512
0.0000000000
-0.0000000000
0.0165813770
-0.0000000000
-0.0000000000
0.0013389877
-0.0000000000
0.0000000001
0.0005619381
0.0000000000
-0.0040102699
-0.0000000000
0.0000000000
-0.0000000163
0.0000163719
-0.0000000000
-0.0000000000
-0.0078874370
-0.0000186102
-0.0000000000
-0.0014239918
-0.0000000953
-0.0068084463
-0.0000000000
0.0000000022
-0.0000581709
0.0002531355
0.0000000000
-0.0000016415
0.0000280023
0.0002141702
0.0000000000
0.0000000000
-0.0000000000
-0.0000000000
0.0000000000
0.0000000000
-0.0000000000
0.0000000000
0.0000000000
-0.0000000000
-0.0013039851
0.0000000000
0.0019564866
0.0000000000
0.0002694515
0.0214361865
0.0000000000
0.0147066358
-0.0000000000
0.0000000000
0.0024006143
0.0000000000
-0.0000000000
0.0153434016
0.0002288784
0.0402327962
0.0161263142
0.0992728099
-0.0000000157
0.0003847948
0.0008964672
-0.0000000000
0.0120878192
0.0142842773
0.0334704369
0.0033477189
0.0000010381
0.0000000000
-0.0000000000
-0.0000000101
0.0366108119
0.0685596466
-0.0025202075
0.0036032684
-0.0000000027
-0.0000000000
-0.0000000000
0.0190555751
-0.0000000000
-0.0000000000
-0.0000000000
-0.0160411019
-0.0039632507
0.0000000000
-0.0000000000
-0.0000000000
0.0566104241
0.0000000000
0.0000820209
0.0000000000
0.0004308090
-0.0000000000
-0.0000000000
-0.0000000000
0.0009890320
-0.0090795718
-0.0000000000
0.0000000561
0.0000000000
0.0006011120
-0.0000000000
-0.0000006927
0.0000000000
-0.0023321442
-0.0000000000
0.0001336454
-0.0000000000
-0.0007203996
-0.0000000000
0.0005505932
0.0002327707
0.0473930575
0.0485551842
0.0593860969
0.0000000000
0.0000000001
0.1725474894
0.0196708422
-0.0000000000
0.0000000000
-0.0000000000
0.0000029657
0.0124379331
0.0000000000
0.0511069335
-0.0000000000
0.0000000000
0.0135866590
0.0227224845
0.0000000000
0.0837255344
-0.0000000000
0.0279531553
0.0000000000
0.0000000000
0.0000000000
0.0031838245
-0.0000000000
-0.0004895639
-0.0002417418
0.0000000000
-0.0004141501
0.0000006997
-0.0000013062
-0.0000000000
0.0000000000
-0.0000000000
-0.0000000000
0.0108359996
0.0000000000
-0.0000000000
0.0055436511
-0.0000000000
0.0000000000
-0.0000000000
0.0000000000
0.0000000000
-0.0000000000
-0.0000000000
-0.0000000000
-0.0000000000
0.0000000000
0.0000000000
0.0000000000
-0.0000000000
0.0000000086
0.0000000000
-0.0000000000
0.0000000000
0.0000000000
0.0136567820
-0.0004106780
0.0029961523
0.0329748280
0.0000000000
0.0000000008
0.0382646695
-0.0000000000
0.0000000000
0.0000000000
0.0068326332
0.0000434827
0.0000000000
-0.0000000000
0.0021427178
0.0082194023
0.0053674490
0.0000173674
0.0368649177
0.0161518212
-0.0034498086
0.0000000000
0.0000000001
0.0000000000
-0.0000000154
0.0000000000
-0.0000000000
0.0066773188
0.0000000000
0.0000000000
-0.0000000000
0.0000000000
0.0000000000
0.0000000000
-0.0000000000
0.0000000000
-0.0000001265
0.0000362995
-0.0000000000
-0.0000000000
0.0000000000
0.0000000000
0.0000065879
-0.0000000000
0.0000000000
-0.0000000000
-0.0000000002
0.0003392585
-0.0000000000
0.0000000000
-0.0000000000
-0.0066549955
0.0226261951
-0.0015677456
0.0000000016
0.0000000000
-0.0000000000
0.0000000001
-0.0014932627
0.0129943229
0.0000000000
0.0000000642
0.0000000040
-0.0000000000
0.0000000046
0.0000004806
0.0031136665
-0.0000000000
0.0000064938
0.1319799125
0.0000000000
0.0026773717
0.0358860083
-0.0000000000
0.0007797612
0.0000000000
-0.0012214693
0.0000000000
0.0007755430
0.0559872352
-0.0000000000
0.0000065034
0.0000000000
0.0503099896
0.0000000000
-0.0000000139
0.0000000000
0.0017742910
0.0000000000
0.0000000000
0.0364978723
0.0000000000
0.0000000000
-0.0026856512
0.0000405832
0.0046343491
-0.0000000027
0.0000000207
0.0000000000
-0.0000058152
-0.0111053530
-0.0000000000
0.0007865260
-0.0000000406
0.0000000000
0.0000000000
-0.0000747983
0.0107940417
-0.0000120010
0.0000292165
-0.0000000000
-0.0000000000
-0.0000000000
0.0003187601
-0.0000001974
0.0000000000
0.0023681980
0.0022304254
-0.0000000000
0.0002953201
-0.0000000000
0.0099776601
0.0000000004
0.0000000001
0.0000107633
0.0000000000
0.0000000000
0.0000000000
-0.0000114414
0.0000000791
0.0016450280
0.0060057039
0.0001215377
0.0003670111
0.0000000000
0.0012757569
0.0000000000
0.0000195226
0.0006472672
0.0000002444
-0.0000000000
0.0000708924
0.0000000000
-0.0000000000
-0.0000000049
0.0000000000
0.0639534593
-0.0000000000
-0.0000000000
0.0000000003
0.0000000000
-0.0000000000
0.0000029202
-0.0009437744
0.0000000000
-0.0000000000
0.0000000000
-0.0000000000
0.0000000000
-0.0000000000
0.0000000000
-0.0032954935
-0.0000000000
-0.0000000000
0.0000000000
0.0000000000
-0.0000000000
-0.0000000000
-0.0000117843
0.0002132522
0.0000000000
0.0000000000
0.0019679952
0.0113900257
0.0513420776
-0.0000000000
-0.0000000000
-0.0040448299
0.0023296294
-0.0000086870
-0.0000000927
-0.0001982893
-0.0007871907
-0.0022344310
0.0000000000
-0.0000000000
-0.0000000000
0.0000000000
0.0000000000
0.0000000000
-0.0000000000
-0.0265445057
0.0000000000
0.0000000000
0.0055366247
0.0000000000
0.0000000000
0.0000000005
-0.0000000000
0.0001955154
-0.0000000000
0.0000000000
-0.0000000000
0.0132573079
-0.0000000000
0.0000000000
-0.0000000000
0.0104064783
-0.0000000000
0.0012829428
0.0000000000
0.0000000000
-0.0000000000
-0.0000025067
0.0000000435
0.0000000001
-0.0000390925
-0.0000000000
0.0002309176
-0.0000000000
0.1015206873
0.0050233305
0.0114900507
0.0000000000
0.0000000134
-0.0000000000
0.0000000000
-0.0000000000
-0.0032716144
0.0000000000
0.0000000000
0.0006093046
-0.0000000729
-0.0000000000
-0.0000239209
-0.0000000000
0.0002449966
0.0000000000
-0.0000000000
-0.0000000000
-0.0025351108
0.0000000001
-0.0000000000
0.0000004164
-0.0000000000
-0.0000000000
-0.0111591490
-0.0000000061
-0.0000000000
-0.0000000000
-0.0000000000
-0.0000000000
0.0000000000
-0.0028968721
0.0003792080
-0.0000000000
-0.0000000000
0.0000000001
-0.0000000000
0.0012411136
-0.0000000000
0.0000000000
-0.0000000000
0.0000000008
0.0012926373
-0.0000000000
-0.0000000000
0.0000000000
0.0000000000
0.0173708815
0.0000000000
-0.0000000000
0.0000590734
-0.0007454810
-0.0000096099
0.0008427924
0.0678013712
0.0000000000
0.0000057684
-0.0000000000
0.0000000000
-0.0000000000
0.0195565447
-0.0094457809
-0.0000110590
-0.0000000000
-0.0000133310
-0.0000000000
0.0269745104
0.0000000000
0.0000000000
-0.0000000000
0.0000000000
0.0000012249
-0.0000000000
-0.0000000000
0.0000000000
-0.0000000000
0.0000000000
-0.0000000000
-0.0004989472
0.0000003030
-0.0000000000
0.0000000000
-0.0052616987
-0.0000031173
0.0034803767
0.0007495020
-0.0053036101
-0.0000009473
-0.0150803151
0.0000000036
-0.0022009495
0.0000000000
0.0000000000
-0.0000000000
-0.0030970392
0.0051227175
-0.0008148190
-0.0000000000
-0.0000000000
0.0000348078
-0.0000000000
-0.0000000455
-0.0000000000
0.0834260508
0.0000000609
0.0090859206
-0.0000906612
0.0057459800
0.0000241107
0.0000467687
0.0000625858
0.0000000002
0.0009865371
-0.0000000000
0.0000001513
0.0000000000
0.0000000000
0.0000000000
-0.0030297367
-0.0000000072
0.0000000000
0.0324404947
0.0000047496
0.0000000000
0.0000707582
-0.0000000000
-0.0041327085
0.0000000000
-0.0000000008
-0.0000000000
-0.0096834740
-0.0000000000
0.0000000000
-0.0003854030
-0.0000000000
0.0027622755
0.0019161847
0.0000000000
0.0000000000
-0.0006462614
0.0000000000
0.0000000000
-0.0000000000
0.1175146326
-0.0000000000
0.0000000000
-0.0009814167
0.0000000000
0.0000000000
-0.0000000000
-0.0000000000
-0.0000008438
0.0025200280
0.0031498622
0.0000000000
0.0000000000
-0.0000094535
-0.0000000314
-0.0000000000
0.0000000093
-0.0000000000
0.0000000001
0.0000000000
0.0000000000
-0.0000000000
0.0000000000
0.0000000000
0.0000000000
0.0000000000
0.0000716102
-0.0023794689
-0.0000000000
0.0178752672
0.0000000000
0.0000000000
-0.0000000000
-0.0000977219
-0.0000000000
0.0540937632
-0.0000000000
0.0000306437
-0.0000000924
0.0000000000
0.0028881303
-0.0000000000
0.0000000000
0.0000000007
-0.0000000000
-0.0000000000
0.0015837628
-0.0000000000
0.0000000000
-0.0000000000
0.0000000000
0.0000000000
-0.0000000039
-0.0000000000
0.0014487633
-0.0000000000
-0.0000000000
0.0016576323
-0.0000000000
-0.0000000000
-0.0009009221
0.0008558651
0.0000000000
0.0000000000
0.0000000192
0.0003843349
0.0000000000
-0.0000000000
0.0100974282
0.0000055289
-0.0000000000
-0.0000000000
-0.0000000000
0.0150746303
-0.0001741639
0.0000000000
0.0006782452
-0.0000000000
0.0000000000
0.0000000000
0.0170091186
0.0000249763
-0.0000000000
0.0090297200
-0.0000000000
0.0000000000
-0.0000000000
-0.0003830105
-0.0000000000
0.0000000000
0.0000000000
0.0652187616
-0.0000000000
-0.0000000000
-0.0000000000
0.0246071611
0.0157933794
0.0000000000
-0.0000000000
0.0579415299
-0.0000000000
0.0544870049
-0.0000000000
0.0000000049
0.0000001397
0.0000000000
0.0079743704
0.0000271204
0.0070457654
-0.0000403366
0.0012792168
-0.0002523059
0.0077519692
0.0007610040
0.0024213567
-0.0000000000
-0.0000000000
0.0001106873
0.0000000000
0.0000000000
-0.0000000000
-0.0000000021
-0.0066599525
0.0508532710
0.0000000000
-0.0000101911
-0.0000003779
-0.0026984848
-0.0000000000
0.0000040070
0.0000000149
0.0000624366
-0.0000000458
0.0000000000
-0.0000295352
-0.0000199883
0.0000000000
0.0000071536
-0.0000000000
0.0000000000
-0.0002626640
-0.0000000000
-0.0000000081
0.0000000000
-0.0001015327
0.0083185202
-0.0054842578
0.0000000000
-0.0000000000
0.0075697303
0.0000000000
0.0000000019
0.0017643623
0.0000346597
0.0000000000
0.0501736961
-0.0075926692
0.0000000001
0.0105309132
0.0005420062
0.0000015123
-0.0000000000
-0.0000000000
-0.0000148199
0.0000000000
0.0000000000
0.0080348859
0.0000000000
0.0047229258
0.0000000000
0.0000456902
0.0000133391
0.0145849539
-0.0000000000
-0.0000000000
0.0000000000
0.0000000000
-0.0000000000
-0.0000000000
-0.0000000000
-0.0000000213
0.0142041454
-0.0000000000
-0.0000000000
0.0000000205
0.0000000000
-0.0000000000
0.0000000000
-0.0000000000
0.0157276746
0.0000000000
-0.0000000000
-0.0009823730
0.0000000000
0.0000000000
0.0039771139
0.0120536750
0.0069661937
0.0000138410
0.0189757962
-0.0000000000
0.0553659834
0.0000000000
-0.0007032353
-0.0028295731
-0.0149457175
0.0000000000
-0.0166552924
-0.0060217655
0.0000000001
-0.0019586973
0.0000000000
0.0000000000
0.0011248576
0.0000000000
0.0001805141
0.0002128390
0.0020022993
-0.0025065886
0.0000000000
0.0000000000
0.0005798845
-0.0000000000
0.0000000000
-0.0000000000
-0.0000000000
0.0000071021
-0.0000000000
0.0000000000
0.0000000000
-0.0000000671
0.0002132130
-0.0000000423
0.0118675595
0.0000000000
0.0000000000
-0.0001787934
0.0009181173
0.0000000025
-0.0000000000
0.0000023516
-0.0000000000
-0.0000000000
0.0139798541
0.0000000000
0.0475328118
0.0062937932
-0.0019639789
-0.0020786482
-0.0000000000
-0.0000000000
0.0000000000
-0.0000553623
0.0197852682
-0.0000000000
0.0000000000
0.0000000000
0.0009954461
0.0000000000
0.0048174253
0.0000000000
0.0000000000
-0.0000000000
0.0000000000
0.0007883880
-0.0000000000
-0.0000000000
-0.0043923445
0.0000000000
-0.0000004334
0.0000000000
-0.0000000000
0.0000000000
-0.0000000000
-0.0000000000
0.0000016507
-0.0000000000
-0.0000000000
0.0000000000
-0.0000000000
0.0048468229
0.0057834643
0.0000000000
0.0000000000
-0.0000000000
-0.0001324385
0.0000000000
-0.0082588904
-0.0054858509
-0.0000000000
0.0000000000
0.0000000000
-0.0009234402
0.0000485036
-0.0000000000
-0.0000259646
-0.0000000000
0.0111460704
-0.0000000000
0.0000646329
0.0144771645
0.0000000000
0.0001690391
-0.0023634934
-0.0000000000
-0.0000329900
0.0060057207
-0.0000000007
-0.0014959378
-0.0000000000
-0.0000000000
-0.0000000000
-0.0074191974
-0.0036284779
0.0000000028
-0.0000000000
-0.0036431940
-0.0000000000
0.0115621742
-0.0000000000
-0.0000002957
-0.0000000000
0.0000001027
-0.0000655773
-0.0000000000
0.0000000000
-0.0000000000
0.0000000000
-0.0000000000
0.0522044674
0.0068315673
-0.0000000000
0.0000000000
0.0000000000
-0.0000002965
0.0088217836
0.0000000000
-0.0000000000
-0.0000000000
0.0011549918
0.0038720835
-0.0000000000
0.0000000000
-0.0000000058
0.0000000000
0.0000000000
-0.0000000000
-0.0000000001
0.0000000000
-0.0000000000
-0.0000000000
0.0000000000
0.0000000000
-0.0000000000
0.0000000000
-0.0000000000
0.0020464587
-0.0000000000
-0.0000039534
0.0000000000
-0.0000000003
-0.0000000000
0.0000009852
0.0000000000
-0.0000000000
0.0471352041
0.0000000000
0.0000000000
0.0075550531
0.0185776968
-0.0001381630
0.0120099755
0.0000000000
0.0000000000
0.0000000001
-0.0000000000
-0.0000000001
-0.0000000000
0.0000000000
-0.0000000000
0.0203510989
0.0375177078
0.0494028591
0.0000000000
