-0.0000000000
-0.0000000000
-0.0000000000
-0.0000000000
-0.0010704232
-0.0002467172
0.0000000000
0.0000000000
0.0000000000
-0.0000000000
0.0018207097
-0.0000000000
0.0005958262
-0.0000000000
0.0000000431
-0.0000000000
0.0000000000
0.0000000000
-0.0000000000
0.0055956314
-0.0000000000
0.0001313774
0.0000000373
0.0000000000
-0.0000000000
0.0000000000
-0.0000000000
0.0000000000
0.0000000000
0.0504992642
-0.0000000165
-0.0016951706
-0.0000000000
0.0000000000
-0.0002810464
0.0000507670
-0.0000000000
0.0000000002
-0.0003658648
0.0028342528
-0.0000000452
-0.0000000929
0.0031998300
0.0002174900
-0.0000000000
-0.0050237174
0.0000000000
-0.0013069619
-0.0000212513
-0.0000000000
-0.0000000000
0.0000628913
-0.0000000000
-0.0000000000
-0.0000342277
0.0000000000
-0.0000000000
0.0028854315
-0.0000000000
-0.0000000000
-0.0000130276
-0.0000000000
0.0309787001
-0.0000000000
0.0000000000
0.0000000000
-0.0047311205
-0.0001973914
0.0000000000
0.0009762665
-0.0010886448
-0.0000000000
-0.0000000000
-0.0004660590
0.0067330794
-0.0000000000
-0.0000000000
-0.0000000610
-0.0000000000
0.0000000000
-0.0000000000
0.0649461672
-0.0000000000
-0.0000000000
0.0000000000
-0.0000000005
0.0000000267
-0.0000000000
0.0000096222
-0.0037968215
0.0000000033
0.0000000002
-0.0002231565
-0.0000000000
0.0322959498
0.0000000000
-0.0000169720
0.0021019555
0.0310085509
0.0000000000
0.0000678541
-0.0000000000
-0.0000000055
-0.0096510286
-0.0000000000
-0.0000000000
0.0000000000
0.0000000000
-0.0000511126
-0.0000000000
0.0567341000
0.0000000000
-0.0000000000
-0.0000000000
-0.0000000000
0.0000000000
-0.0000000000
0.0037811077
-0.0000301045
0.0028724002
0.0002668550
-0.0005178779
0.0004047205
0.0000000000
-0.0000000000
0.0000000000
0.0000000000
0.0000000000
-0.0000000000
-0.0000000000
0.0031759196
0.0012490678
-0.0000000000
0.0000007326
0.0476025790
0.0000000000
0.0003625709
-0.0000000000
0.0000000000
0.0447033979
-0.0000000000
0.0000000000
-0.0000000000
-0.0001069011
-0.0000000000
-0.0000000000
0.0000000000
-0.0000000000
0.0019786425
0.0000000000
0.0000000000
-0.0002012920
0.0000000000
0.0000000000
-0.0000013757
-0.0000000000
-0.0001673359
0.0000000000
0.0000000000
-0.0000000000
-0.0000000000
-0.0013281016
-0.0000000106
-0.0000066345
-0.0000120616
0.0000961945
-0.0098715918
-0.0001712844
-0.0082333200
-0.0004985466
0.0000000000
-0.0000000000
0.0000000000
0.0000139857
0.0000005700
0.0000000000
-0.0035263030
0.0000000000
-0.0075465105
0.0097449152
0.0000011628
-0.0006479560
0.0000001985
-0.0000000000
0.0000000000
-0.0000000006
-0.0000010295
0.0001314189
0.0128268097
0.0109695038
0.0000000000
0.0000000000
-0.0000000000
-0.0000000000
-0.0000000000
-0.0000000000
0.0000012477
-0.0000000000
-0.0020535165
-0.0038678437
0.0000000000
0.0000000000
-0.0000000000
0.0000000000
-0.0000000000
-0.0000000000
0.0001435984
0.0000000000
0.0000000000
-0.0000345135
-0.0000334500
-0.0000000014
0.0090328064
0.0010332245
0.0001922976
0.0000000073
0.0100252740
0.0000000000
-0.0000000000
-0.0000000000
-0.0000000000
-0.0000000000
-0.0000000000
-0.0000000000
0.0000000000
0.0000000000
-0.0000000000
0.0090069789
0.0061203530
-0.0122798551
0.0000000005
-0.0000072242
-0.0000000000
0.0000009241
-0.0039029156
-0.0000000000
-0.0002459775
-0.0000000000
0.0000364913
-0.0000000000
-0.0000000981
-0.0000000000
0.0027352169
0.0000000000
-0.0000000000
-0.0000000000
0.0000000000
0.0000875595
0.0000000000
0.0000000000
-0.0000000000
-0.0000633355
0.0000000000
0.0538484715
-0.0000220250
0.0000000000
0.0196340922
-0.0000000000
0.0000000000
-0.0000000000
-0.0000000000
0.0294721369
0.0000000000
0.0000000599
-0.0000000000
-0.0005013445
-0.0000000000
0.0000492788
0.0000021351
-0.0000000000
0.0000000000
-0.0000000000
-0.0000000000
0.0000002471
0.0000128691
-0.0000000000
0.0000000000
0.0000000065
0.0000000000
0.0424771272
0.0000082233
0.0000000000
-0.0000179558
0.0026175438
-0.0000000000
0.0359868594
-0.0000122531
-0.0000000000
0.0000052003
-0.0004575993
-0.0000000000
-0.0000000000
0.0036798597
-0.0000006424
0.0097021936
-0.0000005958
0.0000000000
-0.0007975081
-0.0014903933
0.0023361247
-0.0032623669
-0.0000000000
-0.0002490616
-0.0000000000
-0.0000000000
0.0000000000
-0.0000000000
-0.0000000000
0.0061102048
0.0000000000
-0.0000004217
0.0334332995
-0.0004265550
0.0000245497
0.0000000000
0.0000000000
-0.0033160211
-0.0000000000
-0.0000000000
0.0000000000
0.0520244204
-0.0000000000
0.0058027948
0.0000000000
-0.0000391788
0.0032162904
0.0000000000
0.0000000000
-0.0000000000
0.0000000780
0.0000000000
0.0022065274
-0.0000000000
0.0000510929
0.0000000000
-0.0000000000
-0.0070990361
-0.0000172132
-0.0000000000
-0.0000008895
-0.0000000000
-0.0000000000
0.0002892703
0.0000000000
0.0000000000
-0.0000015888
0.0000074369
-0.0000000000
0.0000000000
0.0575161353
0.0000587799
-0.0000000000
0.0000000000
0.0002134323
0.0167723987
0.0000344295
-0.0032258404
-0.0000296610
0.0000000000
-0.0000000000
0.0117195733
-0.0000000000
-0.0000000003
-0.0000000000
-0.0000000000
-0.0004887920
0.0096602803
0.0000000000
0.0000000000
-0.0000000000
-0.0000000000
-0.0000000000
-0.0000000000
0.0000013915
0.0000000000
0.0009104652
0.0331244506
0.0000000000
0.0037362941
0.0000000000
0.0000000000
0.0000000000
0.0000000000
0.0000000000
0.0000000000
0.0005778727
0.0000000000
0.0000000000
-0.0000000000
-0.0000000000
-0.0000000000
0.0000000000
0.0031146456
-0.0000000000
0.0000000000
0.0347425714
0.0000000000
0.0077749644
-0.0000001914
0.0000000000
-0.0000000000
0.0000000000
0.0000000000
-0.0000000000
0.0000000000
-0.0000000000
-0.0000000000
0.0009800823
-0.0000000000
0.0000000000
-0.0000000000
0.0000000000
0.0000000000
0.0000000000
-0.0000000000
0.0041676140
-0.0000000000
0.0000000000
0.0175195429
0.0000190951
0.0137193585
0.0000000000
0.0000000010
0.0092686778
0.0436140522
0.0000000000
0.0000197749
-0.0000000000
0.0012159817
-0.0000000000
-0.0000000000
0.0028529596
-0.0097318282
0.0000000000
-0.0047645178
-0.0071048066
0.0014599898
0.0086581856
0.0009836245
0.0133923721
0.0008038451
0.0000000000
0.0000000000
-0.0000000000
0.0002072858
-0.0016505624
-0.0000000000
0.0502369739
-0.0000000000
0.0152856736
-0.0000000000
0.0389920101
-0.0000000000
-0.0000736284
-0.0000000000
0.0000000000
0.0000028795
-0.0000000000
0.0000000000
-0.0000000000
-0.0000000000
-0.0000000000
-0.0000000000
0.0006143298
0.0000000000
0.0000003356
0.0000000000
0.0000009101
0.0255433656
0.0000000000
0.0000002808
-0.0000000000
0.0000000000
-0.0000000000
0.0218984801
0.0262669642
0.0058605536
-0.0000000000
0.0000000000
-0.0000000000
-0.0000000000
-0.0000000000
0.0000005574
0.0416827351
-0.0000000000
0.0268561430
0.0254568793
-0.0000000000
0.0651529133
-0.0000000000
-0.0000000000
-0.0000000000
0.0000000000
-0.0000232037
-0.0000011330
-0.0000000000
0.0000000000
0.0001459788
0.0000000000
-0.0000407904
0.0000000571
-0.0000000000
-0.0000000000
-0.0000000000
-0.0000000000
0.0000000000
-0.0000000000
0.0000385178
0.0000002037
0.0000000000
-0.0000000000
-0.0018053713
0.0000000000
-0.0000000007
0.0010672521
0.0000000000
-0.0000000000
-0.0000000000
0.0000484997
-0.0002314196
0.0000000000
0.0000112307
0.0000000000
-0.0000000000
0.0002011609
-0.0000000000
-0.0000000000
0.0000000000
-0.0000000000
-0.0000000000
0.0064290566
0.0001304692
0.0113382041
0.0040923860
-0.0000000000
-0.0002617587
0.0070760623
-0.0000000028
-0.0000163427
-0.0060123163
0.0006609326
-0.0000000020
-0.0000000000
0.0000000000
-0.0000000000
0.0024899768
0.0000000000
-0.0000000000
0.0013859953
0.0000000000
0.0000000000
0.0000000000
0.0000001066
0.0000000000
0.0025800501
0.0000000307
0.0000000000
-0.0000000000
0.0219087135
0.0000000006
-0.0000000000
-0.0000000000
0.0000000000
-0.0000000000
0.0000000000
-0.0000000000
-0.0000000000
0.0195174515
0.0097002238
0.0000000000
-0.0000000483
-0.0000000000
0.0000000000
0.0167932007
-0.0000000000
-0.0000000000
-0.0000000000
-0.0000000000
0.0026276193
0.0000000000
0.0000000000
-0.0000000000
-0.0000000218
-0.0000000000
-0.0000934674
-0.0000000000
0.0003170881
-0.0061773462
-0.0000000000
0.0099857999
0.0160023943
-0.0000000000
-0.0000346926
0.0028354800
0.0000000000
0.0336524099
0.0000107525
0.0000000000
-0.0000021060
-0.0001351306
-0.0000000000
-0.0000000000
-0.0000000000
0.0006197098
0.0000000000
-0.0000000000
0.0011952077
0.0530838743
-0.0000000000
0.0069340649
0.0000000003
-0.0000000000
0.0000000000
-0.0000000000
-0.0018458564
0.0003488490
0.0169668607
-0.0000053454
-0.0000000000
0.0074980515
-0.0000000000
0.0070784050
-0.0000000000
0.0000000000
-0.0000000000
0.0000000000
-0.0000000000
0.0000000000
-0.0000000529
-0.0000000000
0.0000363907
0.0000000000
0.0000000000
-0.0000138636
0.0002796816
-0.0000002702
0.0000000904
0.0000000000
-0.0000000000
0.0553487577
0.0000000000
-0.0000000000
-0.0000000000
0.0003428946
-0.0000000000
0.0000000000
0.0000000000
-0.0042441683
-0.0000000000
0.0000000057
0.0048056683
-0.0000577709
-0.0000000000
-0.0000000000
0.0000000000
-0.0000000000
0.0356295221
0.0228745118
0.0000000000
0.0262164511
0.0074115386
0.0000000000
0.0340582095
0.0000000000
0.0000000000
0.0000000004
0.0000000000
0.0003668724
0.0902401209
-0.0000000000
0.0000000000
0.1311074495
0.0000000000
0.0000032729
0.0024241190
0.0000000000
0.0531546101
0.0005179814
0.0387961417
0.0000028398
0.0000000000
0.0000000000
0.0000000000
-0.0000000000
0.0000000000
0.0000000000
-0.0038179576
0.0056444597
-0.0000000000
-0.0000000000
0.0015503824
-0.0000000000
0.0000036783
0.0000000000
-0.0000000000
0.0000000000
-0.0000155573
-0.0000000000
0.0000000000
0.0000000000
0.0000000000
-0.0000000000
-0.0006641147
0.0000000000
-0.0000057008
0.0000000000
-0.0000000000
0.0000000000
0.0007206946
0.0000001870
-0.0022396166
0.0000015792
-0.0000000000
0.0000000000
0.0013393050
0.0000000000
-0.0007806360
-0.0061735529
-0.0000000000
0.0000000023
0.0000000001
0.0000000000
-0.0003691972
0.0016685694
-0.0000000000
0.0022784579
0.0006004444
0.0000000000
0.0000000000
0.0191591606
0.0000000000
-0.0000000000
0.0000000000
0.0000000001
0.0422890782
0.0387289524
0.0000000000
0.0000002083
0.0000000000
0.0000000000
-0.0000000000
0.0265021976
0.0000000000
0.0000000000
0.0096009159
0.0000000000
-0.0000000000
-0.0000000000
-0.0000777596
-0.0000000000
0.0000000000
0.0000000000
0.0000000000
0.0001230148
0.0181078073
-0.0065649161
0.0000000000
0.0149231208
0.0000000000
0.0000000000
-0.0000000000
0.0000000000
0.0000000000
-0.0000000000
-0.0000000000
0.0000033010
-0.0000002673
-0.0000000000
-0.0000000000
0.0000000000
0.0000000000
0.0023644664
0.0000000000
0.0000000000
0.0319049805
-0.0000006358
0.0000000000
0.0001159348
0.0000000000
-0.0000000000
-0.0021692556
-0.0000000000
-0.0096959118
-0.0000000000
-0.0000000001
0.0000001347
0.0000000000
0.0577190034
0.0000000000
-0.0000000000
0.0000000000
0.0114789996
0.0000003028
-0.0000000000
0.0000000000
-0.0000000000
0.0000000000
0.0043037520
0.0000000000
0.0000000000
0.0395157710
0.0000000000
0.0000000000
0.0176965352
0.0054624751
-0.0002733110
0.0000000000
0.0000000000
-0.0042280024
-0.0000000000
0.0000000000
0.0000000000
0.0000000055
-0.0000000000
-0.0022262260
-0.0000000000
0.0000000000
-0.0000420396
-0.0000000000
0.0000000000
-0.0005802132
0.0004311865
0.0392298028
-0.0000000000
0.0000203045
0.0000006057
-0.0003932691
-0.0004597699
0.0000816821
0.0000000000
0.0000000000
-0.0000000000
0.0000000000
-0.0000000000
0.0000000000
-0.0000254499
0.0000000000
0.0000000000
-0.0000000000
-0.0000000000
0.0000000000
-0.0000000000
-0.0000000000
-0.0000000085
0.0000320829
0.0000000000
0.0000000000
-0.0001216195
0.0000000000
-0.0000000000
0.0000000000
-0.0004863370
-0.0000000000
-0.0000000000
0.0503602475
0.0620986484
0.0000000000
0.0000000000
0.0000000135
0.0000000000
0.0001264582
-0.0000000000
0.0000000000
-0.0000000002
0.0000000000
-0.0055776369
-0.0000000000
0.0053156833
-0.0000000000
-0.0000000000
0.0000000000
-0.0000000000
0.0000000000
0.0000050905
-0.0000000000
0.0000000000
0.0000000000
0.0080460189
0.0000000000
0.0000000000
0.0000000000
0.0000000000
0.0000000000
-0.0000000000
0.0000000002
0.0000000000
-0.0021443760
-0.0000000098
0.0000000000
0.0000000000
0.0099227512
-0.0000180953
-0.0000000000
0.0000000000
0.0000000000
-0.0000530140
-0.0000000000
0.0015227904
0.0000000001
-0.0000000000
0.0000000000
-0.0000000000
-0.0028958207
0.0001770986
0.0024090873
0.0000316750
0.0100034354
0.0019668988
0.0000122782
0.0000000000
-0.0000000000
-0.0000003124
0.0000000000
-0.0000000000
0.0000000000
-0.0000000000
-0.0042258496
0.0000000000
0.0000000000
-0.0000000000
0.0000000000
0.0000000000
-0.0000000000
0.0000000000
0.0003661937
0.0622873008
0.0827594995
0.0000000000
-0.0000175994
-0.0025288092
-0.0000000000
0.0001451234
0.0513347797
0.0128302332
0.0000000000
0.0000000000
0.0000000000
0.0000000000
0.0005016294
0.0000117320
0.0000000000
-0.0000017729
0.0000000000
0.0000000000
-0.0015286156
-0.0093061393
-0.0000000000
0.0000127892
-0.0024040544
-0.0058862367
0.0000000000
-0.0000000000
-0.0042401711
-0.0000000000
0.0077357749
0.0000000002
0.0010909523
-0.0000000000
-0.0000000000
-0.0000000000
-0.0000081608
-0.0000000526
-0.0000000000
-0.0000003282
-0.0005191083
-0.0000000000
0.0002088889
-0.0000000000
0.0063184528
-0.0025490110
0.0000000000
0.0000000000
-0.0104084844
0.0000000000
0.0036651397
-0.0000000000
0.0596836023
0.0000000000
-0.0000028948
0.0000009280
0.0000000000
-0.0000000000
-0.0039839977
0.0089693507
0.0461822636
0.0000000000
0.0000000000
0.0013935416
-0.0000000000
-0.0040103011
0.0000000003
0.0017277417
-0.0000000000
-0.0000000000
0.0000000000
0.0753142312
-0.0189619679
0.0000000000
0.0000000000
-0.0016201533
0.0000000000
-0.0000000000
-0.0000000000
0.0091637587
0.0000003790
0.0000000001
-0.0000000000
0.0000045955
0.0023716961
-0.0000000000
0.0000000201
0.0000000000
-0.0000000000
-0.0000000000
-0.0000000000
0.0000000000
0.0000000000
0.0000000000
-0.0000000000
0.0031172361
-0.0084921187
0.0000000000
-0.0015822672
-0.0000002061
-0.0000000000
-0.0009542134
-0.0044380934
-0.0001540678
-0.0000000000
0.0000000000
0.0000000000
0.0000000082
0.0000000000
0.0000000000
-0.0000000000
-0.0000000000
-0.0000000000
-0.0014097460
-0.0062274574
-0.0007929667
0.0000000795
0.0659543276
0.0000000002
-0.0050126216
0.0170909148
-0.0000000000
0.0000000000
0.0000000000
-0.0000000001
-0.0000000000
-0.0000161790
0.0000000000
0.0000014259
0.0118745686
0.0182690248
0.0051404475
-0.0000000000
0.0000000000
-0.0000113557
0.0000000000
0.0000000000
0.0000000000
0.0000000000
0.0000000000
0.0000026063
-0.0000000101
-0.0000000000
0.0098759839
0.0000000000
0.0000000000
-0.0000000000
0.0000000000
0.0000000000
-0.0000000000
-0.0000000000
0.0000000000
0.0000000000
-0.0004831844
0.0000000000
-0.0000000000
-0.0000000000
0.0000000000
0.0000000000
-0.0000000000
-0.0000000000
-0.0000000000
-0.0000000000
-0.0000000000
-0.0000000000
-0.0000000000
-0.0000000970
-0.0000000076
0.0000000000
-0.0000000000
0.0000000000
-0.0028522019
0.0000000000
0.0028060460
-0.0000000000
-0.0000000000
0.0000000000
-0.0000326775
-0.0000000000
-0.0000000000
-0.0000000000
0.0000000000
0.0000000000
-0.0000000000
-0.0000000000
-0.0000000000
0.0000236951
-0.0007635136
0.0000000000
0.0000000000
0.0056820437
-0.0000000000
0.0169797540
0.0316435210
0.3316447139
-0.0000000000
0.1167888045
0.0000000000
-0.0000000000
-0.0000000002
0.0000000000
0.0000004509
-0.0000000000
0.0000000000
-0.0000000000
0.0000000000
-0.0000715265
0.0410157181
-0.0002813715
-0.0000000000
-0.0064232112
-0.0058076922
-0.0000206417
0.0000000000
0.0000000053
0.0000000007
0.0000000000
-0.0000000000
-0.0185625106
-0.0000000000
-0.0000000000
-0.0000000000
-0.0000000000
0.0000308351
0.0000000000
0.0000000000
-0.0000000000
-0.0106556928
0.0159262884
-0.0000000000
-0.0000000000
0.0000000000
-0.0034113529
-0.0000000000
-0.0000000000
0.0004184521
-0.0000000000
0.0000000000
0.0000096072
-0.0000780044
-0.0044702278
0.0001803918
0.0000000000
0.0000000000
0.0000889875
-0.0000000000
0.0000060003
0.0000000000
-0.0000000000
0.0000000000
0.0000000199
0.0000000211
0.0000000000
-0.0000000000
-0.0000000000
0.0116021028
0.0022448211
0.0000000012
0.0000001056
0.0000000004
-0.0000000000
0.0393967517
0.0000775735
0.0000000000
0.0015653527
0.0004913277
-0.0000000000
0.0000010571
0.0297223981
0.0022039737
-0.0000000117
-0.0046197604
-0.0000000000
0.0000000000
-0.0000000126
0.0002426234
-0.0000000000
-0.0024388444
-0.0098558953
-0.0000071246
0.0007948133
-0.0003641304
0.0000000000
-0.0000000869
-0.0046274140
-0.0066631706
-0.0000000000
-0.0000000000
-0.0000008027
0.0000000000
0.0000000000
0.0000925601
0.0000156145
0.0427927412
-0.0000000000
-0.0000000000
0.0000000000
0.0000000000
-0.0000000000
0.0033640584
0.0032560481
0.0007391753
0.0075530312
0.0000000000
-0.0000000000
-0.0000000000
0.0008612261
0.0000329459
-0.0000000000
0.0000000000
0.0161855612
0.0016209335
0.0000000000
-0.0000000000
-0.0000000000
-0.0000000000
0.0010818378
-0.0000000000
0.0000000000
0.0000000000
0.0000000000
0.0556775779
-0.0000000000
0.0000000000
-0.0000000000
0.0020336942
0.0541053414
-0.0000000000
-0.0000000000
0.0278698113
-0.0000000000
-0.0000034012
0.0000000000
-0.0000000000
-0.0000000000
-0.0000000000
-0.0000000000
-0.0000000000
-0.0000000000
-0.0000000000
-0.0080715986
0.0000000000
0.0000000000
0.0000000000
-0.0015687580
-0.0000730996
0.0000000000
0.0109899091
-0.0000000036
0.0000000000
-0.0000000000
0.0000000000
0.0000000000
-0.0000000000
0.0000000000
0.0000000000
-0.0000000000
0.0000000000
0.0000000000
0.0000000000
-0.0000000000
-0.0000000000
0.0000000000
0.0000000000
0.0000000000
-0.0164319687
-0.0000000000
-0.0000000000
-0.0000000000
0.0000000000
0.1480633467
-0.0000000000
-0.0000000000
-0.0000000000
0.0011156063
0.0873904377
0.0000000000
0.0088287806
-0.0000000000
0.0000000000
0.0293302648
0.0000000000
0.0000000000
-0.0000000000
-0.0000000000
0.0000000000
0.2053150684
0.0000000000
-0.0000000000
0.0000000000
0.0747446939
0.0011869341
0.0000000000
0.0000000000
0.0000000000
0.0000000000
0.0000000000
0.0003564068
0.0000000000
-0.0000000025
0.0000000000
0.0000000000
-0.0000000000
0.0000000000
-0.0000000000
0.0000152603
-0.0000000000
-0.0000000000
0.0000000000
0.0000000000
-0.0000000000
0.0000000000
0.0000000000
-0.0032948873
-0.0000000000
0.0000006422
0.0001452775
-0.0000000000
-0.0000000000
0.0000000000
-0.0000000000
0.0130417775
0.0000005313
-0.0000000000
0.0000000000
-0.0000292939
-0.0000000000
-0.0000000000
0.0000000000
-0.0000000000
-0.0002877472
-0.0000000000
0.0000000000
0.0071891830
0.0008711047
0.0004863380
-0.0000049433
0.0528032780
-0.0000000000
0.0000000000
0.0067473799
-0.0000000000
0.0000000000
0.0000000000
0.0000000000
0.0000000000
0.0000000000
0.0000000000
-0.0000000000
-0.0000000000
-0.0000000000
-0.0000000000
0.0037225184
0.0000000000
0.0000000000
0.0000000000
0.0000000000
0.0000000000
0.0000000000
-0.0000000000
0.0008719410
-0.0000000000
0.0398814715
0.0000000000
0.0000057167
0.0000000000
-0.0000000000
-0.0066457144
0.0000000000
0.0000000000
-0.0000000000
0.0000000000
0.0000000000
0.0000000000
-0.0005533027
0.0000000001
0.0000000000
-0.0000000000
-0.0000000531
0.0000000000
0.0000000000
-0.0078594796
-0.0000143071
-0.0000000000
0.0013445464
-0.0000000000
0.0000000000
0.0400945321
0.0000000000
0.0000003963
-0.0002981403
0.0033024435
0.0372544192
0.0000000000
0.0000000000
0.0470004231
0.0000000000
-0.0000000000
-0.0000000000
-0.0004642525
0.0037063784
0.0000000000
0.0141522540
-0.0000000000
0.0148536870
0.0000000000
0.0000000000
0.0000000000
0.0011192439
-0.0000000000
-0.0000000000
0.0000000000
0.0000889561
-0.0000000000
0.0000000000
-0.0000000000
0.0000000000
0.0000000000
0.0000000000
0.0000000791
0.0000016748
0.0047062607
-0.0000000000
-0.0000000000
0.0185929257
-0.0000000001
0.0000000000
0.0000000003
-0.0000000000
0.0000000001
-0.0000373265
0.0029976158
0.0000189051
0.0000003915
-0.0000000000
0.0000000000
-0.0000000000
-0.0000000000
-0.0000000000
-0.0000000000
0.0070196106
-0.0000000000
0.0041061351
-0.0000000025
0.0000000000
-0.0000000000
-0.0000000000
0.0000000000
-0.0000000000
-0.0000000000
-0.0000000000
0.0001449863
0.0080496119
0.0000000057
0.0000000004
0.0000000000
-0.0000000000
-0.0000000000
-0.0000010512
-0.0000000000
-0.0000000000
0.0000000000
0.0000000000
0.0000000000
0.0000000000
0.0598567091
0.0000000000
0.0000000000
0.0004743862
0.0000000008
-0.0000000000
0.0507327728
0.0071495143
0.0000000000
0.0240682680
0.0355713144
-0.0000000000
0.0008220235
-0.0000000000
0.0000000000
0.0000000000
0.0000000002
0.0026767377
0.0025541850
-0.0000000000
-0.0000000000
0.0136333574
0.0000000000
0.2817001641
0.0008535355
0.0000000000
0.0000000000
-0.0000000000
0.0054869363
0.0085142897
0.0079126516
0.0000000000
-0.0007444920
-0.0000000000
0.0583829544
0.0007239017
0.0000000000
0.0000000000
0.0015759993
-0.0002245433
0.0000000000
-0.0000000000
-0.0000027732
0.0000000000
0.0000000345
0.0000000000
-0.0006697217
-0.0000000001
0.0037511995
-0.0020445785
0.0000000000
0.0000000000
-0.0000000000
-0.0000000000
0.0000000000
-0.0000779103
0.0000046382
-0.0004149038
-0.0000000000
0.0000042714
0.0000019984
0.0000000000
0.0000000000
0.0000000000
0.0000000000
0.0000000000
-0.0000000000
0.0000000000
0.0000000000
0.0000000000
0.0000002998
0.0005934389
-0.0000000000
-0.0000000000
0.0000000225
0.2503973246
0.0000000002
0.0000000000
0.0000000000
-0.0000000000
-0.0000000000
0.0000000000
-0.0000000277
-0.0000000000
-0.0000000000
-0.0000000000
0.0000000000
0.0000000000
0.0000000000
0.0002580377
0.1760976017
0.0652394220
-0.0000000000
0.0887070894
0.0000000261
0.0002033359
-0.0000000000
0.0000000000
-0.0000000000
0.0000000000
0.0000000000
0.0000014605
0.0000000000
0.0168145429
-0.0000000000
-0.0054798112
-0.0000000000
-0.0016171989
0.0000000000
0.0236512702
-0.0000000000
0.0000000000
0.0000000000
-0.0000000000
-0.0000000000
-0.0000000000
-0.0000000000
-0.0000000000
0.0053308681
-0.0000000000
0.0000000000
0.0000000000
0.0000000000
0.0000000000
0.0000000000
0.0000000000
0.1868842095
-0.0000000000
0.0000000000
0.0021872998
0.1443942040
-0.0000000000
0.0000541961
0.0030802919
0.0000000000
0.0202386323
-0.0000000000
-0.0000000000
-0.0000000000
-0.0000000000
-0.0000000000
0.1013312787
-0.0000000000
-0.0000000000
-0.0000000000
0.0000000000
-0.0000000000
0.0000000000
0.0000000121
0.0000324884
0.0962897539
0.0892006829
0.0000000064
0.0000000000
-0.0000000000
0.0000000000
0.0058986726
0.0000000091
0.0000301287
0.0000000000
0.0000000000
0.0000000000
-0.0001557917
0.0000000000
-0.0000000000
-0.0000000000
0.0000000000
-0.0000000000
0.0013781642
-0.0000037744
0.0000000000
-0.0000000000
0.0000000461
-0.0000000000
0.0000000000
0.0001321882
-0.0000000000
0.0000000000
0.0032062200
-0.0000000702
0.0186037961
-0.0000000034
0.0189983696
0.0000005757
0.0041023213
0.0007855390
0.0000000000
-0.0000000000
0.0089010177
0.0000092118
-0.0000000000
-0.0000000000
0.0000000000
0.0000000000
0.0000000000
0.0000000000
0.0000000000
0.0397240371
0.0000000000
-0.0000060776
-0.0000000000
0.0016323042
0.1992819160
-0.0000000000
-0.0000000000
0.0000007535
0.0000000000
-0.0000000000
0.0000000000
-0.0000000000
0.0000000000
0.1106095612
0.0000000000
0.0000000000
-0.0000000000
-0.0000000000
0.0225914754
-0.0000000000
-0.0000000000
0.1387149096
0.0000000000
0.2322032899
0.0000000000
-0.0000000000
0.0000031933
-0.0000000000
0.1701047122
-0.0000000000
-0.0000000000
-0.0000000000
-0.0000000000
0.0000000000
-0.0091683930
0.0006302138
-0.0000000000
-0.0000000000
-0.0000000000
-0.0000000000
-0.0004278355
-0.0000000000
-0.0015593295
0.0000000000
0.0000000000
0.0009402318
0.0008523046
-0.0000000000
0.0000000000
0.0000000000
-0.0061666043
0.0000000000
0.0000000000
0.0000004574
0.0051868423
0.0051539713
0.0042818515
0.0000000000
0.0000000000
0.0000000000
0.0000000000
0.0000000000
-0.0000000000
0.0000000000
0.0000000000
-0.0000000000
0.0000000000
-0.0000000000
0.2949044406
0.0000000000
0.0000000000
0.0000000000
0.0000452346
-0.0000000000
0.0000000000
-0.0000000000
0.0000000000
-0.0000000000
0.2496809214
0.0000000000
-0.0000000000
-0.0000000000
0.0000000000
0.0091215204
0.0000000000
0.0019311835
0.0000002762
-0.0000000000
0.0000674051
0.0316525362
0.0069165835
0.0000000000
-0.0000197643
0.0000000000
-0.0000000000
-0.0000000000
-0.0000000000
-0.0000000171
0.0606331080
0.0000000000
-0.0000000000
-0.0000000000
-0.0000000000
-0.0000000000
0.0000000000
-0.0000000000
0.0000000000
-0.0000000000
-0.0000237321
-0.0000000000
-0.0000002457
-0.0000000000
0.0000098612
-0.0000000000
-0.0000000000
0.0000000000
-0.0000000000
-0.0000000000
0.0008406448
-0.0000000000
0.0193916373
0.0000000000
-0.0000000000
-0.0000000000
0.0000000000
-0.0000000000
0.0559018962
0.0000000000
-0.0000000000
-0.0000000000
-0.0000000000
-0.0000000000
0.0000000000
-0.0000000000
0.0000000000
-0.0000000000
-0.0000000000
0.3409529328
0.0000000000
0.0000000000
0.0000000000
0.0000000000
-0.0000000000
0.0000000000
0.0000000000
-0.0000000000
0.0000000000
-0.0000000000
-0.0000000000
0.0000000000
0.0080391783
0.0000000000
0.0008319648
0.0016198443
-0.0000000000
-0.0000426924
0.0000000000
-0.0000000000
0.0000000000
0.0000000000
0.0000000000
0.0000000515
-0.0000000000
0.0000000000
-0.0003474931
0.0000000001
-0.0000000000
0.0000000000
-0.0000000405
0.0377581380
-0.0000000000
0.0000000000
0.0000000000
0.0000000000
-0.0000000002
0.0204672702
0.0000000000
-0.0000000000
-0.0000000000
0.0006449154
0.0000000028
0.0000004190
-0.0000000000
0.0000000000
-0.0000000000
0.0000000000
0.2893844247
0.0261671748
-0.0000000000
0.2484815270
0.0003166911
-0.0000000000
0.0000000000
0.0000320463
0.0000000000
0.1103578210
0.3979887962
0.0027506975
0.1347686052
0.3017859757
-0.0000000000
0.0000000000
0.0000000000
0.0000000000
-0.0000000000
0.0368180424
-0.0000000000
0.0000000000
0.0000000000
-0.0032753607
-0.0001098959
-0.0000000000
0.0059893588
0.0266244765
0.0000000000
0.0000124681
0.0000000000
0.0001439925
-0.0000000000
-0.0000000000
0.0000011215
-0.0000000000
0.0058491048
-0.0000000000
0.0000000000
0.0000000000
0.0000000000
-0.0000007902
0.0001194944
-0.0006675156
0.0000000000
-0.0004505312
-0.0000000000
0.0001610951
-0.0000000000
0.0000000000
-0.0000000000
-0.0000000000
0.0000000000
0.0000000000
0.0000806923
-0.0000000000
0.0000000000
0.0085511543
-0.0000000000
0.0000000000
0.0013591580
0.0208748579
0.0226537753
0.0342651606
-0.0000000000
-0.0000000000
0.0000000000
0.0000000000
-0.0000000000
-0.0000000000
0.0000000000
0.0000000000
0.0000000012
0.0809504464
0.0000000000
0.0737263709
-0.0000000000
-0.0000000000
-0.0000000000
0.0000468234
-0.0000000000
-0.0000000000
-0.0000000000
0.0000000000
0.2869887650
-0.0000000000
0.0000000000
-0.0000000000
0.0080438834
-0.0000000000
-0.0000000000
0.0727130473
-0.0000000000
0.0033346843
-0.0000000000
-0.0000000000
0.0003348223
0.0765076876
-0.0000000000
0.0000001058
0.0343238600
-0.0000000000
0.0000000000
0.0000000000
-0.0000000000
0.0001223852
0.0000000000
-0.0170101766
0.0172380954
-0.0000000000
-0.0000000004
-0.0000000000
0.0000000000
-0.0000000000
-0.0137611236
0.0000000000
0.0000163598
0.0000068730
0.0000000000
-0.0058463118
-0.0000000000
-0.0000000000
0.0148209482
0.0000000000
0.0003392579
0.0000000000
0.0000000000
-0.0000194649
0.0000000000
-0.0000000000
0.0000000000
0.0000000000
0.1049082279
0.0000000000
-0.0000000000
0.0000000000
0.0000000000
0.2050213218
0.0000000000
0.0000000000
0.0000000000
0.0000000000
-0.0000000000
0.0000000000
0.1901644468
0.1447006911
0.0000000000
0.0614263639
0.1881086528
-0.0000000000
-0.0000000000
0.0000000000
0.0000061287
0.0000000000
-0.0000000000
0.0000620027
0.0000000000
0.2660972476
0.0000000000
0.0000000005
0.0132033899
0.0000041812
0.0499285869
-0.0076013585
-0.0032937445
-0.0062399344
-0.0000000000
0.0032821698
-0.0000000000
-0.0011437329
-0.0000000000
-0.0000000000
-0.0000000000
0.0000000000
0.0000000006
-0.0000000000
-0.0000000000
-0.0000242986
-0.0000000000
-0.0000154330
0.0000031166
0.0011690323
0.0000000000
0.0149830971
-0.0002019940
0.0009552203
-0.0000000000
0.0032679536
-0.0000000000
0.0000000000
0.0000000000
0.0800383687
0.0000000000
0.0054348409
0.0000032333
-0.0000000000
0.0000000000
0.0000000000
0.0000000000
-0.0000000000
-0.0000000000
0.0000000000
-0.0000000000
-0.0000000000
0.0000000000
0.4633604288
-0.0000000000
0.0000000004
-0.0000000000
-0.0000000000
0.3301085830
0.0000000000
-0.0000000000
0.2188711464
0.0950920433
0.1951437294
0.0000000000
-0.0000000000
-0.0000000000
-0.0000000000
0.0000000000
0.0000000000
0.0000000000
0.0000000000
0.0482330248
-0.0122768227
0.0000000000
-0.0000000000
0.0000000006
0.0000000000
0.0106794294
0.0657616183
-0.0000000000
-0.0000000000
0.0000000000
-0.0083923107
-0.0000000000
-0.0009037436
0.0000000000
0.0375994891
-0.0000000000
-0.0000000000
-0.0000000000
0.0092755025
-0.0000000000
0.0000000000
-0.0000000000
-0.0000000000
-0.0000000000
-0.0000007033
-0.0053952611
0.0000007085
0.0166213401
0.0911869630
0.0000001872
0.0000000000
0.0000000000
-0.0000000000
0.3371782303
0.0000000000
0.0766850263
-0.0000000000
0.0000000001
0.0000000000
0.0285732038
0.0000000000
0.0000000000
0.0000000000
0.2958107889
0.0000000000
0.0000000000
0.0000000000
0.0000000000
0.0000000000
0.0163733754
0.0000000000
-0.0000000000
-0.0000000000
0.0000000047
0.0000000000
0.0000000000
-0.0000000000
-0.0000000000
0.0000000005
-0.0000000000
0.0000000000
-0.0000000000
0.0000000000
-0.0000000000
0.0071151746
0.0000000000
-0.0000000000
-0.0000000758
-0.0000000000
-0.0000000000
0.0000004539
0.0019447365
0.0000000000
0.0000000000
0.0000000006
-0.0053427671
0.0003801693
-0.0000000000
0.0000000000
-0.0000000000
0.0000000000
0.0000000000
-0.0000000000
0.0000000000
0.0000000000
0.0028076025
-0.0031742470
-0.0000026506
0.0002477895
0.0000000000
0.0000000000
-0.0000000000
0.0000000000
0.0000000000
0.0000000000
0.0000002433
0.0241376441
0.0000009530
0.0000000000
0.0519028492
0.3156770170
0.0000000000
-0.0000000000
-0.0000000000
0.1045897603
-0.0000000000
0.0000000000
-0.0000000000
0.1450749785
-0.0000000000
0.0000104259
0.0000000000
-0.0000000000
0.0934028402
0.0000000000
-0.0000000000
0.0571360327
-0.0000000000
-0.0000000000
0.1260665953
-0.0000000000
0.0822908208
0.1891483217
-0.0000000000
0.0411963388
-0.0000000000
0.0000000000
0.0000000000
-0.0000000000
0.0008536792
0.0000000000
0.0001686568
0.0000000000
0.0000313346
0.0273324698
0.0000000000
0.0000000000
0.0001815808
-0.0000000000
-0.0000001064
0.0000000000
-0.0000000000
0.0000000000
0.0040745679
0.0000000000
0.0000000000
0.0000000000
0.0000010679
0.0000000000
0.0000000043
0.0000000000
0.0000000000
0.0914943367
-0.0000000000
-0.0000000000
0.0039223633
0.0019166452
-0.0000000000
0.0000001475
0.0000000455
0.0000000000
-0.0000000000
0.0000000000
0.0000098533
0.0784412920
0.0000000000
-0.0000000000
-0.0000000000
0.0000000000
0.0000000000
0.0000000000
0.0000000002
-0.0000000000
0.0204231516
0.0000000000
0.2343112975
0.0000000000
0.0000000000
0.1148283780
0.0965720490
0.0000000327
0.0000000000
0.0000000424
0.0000000000
0.0000000000
0.0000000000
0.0000000000
0.0000000000
0.0057316106
0.0000000000
0.0000000000
-0.0000000000
0.0000000000
-0.0000000000
-0.0000000000
0.0000054068
0.0000000000
0.0000000000
0.0000020227
-0.0000000000
0.0000000000
0.0000000000
-0.0000000000
0.0041555888
0.0000000000
0.0000000000
0.0000000000
0.0000000000
-0.0000000000
-0.0000000001
0.0000000000
0.0000000000
0.0134771764
0.0308561083
-0.0000000000
-0.0000000000
0.0089711268
0.0000010549
0.0000000000
-0.0000000000
-0.0000000000
-0.0000000000
0.0000000000
0.0000000000
0.2136580348
0.0000015453
0.0000000000
0.0488923304
-0.0000000000
-0.0000000000
0.0000000000
-0.0000000000
-0.0000000000
0.0000000000
-0.0000000000
0.0000000000
0.0000000000
0.0000000000
0.0000101362
0.0000000000
0.0000000000
0.1917711645
0.2867453992
0.0000014278
0.0000000000
-0.0000000000
-0.0000000000
0.0000000000
0.0000000000
-0.0000000000
0.0000000000
0.0000000000
0.0000000000
0.1187534332
0.0000119726
0.0516413227
-0.0011925449
-0.0000000000
0.0000000000
0.0000000000
-0.0000004007
-0.0000000000
-0.0000000000
0.0000000000
0.0159146171
-0.0000000910
0.0000000000
0.0000000000
0.0000000000
-0.0000046543
-0.0000000000
-0.0000000000
0.0000000000
0.0036006272
-0.0000208175
-0.0000000104
0.0001435459
0.1137515903
0.0000000000
-0.0000000000
0.0000000000
0.0000000451
0.0000000000
-0.0000000000
0.0000000000
0.0000000000
0.0000005390
-0.0000000000
0.0030874566
0.0950314477
0.0000000306
0.0294926334
0.0000000000
0.1333921701
0.0000000000
0.0000000000
0.1145605221
-0.0000000000
0.0000000000
0.2219271362
0.2101621628
0.1241398528
0.1176736727
-0.0000000000
0.1643071175
0.0446657799
0.0000000000
0.0000000000
0.0000000000
0.0000005913
0.0000000000
-0.0000000000
0.0000373034
0.0000000000
0.0003470082
-0.0000000000
0.0000063563
0.0000000000
0.0002139396
0.0219010003
0.0050958479
0.0000000000
-0.0085002985
0.0007827749
0.0000000000
-0.0000000000
0.0004795387
-0.0000000000
0.0000000000
0.0000000000
-0.0000000000
0.0000000000
-0.0000000000
-0.0000000000
0.0000000000
-0.0000000000
-0.0067703035
0.0000000000
-0.0000000000
-0.0000000000
0.0000000000
-0.0000000000
0.0000143658
-0.0000677655
-0.0000000000
0.0275114309
0.0058000428
0.0000027617
0.0000000000
0.0000000000
0.0682535022
-0.0000000000
0.0000000000
-0.0000000000
-0.0000000000
-0.0000000000
0.0506474450
0.0000000000
-0.0000000000
0.0000000022
-0.0000000000
-0.0000000000
0.0000000000
0.1147498339
0.0941827223
-0.0000000000
0.0000000000
0.0000000000
0.0000000000
0.0000000000
-0.0000000000
-0.0000000000
-0.0000000000
0.0000000000
0.0000000000
0.0000000000
0.0000000000
0.1293664277
-0.0000000000
-0.0000000000
-0.0000000000
0.0099205021
0.2161571085
0.0273839980
0.0000000000
0.0010075695
0.0105353193
-0.0000000000
0.0098529626
0.0000000000
-0.0000000000
0.0224380922
0.0000000000
0.0002536218
-0.0000000000
0.0000000000
0.0000000000
0.0000000000
-0.0000000027
0.0000000000
0.0038616480
-0.0004799644
-0.0000000000
0.0000000000
-0.0000000000
0.0172272660
-0.0000000000
-0.0000000000
-0.0000301855
-0.0000000000
0.0566397980
0.0000000000
0.0000443962
-0.0000000000
0.0000000000
0.0000000000
0.0322471485
-0.0000000000
0.1534892619
-0.0000000000
0.0114134224
-0.0000000000
0.0000000000
0.0000035397
0.2207583636
-0.0000000000
0.0000000000
0.0000000000
0.0000007440
-0.0000000000
0.3886418343
0.0798045024
-0.0000000000
0.0863557532
0.0000000000
0.0000040578
0.0004893431
-0.0000000000
0.0428103358
0.2166434377
0.0058252565
0.0000000000
-0.0000000000
0.0610038340
0.0840291679
-0.0000000000
0.0285030529
-0.0000000000
0.0057356665
0.0070752343
-0.0000000000
-0.0000000000
0.0000196962
0.0000041140
0.0000272965
0.0339821540
-0.0029872227
-0.0000744770
0.0000000000
-0.0000002873
0.0011331920
0.0000000000
0.0011401346
0.0001536987
0.0000008421
-0.0000000000
-0.0000000000
0.0000000000
0.0000000000
0.0054656658
0.0000000000
0.0294400528
-0.0000000000
0.0006056095
0.0449084751
0.0000000007
-0.0159375332
0.0033133673
0.0000000000
0.0618633889
0.0670495108
0.2035771161
-0.0000000000
-0.0000000000
-0.0000000000
-0.0000000000
-0.0000000000
0.0000000000
-0.0000000000
0.0000001086
0.0000096685
0.2757326663
0.1145238653
-0.0000000000
-0.0000000000
-0.0000000000
0.0000003902
0.1862849891
-0.0000000000
-0.0000000000
0.0000000000
0.0000000000
-0.0000000000
0.0000000000
-0.0000000000
-0.0000000000
0.0000000000
0.0360595696
0.0000000000
0.0018027793
0.0000001014
0.0000000000
0.0000000000
-0.0000000000
0.0000115116
0.0000003351
-0.0001712930
0.0270709544
0.0000000000
-0.0000000002
0.0017555933
-0.0000000000
-0.0086773951
0.0000000000
-0.0000000000
0.0000000000
-0.0000000000
-0.0000089223
0.0000000000
0.0000000016
0.0000000000
0.0000000000
0.0023532473
-0.0000000000
0.0000000000
0.0000000000
-0.0000320616
-0.0004146110
0.0000000000
-0.0000000000
0.0128759462
0.0079804696
0.0000000000
-0.0000000000
-0.0042553791
0.0000000000
-0.0000000000
0.0052190539
0.0000000000
-0.0000000000
0.0000000000
0.0280997623
0.0059295911
-0.0000000000
-0.0000000000
0.1256389618
-0.0000000000
0.2279448360
-0.0000000000
-0.0000000000
-0.0000000000
0.0000000000
-0.0000000000
-0.0000000000
-0.0000000000
0.0194231234
0.1922246665
-0.0000000000
0.0000000000
0.0000000000
-0.0000000000
0.2309609652
0.0000000000
-0.0000000000
0.0000000000
0.0000000000
-0.0000000000
0.0567377992
0.0000000000
0.0000000000
0.0000000000
0.0008491271
-0.0000000000
-0.0000000000
-0.0000000000
-0.0084033143
-0.0000000000
-0.0000000000
-0.0008513413
-0.0000000014
-0.0000000000
0.0000000136
-0.0000000000
0.0000000000
0.0000000000
-0.0000000000
-0.0000000000
0.0000000000
0.0000000000
0.0000000000
-0.0004266066
0.0000000000
0.0000000000
0.0002555318
0.0000000000
0.0114566879
0.0008754771
0.1983431429
0.0000000006
0.0002651000
0.0000000000
0.2850144207
0.0313344672
0.0000000000
0.0650820509
-0.0000000000
-0.0000000000
0.0000000000
-0.0005854346
-0.0000000000
-0.0000000000
-0.0000000000
-0.0000000000
0.0000000000
0.0000000000
-0.0000000000
0.0000000000
0.1865970641
-0.0000000000
-0.0000000000
0.0000000102
0.0000000000
0.0000000000
0.0000000000
0.0000000000
-0.0000000000
0.2216076404
0.0569011904
-0.0004506279
0.0146032264
0.0000000000
-0.0000000000
0.0257912483
-0.0000000000
0.0000000000
-0.0000000000
-0.0000000000
0.0002034286
0.0000000000
0.0002932917
0.0000007391
-0.0000000006
0.0076156221
-0.0000000000
0.0000000000
-0.0000000000
-0.0000000000
0.0000000000
0.0000000000
0.0000000000
0.0000000000
-0.0000000000
0.0102518694
-0.0000000000
0.0000000676
0.0000000000
0.0000000000
0.0029057621
0.0112026269
-0.0000000003
0.0029612384
0.0022842309
0.0027618262
0.0012488068
0.0000000000
0.0000000000
-0.0000000000
0.0009460591
0.0000010058
0.0017475528
0.0000000000
0.0072550587
0.0000000000
0.0000000000
0.0000001021
0.0000000000
0.0000010426
-0.0000000000
0.2294754833
-0.0000000000
0.1096468270
-0.0000000000
0.0000140467
0.0000000000
0.0000000000
0.0693364665
0.0000000000
0.1305250674
0.0000000000
0.0015459768
0.0631259754
-0.0000000000
0.0000000000
0.0703013465
0.0002086230
0.0000000882
0.0000000000
-0.0071031968
0.0010317375
-0.0015479486
-0.0000000000
0.0000000000
0.0000000382
-0.0000000000
0.0000000000
-0.0000000000
-0.0000000000
-0.0000000167
0.0000000000
0.0000000000
0.0055552749
-0.0000000000
0.0105420481
-0.0000000000
0.0000000000
0.0443906114
0.0000027788
0.0000000000
0.0103361988
-0.0000000000
-0.0000000000
-0.0000000000
-0.0000000000
-0.0021912751
-0.0065878164
0.0000001175
-0.0000000000
0.0000000001
-0.0000000000
0.0033086664
-0.0000000000
-0.0000000000
-0.0000000000
0.0000000000
-0.0005417959
0.0036131032
-0.0000000000
0.0007006959
0.0000155203
0.0620219745
0.0000000000
0.0000000000
0.0000000000
-0.0000000000
0.0105896937
0.0000000000
0.0000000000
-0.0000000000
-0.0000000000
-0.0000000000
0.0184173454
0.0000000000
-0.0000000000
0.0000000000
0.0000000000
0.0000483445
0.0000000000
0.0020856997
0.0000000000
-0.0000000000
-0.0000000000
0.0000000000
-0.0000000000
0.0002642422
0.0000000000
0.0197261535
0.0066379793
-0.0031980134
0.0000000000
0.0000064460
-0.0000000000
0.0065647899
0.0000000000
0.0394640192
-0.0000000000
-0.0000000000
-0.0000000000
0.0000000000
0.0026186672
0.0036948114
0.0000000000
0.0000000000
0.0147065083
-0.0000000000
-0.0000000000
-0.0000000000
0.0000000000
0.0000000000
0.0000000000
-0.0004978076
0.0134769659
0.0000000000
0.0574683435
0.1012904271
0.0000000000
0.0000000000
0.0000000000
0.0000000000
0.0306145959
0.2212131023
-0.0000000000
-0.0000000000
0.0000000000
-0.0000000000
0.1024418846
-0.0000000000
0.0350750126
0.0144048212
0.0000000001
0.0000000003
-0.0000000000
0.0762393326
0.0000000000
0.0910361260
-0.0000000000
0.0278877877
0.0000000000
-0.0000000000
0.0000000000
0.1228228137
0.0000003038
0.0002308134
0.1120894104
0.0000000273
0.0056536566
0.0000000000
0.0000000000
-0.0000000000
0.0256101955
0.0038793418
-0.0000000004
-0.0000000000
0.0000000000
0.0076170680
0.0012399046
0.0000503740
0.0000000000
0.0000094421
-0.0000000000
0.0000000000
-0.0003034629
-0.0000000000
-0.0000000000
0.0000000000
-0.0000000000
-0.0000000000
0.0000175019
0.0186649375
0.0244192760
0.0000000000
-0.0000000000
-0.0000000000
-0.0000000000
-0.0041469457
-0.0000000000
0.0000000000
0.0000000000
0.0288500395
-0.0000000000
0.0000000000
0.0000000000
0.0000000000
0.0000000000
0.0000000000
0.0000000000
0.0000004148
-0.0000000000
0.1687058210
0.0000000000
0.0000003305
0.0000000002
0.0000000000
0.1363717914
-0.0000000000
0.0000000000
-0.0000000000
0.3612746894
-0.0048811706
-0.0000000000
-0.0000000000
0.0066543766
-0.0000000000
0.0000000000
0.0000000000
-0.0000000000
0.0000002452
0.0118963476
-0.0000000000
0.0000000000
0.0037789503
0.0000000000
0.0318493545
0.0000000000
-0.0252728220
-0.0000000000
0.0000000000
-0.0000028114
0.0000000000
-0.0000000000
-0.0000000000
-0.0000000000
-0.0067331865
-0.0060391109
-0.0000000000
0.0000000000
-0.0000000000
0.0000000000
0.0349730812
0.0000000000
0.0000000000
-0.0000000000
0.0000000000
-0.0000000010
-0.0000000000
0.0000000000
0.0346411392
0.0000000000
-0.0000000000
0.0073357951
-0.0044375448
0.0000000000
-0.0000000000
-0.0000000000
-0.0000000000
0.0111841504
0.0009833910
0.0000000000
-0.0000000000
0.0082358858
0.0000000000
0.0000000763
0.0000000000
0.0000000000
-0.0000000000
0.0000000000
0.0000000000
-0.0000000000
-0.0000000000
0.0000021469
-0.0000000000
0.0000000000
0.0057778321
0.0000000000
0.0000000000
0.0000000000
0.0045734099
-0.0000000000
0.0000000000
-0.0000000000
-0.0000000000
-0.0000000000
0.0068732519
0.0000000000
0.0171009339
-0.0000000000
0.0000000000
0.0011516160
-0.0000348843
0.0000000000
0.0000000140
0.0027331754
0.0081915762
0.0000000000
0.0104882494
-0.0040499899
0.0000027275
0.0000000000
-0.0003625187
-0.0033428979
0.0000000000
-0.0000150953
-0.0003371857
-0.0001918521
0.0000000000
0.0102581521
0.0000000000
0.0006394960
-0.0071210251
-0.0000164355
-0.0000000000
-0.0000000000
0.0259156041
-0.0000000000
0.0000000000
0.0672301203
0.0000001303
0.0000000000
0.0001088547
-0.0004030027
0.0000000000
0.0000745887
0.0000000000
-0.0000000000
0.0039787018
0.0000000000
0.0034979058
0.0000000000
0.0412705168
0.0000000000
0.0000000000
-0.0000000000
0.0000000000
0.0000000030
0.0000000000
0.0000000000
0.0000000000
0.0744224563
-0.0000000000
0.0050020590
0.0000000000
0.0000000142
0.0000046143
0.0000000000
0.0123977596
0.0002360903
0.0001086322
0.0000000000
0.0000000000
0.0000000014
0.0092352023
-0.0000000000
-0.0029763007
-0.0000000000
-0.0139172943
-0.0000003681
0.0000000000
-0.0000000000
-0.0000000000
0.0000000002
0.0000000000
-0.0000000000
-0.0000000000
0.0000000000
-0.0000276584
0.0111550679
0.0000000000
-0.0000000218
-0.0098491777
0.0004000185
-0.0012886535
-0.0000000000
-0.0000000000
0.0201506987
0.0000000000
0.0051745321
0.0000000059
0.0000000000
0.0120108332
0.0008806771
-0.0000163359
-0.0000000000
-0.0000000000
0.0000077408
0.0000000000
-0.0000000000
0.2198477089
0.0043116258
0.0219634455
-0.0000000000
0.2072008550
0.0000000005
0.0157143958
-0.0048018121
0.0191597361
0.0110754184
0.0000000000
0.0000000000
0.0036431856
0.0000000000
-0.0000000000
0.0120622450
-0.0000000000
0.0000000000
0.0008712616
0.0000000000
-0.0000000000
0.0000399613
0.0000000000
0.0174717028
-0.0000000000
-0.0000000000
-0.0000000000
0.0000003675
0.0000000000
-0.0000000000
0.0004812799
0.0000965134
0.0000000000
0.0002421161
-0.0000000001
0.0021263140
0.0000000000
0.0000000000
0.0000655270
0.0000094658
-0.0000000000
-0.0000000425
-0.0000002559
0.0000312428
0.0000000000
-0.0000000000
0.0000000000
0.0000000000
-0.0000000000
-0.0000000000
-0.0000000000
0.0000000000
0.0000000000
0.0000000000
-0.0002789773
0.0000000000
0.0002829152
0.0000000000
0.0000094764
0.0102450345
0.0000000000
0.0153791355
-0.0000000000
-0.0000000000
0.0003593476
-0.0000000000
0.0000000000
0.0043202494
0.0000065734
0.0718287081
0.0202234704
0.1402383894
0.0000000001
0.0000123502
-0.0000593931
-0.0000000000
-0.0043757940
0.0183048956
0.0204371996
0.0020610688
0.0000001584
-0.0000000000
0.0000000000
-0.0000000000
0.0231947061
0.0742839053
-0.0034400839
0.0188031606
-0.0000000000
0.0000000000
0.0000000000
0.0123090446
-0.0000000000
-0.0000000000
0.0000000000
-0.0067180041
-0.0017556027
0.0000000000
0.0000000000
-0.0000000000
0.0529149324
-0.0000000000
0.0001646997
-0.0000000000
0.0000302701
-0.0000000000
0.0000000000
0.0000000000
-0.0000618200
-0.0103824819
0.0000000000
-0.0000000004
-0.0000000000
0.0001445274
0.0000000000
-0.0000000053
-0.0000000000
0.0018771339
-0.0000000000
0.0000029572
-0.0000000000
0.0044190800
-0.0000000000
0.0002443640
0.0000245307
0.0882793665
0.0686109066
0.0874208659
0.0000000000
0.0000000000
0.2466558814
0.0316614546
-0.0000000000
0.0000000000
0.0000000000
0.0000000250
0.0018311917
-0.0000000000
0.0317195654
0.0000000000
0.0000000000
0.0084079681
0.0003951252
0.0000000000
0.0981544480
-0.0000000000
0.0393942371
0.0000000000
-0.0000000000
0.0000000000
0.0002707112
-0.0000000000
0.0047084671
0.0074268398
-0.0000000000
0.0123156421
0.0000000001
-0.0000000013
-0.0000000000
0.0000000000
-0.0000000000
0.0000000000
-0.0052333614
0.0000000000
0.0000000000
0.0030422115
-0.0000000000
0.0000000000
0.0000000000
-0.0000000000
-0.0000000000
-0.0000000000
-0.0000000000
-0.0000000000
0.0000000000
-0.0000000000
-0.0000000000
0.0000000000
0.0000000000
0.0000000000
-0.0000000000
-0.0000000000
0.0000000000
0.0000000000
-0.0005062104
-0.0000304631
0.0038299016
0.0157171171
0.0000000000
0.0000000000
0.0207724757
0.0000000000
-0.0000000000
0.0000000000
0.0124234064
0.0000028549
0.0000000000
0.0000000000
0.0277913306
0.0160241220
0.0012089912
0.0000007009
0.0605024770
0.0144378683
-0.0000431990
0.0000000000
0.0000000000
-0.0000000000
0.0000000000
0.0000000000
0.0000000000
0.0033048582
0.0000000000
-0.0000000000
0.0000000000
-0.0000000000
-0.0000000000
-0.0000000000
-0.0000000000
0.0000000000
0.0000000000
-0.0000002971
-0.0000000000
0.0000000000
0.0000000000
0.0000000000
-0.0000000023
-0.0000000000
0.0000000000
-0.0000000000
0.0000000000
0.0036685169
0.0000000000
-0.0000000000
0.0000000000
0.0086868908
0.0204548370
-0.0009486881
0.0000000000
-0.0000000000
-0.0000000000
0.0000000000
-0.0019420657
0.0009881135
0.0000000000
0.0000000002
0.0000000000
0.0000000000
0.0000000005
0.0000000030
-0.0015137541
-0.0000000000
-0.0000009190
0.1545335501
0.0000000000
0.0004381922
0.0408103280
-0.0000000000
0.0000718082
0.0000000000
-0.0004332643
0.0000000000
0.0000570176
0.0508336313
0.0000000000
0.0000000065
0.0000000000
0.0706311837
0.0000000000
-0.0000000000
0.0000000000
0.0006949172
0.0000000000
0.0000000000
0.0147922290
0.0000000000
0.0000000000
-0.0006110743
0.0000010227
0.0018354778
-0.0000000000
-0.0000000000
0.0000000000
-0.0000000098
0.0005112306
-0.0000000000
0.0002701655
0.0000000000
0.0000000000
0.0000000000
-0.0001168845
0.0347583927
-0.0000001765
0.0000004861
-0.0000000000
0.0000000000
-0.0000000000
-0.0000186994
-0.0000000001
-0.0000000000
-0.0004453023
-0.0001596005
-0.0000000000
-0.0000181222
0.0000000000
0.0029378848
0.0000000000
0.0000000000
0.0000005858
-0.0000000000
-0.0000000000
-0.0000000000
0.0000001770
0.0000000000
-0.0019484047
0.0105127217
0.0004586357
0.0000651188
0.0000000000
-0.0001342729
-0.0000000000
0.0000002975
0.0000058562
0.0000000003
-0.0000000000
0.0000028618
0.0000000000
-0.0000000000
-0.0000000000
-0.0000000000
0.0666543245
0.0000000000
0.0000000000
0.0000000000
-0.0000000000
-0.0000000000
-0.0000001200
0.0005667824
0.0000000000
-0.0000000000
0.0000000000
0.0000000000
-0.0000000000
0.0000000000
0.0000000000
0.0007034396
0.0000000000
-0.0000000000
-0.0000000000
-0.0000000000
0.0000000000
0.0000000000
-0.0000010646
-0.0000079542
-0.0000000000
-0.0000000000
0.0073873973
0.0080797542
0.0449886955
0.0000000000
-0.0000000000
-0.0011391746
0.0005767252
0.0000001865
-0.0000000039
0.0000546505
-0.0035651382
-0.0097695310
-0.0000000000
-0.0000000000
-0.0000000000
0.0000000000
0.0000000000
0.0000000000
0.0000000000
0.0000692830
0.0000000000
-0.0000000000
0.0120113660
0.0000000000
0.0000000000
0.0000000000
0.0000000000
0.0000180386
0.0000000000
-0.0000000000
0.0000000000
0.0052831080
0.0000000000
-0.0000000000
0.0000000000
0.0034938382
-0.0000000000
0.0001147712
-0.0000000000
0.0000000000
0.0000000000
0.0000000006
0.0000000001
0.0000000000
0.0000072985
0.0000000000
0.0000082353
0.0000000000
0.0899154469
0.0008695463
0.0027004075
0.0000000000
-0.0000000001
0.0000000000
-0.0000000000
-0.0000000000
-0.0023018699
-0.0000000000
-0.0000000000
0.0000428398
0.0000000000
-0.0000000000
0.0000003943
0.0000000000
0.0001897302
0.0000000000
0.0000000000
-0.0000000000
-0.0011679099
-0.0000000000
0.0000000000
0.0000000007
-0.0000000000
-0.0000000000
-0.0129269809
-0.0000000000
-0.0000000000
-0.0000000000
0.0000000000
0.0000000000
0.0000000000
-0.0035193397
-0.0002525312
-0.0000000000
-0.0000000000
0.0000000000
-0.0000000000
0.0006543401
0.0000000000
-0.0000000000
0.0000000000
0.0000000000
0.0001093411
-0.0000000000
0.0000000000
0.0000000000
0.0000000000
0.0274930783
0.0000000000
-0.0000000000
0.0000067097
0.0020424621
-0.0000000614
0.0007634765
0.0861204937
-0.0000000000
-0.0000000513
-0.0000000000
0.0000000000
-0.0000000000
0.0311964508
0.0065009501
-0.0000024221
-0.0000000000
-0.0000025053
0.0000000000
-0.0047664810
-0.0000000000
-0.0000000000
-0.0000000000
0.0000000000
0.0000000392
-0.0000000000
-0.0000000000
-0.0000000000
0.0000000000
0.0000000000
0.0000000000
-0.0002022670
-0.0000000002
0.0000000000
-0.0000000000
0.0024253614
-0.0000000215
0.0012717173
-0.0001522016
-0.0027090872
0.0000000003
-0.0080164243
0.0000000000
-0.0014456238
0.0000000000
0.0000000000
-0.0000000000
-0.0020647554
-0.0022660263
-0.0000465087
-0.0000000000
0.0000000000
0.0000018701
0.0000000000
0.0000000000
-0.0000000000
0.0990660042
0.0000000001
0.0010516316
-0.0020391322
0.0015933914
-0.0000004844
0.0000002442
-0.0000011156
0.0000000000
0.0004323311
0.0000000000
0.0000000013
0.0000000000
-0.0000000000
0.0000000000
-0.0024356770
0.0000000000
-0.0000000000
0.0405560248
0.0000000068
-0.0000000000
-0.0001050263
0.0000000000
-0.0015034328
0.0000000000
0.0000000000
-0.0000000000
0.0026139449
0.0000000000
0.0000000000
-0.0000005111
-0.0000000000
-0.0011062577
0.0001279488
0.0000000000
-0.0000000000
0.0073171156
0.0000000000
0.0000000000
0.0000000000
0.0860811621
0.0000000000
-0.0000000000
-0.0043430352
-0.0000000000
0.0000000000
-0.0000000000
-0.0000000000
0.0000000004
-0.0021823072
-0.0035357981
0.0000000000
0.0000000000
-0.0000000662
0.0000000001
-0.0000000000
0.0000000000
0.0000000000
0.0000000000
0.0000000000
-0.0000000000
0.0000000000
-0.0000000000
-0.0000000000
0.0000000000
-0.0000000000
0.0000025584
-0.0011894543
0.0000000000
0.0143824071
-0.0000000000
0.0000000000
-0.0000000000
-0.0000027376
-0.0000000000
0.0586895011
0.0000000000
0.0000035358
0.0000000001
-0.0000000000
-0.0009465792
-0.0000000000
0.0000000000
0.0000000000
0.0000000000
0.0000000000
-0.0275023729
-0.0000000000
0.0000000000
-0.0000000000
-0.0000000000
0.0000000000
-0.0000000000
-0.0000000000
0.0009966764
-0.0000000000
-0.0000000000
0.0003538546
-0.0000000000
0.0000000000
0.0000379445
0.0000104775
0.0000000000
-0.0000000000
0.0000000000
-0.0002214724
-0.0000000000
0.0000000000
0.0026760991
-0.0005299729
-0.0000000000
0.0000000000
0.0000000000
0.0055096066
0.0003060509
0.0000000000
0.0001086234
0.0000000000
-0.0000000000
-0.0000000000
0.0126126502
-0.0000000473
-0.0000000000
0.0003932596
0.0000000000
0.0000000000
-0.0000000000
-0.0000216377
0.0000000000
-0.0000000000
-0.0000000000
0.0741466209
0.0000000000
-0.0000000000
0.0000000000
0.0433111079
0.0104635172
-0.0000000000
0.0000000000
0.0753583983
-0.0000000000
0.0707921088
-0.0000000000
-0.0000000000
-0.0000000004
0.0000000000
0.0029921939
-0.0000000896
-0.0011175195
-0.0000000794
0.0001818941
0.0000675167
0.0021056607
-0.0000413825
0.0025317061
-0.0000000000
-0.0000000000
0.0008331904
-0.0000000000
0.0000000000
-0.0000000000
-0.0000000000
0.0003353916
0.0265976842
-0.0000000000
0.0000011872
0.0000000052
-0.0002877412
-0.0000000000
-0.0000002917
0.0000000000
-0.0000269696
-0.0000000001
-0.0000000000
0.0000001331
0.0000000685
0.0000000000
-0.0000008057
-0.0000000000
-0.0000000000
0.0003859402
-0.0000000000
0.0000000000
0.0000000000
0.0003186057
0.0062676030
-0.0009777196
-0.0000000000
-0.0000000000
0.0030310994
-0.0000000000
0.0000000000
0.0003474954
0.0000004456
0.0000000000
0.0342496783
-0.0013138677
0.0000000000
0.0271478854
0.0000023241
0.0000000006
0.0000000000
-0.0000000000
-0.0000001892
0.0000000000
-0.0000000000
0.0210616123
-0.0000000000
0.0023493688
0.0000000000
-0.0000019631
0.0000007982
-0.0040323385
0.0000000000
-0.0000000000
0.0000000000
0.0000000000
-0.0000000000
-0.0000000000
0.0000000000
0.0000000000
0.0025010768
0.0000000000
-0.0000000000
-0.0000000000
-0.0000000000
-0.0000000000
-0.0000000000
-0.0000000000
0.0041482686
0.0000000000
-0.0000000000
0.0000714711
0.0000000000
-0.0000000000
-0.0000503955
0.0002749353
-0.0013694180
0.0000019734
0.0121253142
-0.0000000000
0.0414944254
-0.0000000000
-0.0001011224
-0.0006494684
-0.0036953597
0.0000000000
-0.0023549944
-0.0030026827
0.0000000000
0.0000849381
0.0000000000
0.0000000000
-0.0001683470
-0.0000000000
-0.0000103792
0.0000051289
0.0037286200
0.0006435690
-0.0000000000
-0.0000000000
0.0001120553
0.0000000000
0.0000000000
0.0000000000
0.0000000000
-0.0000019157
-0.0000000000
-0.0000000000
0.0000000000
-0.0000000000
-0.0002829750
-0.0000000003
-0.0093748868
-0.0000000000
0.0000000000
0.0000049090
-0.0000055999
0.0000000000
-0.0000000000
-0.0000000008
-0.0000000000
-0.0000000000
0.0436595641
0.0000000000
0.0507138632
0.0051424927
0.0005400284
-0.0010510826
-0.0000000000
-0.0000000000
-0.0000000000
0.0000010238
0.0070318566
0.0000000000
0.0000000000
0.0000000000
-0.0000038488
0.0000000000
0.0013809904
-0.0000000000
-0.0000000000
-0.0000000000
-0.0000000000
0.0001654926
0.0000000000
-0.0000000000
-0.0053679589
0.0000000000
-0.0000000002
-0.0000000000
-0.0000000000
-0.0000000000
0.0000000000
0.0000000000
0.0000000013
-0.0000000000
-0.0000000000
0.0000000000
0.0000000000
0.0163351540
0.0012595896
-0.0000000000
-0.0000000000
-0.0000000000
0.0000015960
0.0000000000
-0.0021158750
0.0015027992
0.0000000000
0.0000000000
0.0000000000
-0.0001324196
0.0000814777
-0.0000000000
-0.0000002599
-0.0000000000
0.0053480053
-0.0000000000
0.0000002233
0.0034787152
0.0000000000
-0.0000502320
0.0029627255
-0.0000000000
-0.0000074160
0.0001008977
-0.0000000000
-0.0041976403
-0.0000000000
-0.0000000000
0.0000000000
0.0043587983
-0.0065290923
0.0000000000
-0.0000000000
0.0075569972
0.0000000000
0.0261044707
0.0000000000
0.0000000019
0.0000000000
0.0000000001
0.0000060525
0.0000000000
0.0000000000
-0.0000000000
0.0000000000
0.0000000000
0.0359863602
0.0007647530
-0.0000000000
0.0000000000
0.0000000000
-0.0000000001
-0.0175506379
-0.0000000000
0.0000000000
-0.0000000000
-0.0000862976
0.0014756144
0.0000000000
-0.0000000000
0.0000000000
-0.0000000000
-0.0000000000
-0.0000000000
0.0000000000
0.0000000000
-0.0000000000
0.0000000000
-0.0000000000
-0.0000000000
-0.0000000000
-0.0000000000
0.0000000000
-0.0000169648
-0.0000000000
0.0000000060
0.0000000000
0.0000000000
0.0000000000
0.0000000001
0.0000000000
-0.0000000000
0.0811201334
-0.0000000000
-0.0000000000
0.0004808893
0.0111383218
0.0000034263
0.0159337837
-0.0000000000
-0.0000000000
0.0000000000
-0.0000000000
-0.0000000000
-0.0000000000
-0.0000000000
0.0000000000
0.0445765741
0.0239865631
0.0342713334
-0.0000000000
