-0.0000000060
-0.0485337339
-0.0183932390
-0.0000000373
-0.0197351072
0.0481204912
-0.0114953686
-0.0000006086
0.0000016896
-0.0158755016
0.0000000914
-0.0000007372
-0.0000000509
-0.0008866973
-0.0000000031
-0.0006482935
-0.0000000770
0.0015061097
0.0283161327
-0.0000003921
0.0000003425
-0.0000000015
0.0003264511
0.0000000006
-0.0000338401
0.0142399697
0.0463579409
0.0000000182
0.0449156128
0.0002412668
0.0000000043
0.0000000091
-0.0010026922
-0.0382815264
-0.0340746529
0.0221977178
0.0285106581
-0.0135731865
0.0000000404
0.0041093798
0.0257692728
0.0000002967
0.0480702631
-0.0501640700
-0.0393898487
0.0187063012
0.0000009738
0.0000001347
-0.0148275970
-0.0287269484
-0.0020142540
-0.0316051506
-0.0000002187
-0.0618630536
-0.0000000020
-0.0397716723
0.0000569640
-0.0000847072
-0.0268939920
0.0053446488
0.0004600026
0.0000000035
-0.0342829265
-0.0273127425
-0.0293177683
-0.0351081602
0.0482142493
0.0290519688
0.0269020181
0.0303984042
0.0000001957
0.0027402334
0.0391206779
0.0000000023
0.0258940123
-0.0272203889
-0.0322552100
0.0287265312
0.0000016722
0.0006877322
0.0000000167
-0.0178212263
0.0059647760
0.0034386339
-0.0310261175
0.0000001554
0.0216158256
-0.0362358838
0.0000000009
-0.0000000020
-0.0000000122
0.0526866540
0.0147890998
0.0220279396
0.0695497617
0.0000000095
0.0172547698
0.0368397608
-0.0000000200
0.0176404901
-0.0006551397
0.0362358838
-0.0000770183
0.0009470797
-0.0318360403
-0.0040327152
-0.0007552429
0.0000018063
0.0039143921
0.0092250220
-0.0368861780
-0.0000030549
-0.0001953770
0.0000000130
0.0000001321
0.0000000206
0.0484891832
0.0010567333
0.0451696403
0.0154954502
-0.0000000197
-0.0000000102
0.0000430376
-0.0010413671
0.0000477333
-0.0021593911
-0.0381850414
-0.0000006665
-0.0000000277
-0.0001536296
0.0000252860
-0.0280201007
-0.0000000254
0.0000000147
-0.0001129019
0.0094774030
0.0175242033
0.0000001487
-0.0000136555
0.0270844288
0.0000000178
-0.0000083638
-0.0111813750
0.0000000835
-0.0023853648
-0.0061698123
-0.0556197241
0.0012118057
-0.0112650460
-0.0000002649
0.0026221299
0.0000001497
-0.0132851042
0.0048743580
0.0373339169
0.0438565388
0.0446862094
0.0097733131
-0.0325947516
-0.0000000186
0.0020300911
0.0000001271
0.0000091406
0.0000017972
0.0008595914
0.0000985256
-0.0344321132
-0.0389499664
0.0528085977
-0.0000120285
-0.0125438767
0.0148083540
-0.0484191068
0.0000001182
0.0093221096
-0.0000937027
0.0060761673
0.0202184897
0.0068819560
0.0013763395
0.0120326448
0.0149182258
-0.0298705343
0.0000223391
-0.0279101767
0.0424860865
-0.0033815103
-0.0013582809
-0.0012263586
0.0514610372
-0.0000001264
0.0000000237
0.0000031129
-0.0286830645
-0.0160262231
-0.0002333366
0.0700810626
0.0000000072
-0.0084680561
0.0148759773
0.0000000636
0.0320386030
0.0008733942
0.0000000241
-0.0000004351
-0.0401445404
0.0000001889
-0.0000001910
0.0146580646
0.0118364580
0.0001241677
0.0000000028
0.0093163038
-0.0271067508
-0.0000065332
0.0480573066
-0.0539169535
0.0256336872
0.0006853240
0.0023438113
-0.0239346102
-0.0433341488
0.0397408456
0.0000000415
-0.0013081450
0.0000566321
-0.0103986319
0.0032945392
0.0367693529
-0.0205261651
0.0005426240
-0.0185238775
0.0039911531
-0.0135986889
0.0000003781
0.0076622679
0.0043579238
0.0000000027
-0.0000010263
0.0207053907
0.0000016582
0.0000000903
0.0000000003
0.0140541401
0.0444021635
-0.0000000031
-0.0000000676
0.0000007251
-0.0000001379
0.0315506756
-0.0119461836
0.0000217834
0.0443740897
0.0447816364
-0.0000023224
0.0150735555
0.0232734568
0.0001276150
-0.0452736504
0.0265167840
0.0195181817
-0.0215210877
-0.0197484996
0.0577939153
0.0252079535
0.0126083726
0.0027384721
-0.0001635251
-0.0032001354
0.0119261993
-0.0263032410
-0.0238877274
-0.0000000046
0.0107308626
-0.0290567707
-0.0000001030
-0.0000000004
-0.0056365873
-0.0000103453
-0.0000000025
-0.0092570875
0.0252936855
-0.0287343692
0.0345048085
0.0015411020
-0.0000000000
0.0557305887
0.0031372153
-0.0000000338
0.0000646061
0.0414120518
-0.0257353969
0.0241170451
-0.0514833294
-0.0000001390
0.0001051623
0.0477822460
-0.0561513156
-0.0282720122
0.0372367948
-0.0000400148
-0.0198645536
-0.0078858370
-0.0000651287
0.0319306254
0.0347204506
0.0000307000
-0.0113034947
0.0418446697
-0.0000000928
-0.0364898704
0.0000000500
0.0457454212
-0.0148960669
-0.0000011681
0.0000002862
-0.0000226133
0.0051357215
0.0007266590
0.0000006175
0.0308000203
0.0229763482
-0.0048440793
-0.0000000000
0.0250718631
-0.0031870352
-0.0202008765
0.0006423756
0.0185083840
-0.0000000225
-0.0333526023
-0.0208894406
-0.0128947040
0.0000934406
-0.0350718759
-0.0059637022
-0.0361774787
-0.0000290075
0.0049945782
-0.0000000124
-0.0188937280
0.0243417658
-0.0000399732
-0.0000000025
0.0000000471
0.0182086155
0.0046059298
-0.0094710495
-0.0000000500
-0.0463274606
0.0303542018
0.0302786734
-0.0002345519
0.0494533367
-0.0000018466
0.0360650569
-0.0000002699
0.0014152136
0.0397870429
-0.0000000036
0.0000361632
-0.0056075193
0.0037512248
-0.0001482466
0.0457373001
0.0284485389
0.0088707572
0.0000025323
-0.0273310225
0.0041298936
-0.0009971847
-0.0459880047
-0.0389978290
0.0027297644
-0.0000179528
0.0272042342
-0.0117250597
-0.0141646406
0.0158050694
0.0310195461
0.0226646662
0.0103029218
-0.0000001057
-0.0001793413
-0.0000038927
-0.0615441166
-0.0000000016
-0.0337597094
-0.0000000429
0.0372981690
-0.0000034187
-0.0000011087
0.0393325388
0.0000096612
0.0000011205
-0.0261637773
-0.0000000989
-0.0000008764
0.0000037641
0.0303818192
0.0213320069
-0.0000000002
0.0310304407
0.0311345626
-0.0139534324
-0.0124732824
-0.0392638780
-0.0002211803
0.0084565924
-0.0000005581
0.0155477123
0.0279599428
0.0058861561
0.0000012332
0.0113275312
-0.0388654955
-0.0000000217
-0.0259751696
0.0021802478
-0.0000000283
-0.0084807994
0.0163265113
0.0003576877
0.0336814560
0.0009656522
-0.0134465443
0.0000002111
0.0000000030
-0.0080077210
-0.0000005788
0.0193410330
-0.0000000339
-0.0000000413
-0.0005819204
0.0190951694
0.0001473746
0.0102637270
-0.0125649022
-0.0440301299
-0.0356566906
-0.0000000312
-0.0005410799
-0.0000005631
0.0000000002
-0.0000113647
-0.0074801720
-0.0000081723
0.0000002191
0.0004319078
-0.0335246101
-0.0154352095
-0.0265735611
-0.0151116811
-0.0504877158
-0.0000001706
0.0000000524
0.0135255586
0.0000085055
-0.0001990914
0.0181058981
0.0012974967
0.0000000790
0.0103403348
-0.0119483136
-0.0053339102
0.0000000192
0.0355322659
0.0048495163
-0.0109214764
0.0245980080
-0.0421400890
0.0113371816
-0.0002546178
0.0413372554
0.0004338687
-0.0271188822
-0.0468737967
-0.0005070581
0.0196090769
0.0000453736
-0.0000002945
0.0124011189
0.0000564608
-0.0000119823
0.0000000279
0.0000000008
-0.0304490775
0.0000010670
0.0000000811
0.0000147675
0.0435026139
-0.0000215962
-0.0187296439
-0.0045409212
0.0008954194
-0.0423764326
0.0013144924
0.0012253020
0.0005081092
0.0000001788
0.0003354521
0.0029322845
0.0446724705
-0.0014983194
-0.0000000176
-0.0000000488
-0.0000507458
0.0368435271
-0.0110783624
-0.0000000981
-0.0002242949
-0.0193551891
-0.0000000000
0.0000220365
0.0033840602
0.0000116452
0.0002917775
0.0190198682
-0.0068236133
-0.0035773374
-0.0040641604
0.0288035665
-0.0000000124
0.0024146854
-0.0000004129
-0.0257933196
-0.0000021615
0.0008493047
-0.0000014688
0.0000000559
0.0000000198
-0.0128168333
-0.0104341749
-0.0442206152
0.0000003599
0.0001432457
-0.0000000448
0.0402419344
-0.0038317423
0.0005333994
-0.0000001698
-0.0000001369
0.0000039735
-0.0000992274
0.0002295924
0.0305518825
-0.0005057862
-0.0000520651
0.0047130841
-0.0324574374
-0.0198228844
-0.0078080883
0.0274778996
-0.0000000991
0.0097715566
0.0384975746
0.0045192684
0.0038491103
-0.0000011480
0.0204935018
0.0000000063
0.0000044027
0.0000000647
0.0000004285
0.0003888121
0.0000000159
0.0000098700
0.0103661399
-0.0014854177
-0.0001904310
-0.0000031903
-0.0000000220
0.0044162078
-0.0000013436
-0.0522863828
0.0000010180
0.0305885896
0.0090750307
-0.0286244731
-0.0368078537
-0.0000000001
0.0070789009
0.0372681394
0.0371148326
-0.0263972450
-0.0173946340
0.0067562186
-0.0000003896
-0.0000004520
0.0171432570
-0.0000108654
0.0000041696
-0.0000000040
0.0000180923
-0.0055772346
-0.0000000915
-0.0000033353
-0.0069302740
0.0037554123
0.0340029150
0.0000000348
0.0039417939
0.0243383273
-0.0329345055
-0.0016566669
-0.0007979358
-0.0248715226
0.0351973735
-0.0000002336
-0.0000000099
0.0425622053
-0.0419493355
-0.0054323645
-0.0000330222
0.0000000367
-0.0223032292
-0.0000000419
0.0428532064
-0.0194568690
-0.0000869881
0.0270022433
0.0065829302
0.0000009439
0.0195603538
-0.0006834447
0.0230911281
0.0006631502
0.0610973500
0.0000803640
0.0000046951
0.0038147031
0.0001983306
-0.0000000594
-0.0000002530
0.0103783598
0.0094107967
-0.0030871672
-0.0351298898
-0.0493402779
-0.0163077153
0.0000406621
-0.0115897795
0.0529843420
0.0362107903
0.0000000240
-0.0000422282
0.0400158577
0.0000550314
-0.0195453074
0.0391063914
0.0146757243
0.0224052891
-0.0026914473
0.0093959058
-0.0000000061
-0.0468766466
-0.0000000060
0.0000010822
-0.0010684729
-0.0116569987
0.0001050190
0.0235030334
0.0290300436
-0.0013273249
0.0168695096
-0.0000000428
0.0000000458
0.0004897967
0.0000666923
0.0326575078
-0.0000007809
-0.0050127497
-0.0233336948
0.0021552576
-0.0385696441
0.0125768520
-0.0277235936
0.0288188010
0.0063387537
-0.0309423450
0.0096416613
-0.0000893617
-0.0000000076
-0.0000000000
-0.0051047672
-0.0075542261
-0.0000000531
0.0028219642
-0.0342822522
-0.0291595273
0.0309051201
0.0330877490
0.0154717453
-0.0000000109
0.0000032631
0.0156677775
0.0418934114
-0.0000038266
-0.0081357453
0.0042587956
-0.0000058766
0.0274437722
0.0109935431
-0.0044775079
-0.0258121528
0.0388040282
0.0000000514
0.0538154766
-0.0195596311
0.0059339884
0.0000020863
0.0281103011
0.0000667177
-0.0137281818
0.0000000377
0.0318184681
-0.0000101262
-0.0000000437
-0.0360247828
0.0114098880
-0.0108666755
0.0050685569
-0.0000041071
0.0000000067
-0.0000000130
-0.0000005758
0.0221467130
-0.0229092147
-0.0212324746
0.0012781620
0.0088342270
0.0221561175
-0.0000021455
-0.0266557429
-0.0461292416
0.0508377366
0.0224073343
-0.0287828911
-0.0188849103
-0.0019939982
0.0146477884
-0.0000001830
-0.0000000263
-0.0318807922
0.0000000320
0.0000093363
-0.0203370266
-0.0000002444
-0.0023090853
0.0114728790
0.0017733134
-0.0045525935
0.0000008323
0.0008809615
-0.0000015897
0.0167778879
0.0161687378
-0.0193356648
-0.0019226170
-0.0000147806
0.0653306544
-0.0340130143
0.0044456152
-0.0025522891
-0.0246708654
0.0357302576
-0.0270899162
0.0497643314
-0.0060573197
-0.0000005545
-0.0309815854
0.0083743269
0.0000001441
0.0079768002
0.0000004021
0.0344739929
-0.0000015229
-0.0001093046
0.0000000081
0.0148266163
0.0002550359
-0.0141938347
-0.0073865643
-0.0034958795
0.0192635488
0.0000528676
0.0000082614
-0.0402032435
0.0006467333
0.0141338911
-0.0336614884
-0.0003496846
0.0026103838
-0.0000000010
-0.0339205079
-0.0571749583
-0.0503136888
-0.0341357738
-0.0350366160
0.0000000477
-0.0258335825
-0.0356051475
0.0105171455
0.0000013028
-0.0151006728
0.0314461626
-0.0000422744
0.0147593515
-0.0038350096
-0.0000000544
-0.0327744633
0.0066005778
0.0308036078
0.0326150879
0.0324089378
0.0011514162
-0.0000000008
0.0000000920
0.0087509053
0.0302457511
0.0304032918
0.0164561365
0.0414470807
0.0024965114
-0.0000001760
0.0000009759
0.0446036346
-0.0528099500
0.0390547551
-0.0000000254
0.0258655827
0.0408517905
0.0573240444
0.0000249958
-0.0187330339
0.0000000161
0.0001228789
0.0004193851
-0.0000568700
-0.0000000518
0.0469322354
0.0083267596
-0.0195903648
-0.0169442054
-0.0422184877
0.0000052032
-0.0418305136
-0.0000000229
-0.0000389634
0.0270621143
-0.0000000169
0.0000085397
-0.0007648410
0.0107536875
0.0101703294
-0.0002658005
-0.0050035003
0.0015130896
0.0222816151
-0.0545560420
-0.0065724230
-0.0007581119
-0.0222975798
-0.0070030889
-0.0000413011
-0.0308793802
-0.0000001704
-0.0010987307
-0.0230454169
0.0004342428
0.0036684461
-0.0059849168
-0.0183762088
-0.0438889638
-0.0288068745
0.0105211809
-0.0000000073
0.0284962226
0.0000000009
0.0000000013
0.0360691808
0.0392639711
0.0051738960
0.0216528662
0.0272289161
-0.0000004776
0.0140734287
0.0163739417
0.0391497388
0.0062406566
0.0361249335
0.0031334667
-0.0008805976
0.0000000649
0.0483593717
-0.0000036729
-0.0000385553
0.0182236340
0.0000001398
0.0003589677
0.0059924717
0.0237484332
-0.0000001447
-0.0000000432
0.0108643034
-0.0265657827
-0.0025252993
0.0000009208
-0.0000002107
0.0474722199
-0.0232828241
0.0012829747
-0.0030428129
-0.0000097243
-0.0063775890
-0.0305728707
-0.0008571801
-0.0004957888
-0.0209988859
-0.0351414680
-0.0408341810
0.0001257738
-0.0690477043
-0.0287572574
-0.0000000025
0.0000007491
-0.0011097031
0.0001827569
0.0027023163
-0.0039843181
-0.0173293967
-0.0295935888
-0.0411229469
0.0249513481
0.0380356573
-0.0379698873
0.0000029962
0.0251676850
0.0303562116
-0.0002410415
-0.0002954369
0.0000046428
0.0000000001
-0.0247916095
-0.0000000096
0.0271784943
0.0000532960
-0.0000162729
-0.0228363909
0.0000000001
0.0004579082
0.0145973070
-0.0000000356
0.0195315629
0.0328787416
-0.0000015878
-0.0110294586
0.0032328339
-0.0271426048
-0.0198206995
0.0236578528
0.0107322857
0.0001838341
0.0047279415
-0.0000000054
0.0000000226
-0.0000002897
-0.0000004741
0.0396479554
-0.0244347956
-0.0030856750
0.0000000253
-0.0304846577
-0.0000000509
-0.0000002219
0.0000300138
-0.0320539065
0.0059421235
-0.0062478082
0.0001032910
0.0531845354
-0.0534036346
-0.0000004443
-0.0345019698
-0.0353328101
0.0000042238
0.0328653678
0.0000000985
-0.0447186902
0.0205336157
-0.0018487760
0.0186741054
-0.0468052700
-0.0000017034
0.0000413358
-0.0341757126
0.0106929764
0.0166513417
-0.0308985431
0.0000083245
-0.0667902082
-0.0497293957
0.0588136129
0.0162794217
0.0024695629
-0.0039893975
-0.0000008314
0.0570989549
0.0126943029
-0.0001514910
-0.0049462481
-0.0002329261
-0.0065034046
-0.0000000135
0.0386957377
0.0240016766
0.0456106067
0.0086042965
-0.0119941700
0.0429270528
-0.0175486300
-0.0329400785
0.0198948681
0.0000001803
0.0757222772
0.0491696671
-0.0262722094
0.0009472199
-0.0000001365
-0.0012223556
0.0000000922
-0.0257017761
0.0291679837
0.0198640749
0.0281523746
-0.0222460292
0.0664484873
-0.0000071764
-0.0384328738
0.0371231697
0.0401909463
0.0000061139
-0.0000000176
0.0072034090
0.0001967010
0.0000006272
-0.0854801834
0.0453172177
-0.0551782548
-0.1056544557
0.0086412737
-0.0563886128
0.0002699043
0.0015800345
-0.0000186165
0.0190942623
0.0018792938
-0.0353140831
-0.0692033023
-0.0369248800
-0.0000004594
-0.0812958777
-0.0683070496
-0.0185215827
0.0089279963
0.0000000155
0.0090784440
-0.0018885210
-0.0180573072
-0.0000001861
-0.0084555699
0.0004308776
0.0002909684
0.0195706170
-0.0273055919
0.0201908052
-0.0000000254
0.0391114950
-0.0000000718
-0.0000000564
0.0047048875
-0.0013870199
0.0605334193
-0.0000000111
-0.0000010567
-0.0000002277
0.0159928408
-0.0000000047
0.0190164968
0.0229159929
0.0441041291
-0.0120630069
-0.0431109108
0.0407531373
0.0338468514
0.0203773882
-0.0054241326
0.0002612259
0.0004533349
0.0342311524
0.0016149720
-0.0375710949
0.0026527729
0.0006833051
0.0001201846
-0.0063843839
0.0000001182
0.0237743836
-0.0229947623
0.0000038412
0.0249298867
0.0300173983
-0.0452329069
0.0074678878
-0.0000000154
0.0000087888
0.0012375086
-0.0507255085
0.0355596766
-0.0000003421
-0.0382660739
-0.0371498466
-0.0266522113
0.0003353309
0.0009569218
-0.0429335907
-0.0199438483
-0.0351500399
-0.0415578373
-0.0327682942
-0.0525078624
0.0099612409
0.0518282577
0.0120605929
0.0010303555
0.0001340441
0.0317711160
0.0416389368
0.0000000653
0.0369806662
0.0101988744
0.0000504364
0.0000108785
0.0000000097
0.0000001424
0.0130802095
0.0071226591
0.0004272781
0.0217851289
0.0416689813
0.0434373766
-0.0050940812
-0.0098499898
0.0365502760
0.0236145947
-0.0262771286
-0.0000000081
0.0000000050
0.0006846762
0.0000152655
0.0264847782
-0.0135815013
0.0002309519
0.0002993369
0.0128982365
0.0313296989
-0.0011977841
0.0015036318
-0.0001451802
0.0000008713
0.0000951537
-0.0372791961
0.0033066745
0.0000000482
-0.0099916635
-0.0323414318
-0.0167633984
-0.0000001043
-0.0017933333
0.0000000447
-0.0000000482
-0.0086416351
-0.0048560258
-0.0000008248
-0.0000254429
0.0177677497
-0.0112002380
-0.0902418494
0.0179704651
0.0000000085
-0.0172433667
-0.0252134725
0.0181926060
-0.0808489546
-0.0013632912
0.0000000640
-0.0378554165
0.0026662129
-0.0000007267
-0.0408462994
0.0000004834
0.0000942746
0.0001739827
0.0174026862
-0.0091128014
0.0000227536
0.0000011456
0.0006689291
-0.0002271376
-0.0000000153
-0.0173328370
0.0019843760
-0.0408193059
-0.0209519602
-0.0232275818
-0.0000272807
-0.0403348953
0.0000071296
0.0413265452
0.0000049552
-0.0364931636
-0.0008076172
0.0014591730
-0.0009971187
0.0000146232
0.0003051159
0.0189492498
0.0498434827
-0.0581490695
-0.0077159754
-0.0335928164
-0.0334362686
-0.0233641490
-0.0216232259
-0.0002529235
-0.0000001397
-0.0085159950
0.0000016737
-0.0060103643
0.0000036654
-0.0049833967
-0.0540660024
-0.0000007714
-0.0000008342
0.0021923771
-0.0397799723
-0.0000422901
0.0000057077
0.0000007838
-0.1065364629
0.0002905309
-0.0539565235
-0.0466336235
0.0611326508
-0.0000249281
-0.0396782532
-0.0001105760
-0.0929815024
-0.0846003890
0.0091101089
0.0000001614
0.0000002341
-0.0532177724
-0.0415220819
-0.0446510836
-0.0003539109
0.0099982005
-0.0458389595
-0.0239162166
0.0229694266
-0.0082030622
-0.0131238373
0.0020772144
-0.0000000625
0.0000127543
-0.0144435409
0.0000000112
0.0164637901
0.0304054152
-0.0218800884
-0.0194676537
-0.0443722531
0.0430316888
0.0000000053
0.0063474355
0.0349870995
-0.0423197038
0.0142840939
-0.0023702970
0.0017504491
0.0000133320
-0.0000000987
-0.0092974221
-0.0379902869
0.0061005922
-0.0375724882
0.0314438902
0.0158881750
0.0000013850
-0.0000004644
-0.0535999350
-0.0128908064
-0.0827287138
-0.0000000027
-0.0448757708
-0.0893032849
-0.0000000309
0.0058871908
-0.0207025614
-0.0164783970
-0.0294650290
0.0252431352
-0.0132618500
-0.0446672104
0.0000192292
-0.0583036318
0.0000000305
0.0000000521
-0.0007074161
-0.0000000022
0.0005758595
-0.0816950798
0.0008564933
-0.0000000002
-0.0200558975
0.0000353365
0.0393063948
-0.0025444506
-0.0205443520
-0.0487289280
-0.0238070916
-0.0000611295
-0.0000071415
0.0387932546
0.0000018479
0.0082515972
-0.0026084366
0.0047737341
0.0247699656
0.0534252860
-0.0115697077
0.0422951058
0.0081789056
0.0355290212
0.0048884391
0.0436527468
0.0354555994
-0.0000101159
0.0266803373
0.0000333818
0.0000304220
-0.0025392948
-0.0349134915
-0.0000001097
-0.0000003143
0.0362926275
-0.0197779499
-0.0000004041
-0.0333350636
-0.0229903255
-0.0035780370
-0.0161635708
-0.0274038985
-0.0373124518
0.0167798568
0.0006329726
0.0016805338
-0.0000053362
-0.0484882668
-0.0147959385
-0.0000001042
-0.0239859316
-0.0296749566
-0.0259297416
-0.0127915787
0.0076430193
-0.0489195473
-0.0043250136
-0.0540108718
-0.0621753931
0.0207253378
0.0000000087
-0.0224599466
-0.0107985456
-0.0550356023
0.0001934106
0.0000022925
-0.0000273998
-0.0054376647
-0.0000008954
-0.0473525859
0.0398475863
-0.0406037159
0.0272459574
-0.0000027891
0.0010103822
0.0001194175
0.0306132007
-0.0039204522
-0.0334744006
0.0445775874
0.0000013254
-0.0281347334
-0.0054226117
-0.0000245259
0.0106983315
-0.0000227422
0.0614359863
0.0281026438
0.0195151679
0.0021930118
-0.0000004618
-0.0114536509
-0.0004979103
-0.0457444824
0.0200492982
-0.0000000245
0.0002660388
0.0000001391
0.0058998871
0.0420059972
-0.0000001559
0.0004394101
-0.0353212394
-0.0500052385
-0.0050761169
-0.0000017821
0.0001624837
-0.0641773492
-0.0000001103
-0.0140868705
-0.0460928306
-0.0852536634
-0.0005840579
0.0280396324
-0.0167403203
0.0188263059
-0.0000001343
-0.0198288821
-0.0023727752
0.0382440910
-0.0842435434
0.0000006001
-0.0215872098
-0.0251953844
-0.0256547593
0.0316698477
-0.0000000379
0.0000000028
-0.0361309461
-0.0287656598
0.0000000029
0.0018051902
-0.1076139435
-0.0415084139
-0.0085769203
-0.0159525927
0.0002378473
0.0073917909
-0.0106388573
0.0000001856
-0.0124660414
0.0550946556
0.0105555952
-0.0269912425
0.0000002889
-0.0216697436
0.0135665191
0.0227640960
0.0001503501
0.0303999688
-0.0000574138
-0.0272996575
-0.0465297401
-0.0259858482
-0.0249827225
0.0540550016
-0.0000001910
0.0000115930
0.0418728478
-0.0107109798
0.0013390374
0.0000001413
-0.0387442671
-0.0504085980
0.0045243222
0.0000000199
0.0000348907
-0.0428043902
-0.0420466699
-0.0076389154
0.0027542703
-0.0518034287
-0.0325461067
0.0346223824
-0.0331099033
-0.0277380981
-0.0594714470
0.0146897975
-0.0000000233
-0.0769063830
0.0086002899
-0.0092306109
-0.0934247449
-0.0243632160
0.0357333310
-0.0346280374
-0.0003257706
-0.0534328930
-0.0329471566
-0.0021839221
0.0231606215
-0.0172685683
0.0236804597
0.0108536389
0.0040861606
-0.0000001260
-0.0084201172
-0.0537340753
0.0000000088
0.0424520709
-0.0357924439
0.0342047475
0.0109072756
-0.0194496829
-0.0000000376
-0.0312966183
0.0015248276
-0.0002275979
-0.0000004814
0.0000280786
-0.0000000005
-0.0003030190
-0.0424126312
0.0322024561
-0.0040447661
-0.0198727734
0.0018598860
-0.0334406346
0.0047266558
-0.0005855411
0.0035617894
0.0000009814
0.0000065885
-0.0045873574
-0.0241883323
0.0000109122
0.0267276317
0.0030460514
-0.0000000423
-0.0489558987
-0.0000001787
-0.0074910144
-0.0779792145
0.0000000033
0.0000029901
-0.0000150534
-0.0010622685
0.0274111088
0.0000000479
-0.0301256627
-0.0412868746
-0.0075690416
0.0000000565
0.0220650770
-0.0000001892
0.0000000807
0.0070451810
-0.0000000374
-0.0658052713
-0.0115717407
0.0276491959
0.0401632823
0.0000000856
-0.0010131435
-0.0172796212
0.0019465669
-0.0000000028
-0.0000001251
-0.1241787374
-0.0315283164
0.0000017247
-0.0407357402
0.0027466009
0.0000819472
-0.0043407991
-0.0025135526
-0.0031190859
0.0005452895
-0.0000000284
0.0000095035
0.0089858714
0.0006121976
-0.0080888821
-0.0123252850
0.0052671037
0.0000000740
-0.0194446370
-0.0056246063
0.0000000117
-0.0576400831
0.0053742020
-0.0000000004
0.0173970163
0.0070512588
-0.0426732488
-0.0000000335
0.0000001636
0.0000001617
0.0355718508
-0.0339253172
0.0350278206
-0.0415405333
0.0304644872
-0.0621834248
-0.0707710981
-0.1154767200
0.0383104570
-0.0847434774
0.0000029251
-0.0000000053
-0.0000008449
0.0000000049
-0.0631173030
-0.0294641051
-0.0179396961
-0.0726379007
-0.0440510660
0.0139305228
-0.0000001037
0.0385265946
0.0000035805
-0.0000000772
-0.0145660518
-0.0446569286
-0.0518589914
0.0000000270
0.0000003569
-0.0009490881
0.0029510967
-0.0737009048
-0.0000000211
0.0000007188
0.0292005576
0.0000031115
0.0000001876
-0.0184916370
-0.0536741950
-0.0542660616
-0.0522217192
0.0012462338
-0.0207192395
0.0000074204
-0.0000000005
-0.0000000195
0.0254048221
0.0017087319
-0.0024636588
-0.0002806630
-0.0000000369
0.0002031781
0.0000000393
0.0000001523
0.0294898916
0.0411541499
-0.0000001223
-0.0521807857
0.0234752428
0.0000040336
-0.0000000242
0.0018493886
0.0006445025
0.0277556181
0.0005516949
-0.0000107034
-0.0359441526
-0.0467466637
0.0000619460
0.0000000001
-0.0077582709
-0.0000037806
0.0250496045
0.0346483663
-0.0932657048
-0.0000000524
0.0302953087
-0.0001033741
0.0000002377
0.0000000019
0.0000001039
-0.0469614565
-0.0192025378
-0.0266147368
-0.0323078297
-0.0041193576
-0.0009201324
0.0000001186
-0.0000000783
-0.0523505621
-0.0278242957
0.0143900244
-0.0376756899
0.0284209512
-0.0282646567
-0.0230367780
0.0030415370
-0.0000000339
0.0235276371
-0.0637671575
-0.0334402174
0.0223091654
0.0042293984
-0.0000093856
-0.0548088662
0.0000000002
0.0010418744
0.0000052991
0.0021300318
-0.0236319695
0.0011306774
0.0229907669
-0.0000073858
0.0269397516
-0.0000966240
-0.0234380197
-0.0017351361
0.0000005579
0.0380991027
0.0436892174
0.0027349258
-0.0331766829
0.0024689359
-0.0209481474
0.0498793237
0.0000000671
0.0000005615
-0.0145942485
0.0373497009
-0.0207445174
-0.0219688509
0.0127362572
-0.0000000135
-0.0626431555
0.0155216139
-0.0002919113
0.0283961035
-0.0049052802
0.0219447855
0.0000002325
-0.0071327058
0.0000117746
-0.0124631440
0.0000035346
0.0260984581
0.0315435901
0.0222200435
0.0139646325
-0.0105040390
0.0377320200
-0.0365228839
-0.0489724837
0.0088695278
-0.0225146804
-0.0165379439
-0.0001255757
0.0292697418
0.0505965650
0.0000035645
-0.0056020916
0.0346440785
0.0116916997
-0.0628526509
-0.0250109285
0.0171909165
0.0007343608
-0.0736309737
-0.0013977283
0.0000023855
0.0321753435
-0.0441366807
0.0077038030
0.0272043552
-0.0024015710
-0.0000036469
0.0503090695
0.0136106396
0.0425180309
0.0002272289
0.0112025021
-0.0000701716
-0.0001312495
-0.0002740222
0.0139105162
-0.0000095695
-0.0442797095
-0.0025046284
-0.0029567240
0.0020352311
-0.0006615149
0.0033066471
-0.0144266505
-0.0135207819
0.0219427589
0.0000000398
-0.0000000108
0.0023180307
-0.0364809297
0.0204469729
0.0000003693
0.0407019444
-0.0000327676
-0.0234652925
-0.0220802873
-0.0000004931
-0.0696849152
0.0000000184
-0.0158943236
-0.0000000023
-0.0000018403
-0.0538570434
0.0074435961
-0.0009271043
0.0000000174
-0.0215489101
-0.0000003718
0.0000001626
-0.0243820641
0.0043478380
-0.0008590649
0.0000000477
-0.0541755818
-0.0440102778
-0.0490450114
0.0011859353
0.0000119068
-0.0436442941
0.0000000845
-0.0746973529
0.0019259134
-0.0191319063
-0.0650867745
0.0000000001
0.0157778487
0.0007500696
-0.0002576208
-0.0027070979
-0.0219017640
-0.0212342218
0.0087570744
0.0000424358
0.0221982840
-0.0000684615
0.0062695872
-0.0000174676
0.0117351506
-0.0000041750
0.0086044222
-0.0137390140
-0.0373024233
0.0162930433
0.0000810397
0.0004233592
0.0569805205
-0.0000001589
0.0152856978
-0.0000000450
0.0049121049
0.0086737694
-0.0085081011
-0.0694860145
0.0050961031
0.0024802808
-0.0000012994
0.0007366475
-0.0270961151
0.0004840399
-0.0487203822
-0.0238775183
-0.0342887118
-0.0000430856
-0.0384575389
0.0000000212
0.0000000394
-0.0013218296
-0.0505409651
-0.0007664635
-0.0674298480
-0.0027843737
-0.0227050614
0.0000000079
0.0000000105
-0.0051295706
-0.0342485122
0.0374292694
0.0211658999
-0.0159353539
0.0000942984
-0.0001178935
-0.0000000031
-0.0358346887
0.0298802201
0.0026047421
0.0227007121
-0.0703321844
0.0181432180
0.0000296979
0.0021039420
-0.0423419736
0.0109073389
0.0000355485
-0.0003210185
0.0043042265
0.0000310969
-0.0077431547
0.0146155432
-0.0000867162
-0.0005221634
0.0000010577
0.0044621713
0.0000000019
0.0520776846
-0.0000000062
0.0464672782
-0.0004465993
0.0046159537
0.0001593361
-0.0402355418
-0.0488380194
-0.0000089723
-0.0019738430
-0.0000024526
-0.0446787961
0.0000009424
-0.0641791299
-0.0270743202
-0.0001428632
0.0057781623
-0.0186624210
-0.0122291418
-0.0941679329
0.0000473799
-0.0058488185
0.0003581085
0.0000000415
0.0000000036
0.0292390939
0.0227651820
0.0000086847
0.0030534794
0.0467488132
-0.0451731831
-0.0000000030
-0.0088589536
-0.0023363177
-0.0701313242
0.0000000466
-0.0003754763
0.0407507680
0.0000023469
-0.0129571706
-0.0382916667
-0.0960462689
0.0000010106
-0.0180329140
-0.0059712194
-0.0018537514
0.0169026144
-0.0000002342
0.0377335101
0.0000000090
-0.0062489635
0.0000361871
0.0000000334
-0.0008216707
0.0326586887
0.0260280035
0.0018248074
-0.0000000004
-0.0373916663
-0.0265552271
-0.0000007370
-0.0048251115
-0.0162528995
-0.0000581558
0.0000391510
-0.0074038426
-0.0067390837
0.0149911009
0.0291381422
0.0142055629
0.0000000248
0.0018054326
0.0111289816
-0.0000027943
0.0314089768
-0.0408923961
-0.0001784829
0.0004338652
-0.0289882515
-0.0000000549
0.0021205475
-0.0001407914
-0.0000001030
-0.0649706349
0.0000000095
-0.0000007298
-0.0326504335
-0.0000000058
0.0141991284
0.0051929955
-0.0017581324
-0.0000000567
0.0103663001
-0.0694952533
0.0127126146
0.0000001744
-0.0139381289
0.0000585949
-0.0008585805
0.0000000702
0.0000000074
-0.0541444868
-0.0303878672
0.0014753441
-0.0580543913
-0.0024381129
-0.0000000507
0.0000051561
-0.0458903648
-0.0035010092
-0.0803199708
-0.0000809266
0.0279433299
-0.0985094756
-0.0449147522
-0.0493997335
-0.0388250463
0.0003238968
0.0000101283
0.0010435177
-0.0110491309
-0.0240099560
-0.0112654865
0.0166807063
0.0173088312
-0.0000000081
0.0000013760
-0.0074782600
0.0167621672
-0.0000005876
0.0000000047
0.0163981374
-0.0000017361
0.0000004317
0.0000001315
0.0180831905
-0.0000000239
0.0240031052
0.0003128093
0.0000003684
0.0000002416
0.0000002107
-0.0804846585
-0.0002386645
-0.0462117046
0.0130355312
-0.0816389471
-0.0184019860
-0.0150542641
-0.0318130478
0.0002458315
0.0000002553
-0.0335781574
0.0000002680
-0.0277119838
-0.0000000283
0.0350833647
0.0000673366
0.0000000009
0.0004480902
-0.0361527242
0.0348162130
0.0521110035
0.0000001705
0.0069934456
-0.0000163937
0.0057717017
0.0000104162
-0.0000071027
-0.0334818847
-0.0636219680
-0.0000000907
0.0076346132
-0.0014149674
-0.0311150346
-0.0117644956
-0.0000000201
0.0326330289
-0.0000000038
-0.0358018726
-0.0438304879
-0.0321257226
-0.0565377362
0.0415765867
-0.0000000009
-0.0000000162
-0.0158164557
0.0329981148
-0.0007133500
-0.0122566149
0.0502200797
0.0189098194
-0.0378855541
0.0027500177
0.0554243885
0.0000121894
0.0036694244
0.0000015010
0.0094934031
0.0550351106
-0.0002331378
0.0140389549
-0.0450865291
0.0073879650
-0.0016097913
0.0501087569
-0.0000375968
0.0000000016
0.0297714695
-0.0003381892
-0.0058877291
-0.0000016360
-0.0203596428
-0.0092189228
-0.0294488538
-0.0168299824
-0.0000001404
-0.0538115352
-0.0452067740
0.0428914241
0.0070473058
0.0044972142
-0.0201516040
-0.0000001335
0.0007002128
0.0068469965
0.0208199415
-0.0000002023
-0.0000010977
-0.0306597538
-0.0000004247
-0.0460171811
-0.0542381480
0.0403436087
-0.0257870927
-0.0021132575
-0.0690925643
0.0366210639
0.0000000036
-0.0458276235
-0.0000000058
-0.0285604242
-0.0487656891
-0.0001723048
-0.0000000000
0.0056794123
0.0002274987
-0.0037532635
-0.0297998879
0.0000415580
-0.0000000005
0.0469302610
-0.0000157727
0.0012396524
0.0386327058
-0.0210909601
0.0000120468
0.0000000162
0.0204034001
-0.0000001274
0.0299889073
-0.0136283739
-0.0237425491
0.0052762991
-0.0047302367
0.0381337143
0.0000000068
0.0092565017
-0.0515878163
-0.0041019134
-0.0569658205
-0.0000019361
0.0022346999
-0.0000000268
-0.0000000892
0.0006538904
-0.0592919141
-0.0202371217
-0.0000000618
-0.0464191325
0.0082528498
-0.0003015956
0.0035050842
-0.0574463718
0.0075952318
-0.0563286394
0.0007608257
-0.0424456671
-0.0304963663
-0.0332695507
-0.0265033524
0.0000000302
-0.0353242792
-0.0463666953
0.0000000358
0.0000000047
0.0000041216
-0.0000007163
-0.0572312176
-0.0007075334
-0.0225214008
-0.0313677453
-0.0000011302
-0.0000000979
-0.0475198142
-0.0000000022
-0.0004178959
-0.0000011237
0.0262926463
-0.0000000251
0.0131849432
-0.0008860129
0.0425242931
0.0185174663
-0.0126848100
-0.0075948206
-0.0000072444
0.0000003300
0.0225080736
0.0000012758
0.0000001103
-0.0000000041
0.0000001600
-0.0200811587
-0.0000000106
0.0100668175
-0.0000002457
-0.0000007144
-0.0000003016
0.0000201937
-0.0000000000
0.0058054510
-0.0093702255
-0.0089770248
-0.0000025041
-0.0000001432
-0.0490025841
0.0351649038
-0.0734059736
-0.0842568204
0.0157286283
0.0169841442
0.0000000075
0.0000394447
0.0000022538
0.0000004873
-0.0014010926
0.0000000714
-0.0000043794
0.0002476939
0.0242430307
-0.0504087768
-0.0572715737
-0.0537797511
0.0096644899
0.0229522083
0.0000000190
-0.0366806351
-0.0562146492
0.0327795669
-0.0256358292
0.0164865758
-0.0118676461
0.0031787809
-0.0075723128
-0.0034654404
-0.0387063548
-0.0033734965
0.0009487987
-0.0412750877
0.0049787271
0.0037552235
-0.0484500788
0.0026561085
-0.0000000597
0.0007356414
0.0099441446
-0.0303772856
0.0104214614
0.0470260940
0.0324722677
0.0000045542
0.0000019178
0.0035783756
0.0193383954
0.0001567291
-0.0034301016
-0.0161645748
-0.0096112583
-0.0097974008
-0.0244793501
0.0120514752
0.0464548692
-0.0000341728
-0.0000119273
-0.0190634150
0.0000000060
0.0081796637
-0.0480975918
0.0000643393
-0.0393143743
-0.0000082522
0.0000001209
0.0000005073
0.0363617614
-0.0026033111
0.0247943811
0.0000000056
-0.0093166884
0.0003444024
0.0366798528
-0.0069754021
-0.0000010539
0.0378690697
0.0408718064
-0.0206335057
-0.0242208298
0.0037138087
-0.0032144550
0.0201698467
0.0000010552
0.0000052007
-0.0000003487
0.0295663849
-0.0109275011
0.0184266958
0.0361820720
0.0043220599
-0.0000000132
-0.0402888060
-0.0871346593
-0.0142128430
-0.0664095134
0.0101351812
-0.0555181988
-0.0014797106
0.0455390513
-0.0000019571
0.0031077063
0.0436539911
0.0020935193
-0.0242780149
-0.0000013280
-0.0393257067
0.0000216670
0.0375870429
0.0276614726
0.0032309631
-0.0000001127
0.0000000100
0.0002073746
0.0087020230
0.0085750185
0.0281641092
0.0079378653
0.0000048329
-0.0466650799
0.0042906939
-0.0017679097
-0.0443262979
0.0441803038
0.0318756402
-0.0166751612
-0.0048223510
0.0000015976
-0.0250868462
-0.0314175636
-0.0576048940
-0.0055995192
0.0268070009
0.0000000602
-0.0226801895
-0.0438194796
0.0351320431
-0.0000079056
-0.0045600105
0.0062436797
0.0000062754
0.0000006878
0.0000024268
0.0095882202
-0.0010477148
-0.0014536685
0.0005236548
-0.0008137002
0.0053004180
-0.0000551466
0.0313239135
-0.0000000042
-0.0668356195
0.0009483838
0.0423115157
-0.0009946766
-0.0485679321
-0.0729680881
-0.0160437599
-0.0025694226
0.0349938087
-0.0251583420
0.0000035275
0.0011785699
-0.0000000093
0.0000083527
-0.0004128348
-0.0009708691
-0.0000003328
-0.0104006091
0.0088414336
0.0269891489
0.0002738688
0.0010780067
-0.0001309228
0.0281805452
0.0023860999
-0.0012696332
-0.0292399824
0.0000080200
0.0035642248
-0.0077651832
0.0000000454
-0.0000000000
-0.0255465135
-0.0166808553
0.0003623540
-0.0185442921
0.0002875960
-0.0904581845
-0.0000127734
0.0198865160
0.0000009408
-0.0696682408
0.0000000189
-0.0557819642
0.0308655482
-0.0464001149
-0.0116588073
-0.0501996204
0.0303647779
-0.0143750301
0.0371653214
0.0000000010
-0.0338971987
-0.0000109039
-0.0289798919
0.0090808496
0.0403016806
0.0000003482
0.0002599403
-0.0189114809
0.0000000018
-0.0057664672
0.0116557078
0.0007449486
0.0000043337
-0.0203735363
-0.0001284077
-0.0006045679
-0.0629825890
0.0040691560
-0.0461151674
-0.0224755313
-0.0355101228
0.0000000131
-0.0000000488
0.0001799643
0.0035500103
-0.0000001591
0.0148172742
-0.0424271524
-0.0001815801
-0.0000000276
-0.0223841555
0.0000000058
-0.0001173104
-0.0347821638
-0.0002145563
0.0117368717
0.0441463888
0.0222397000
-0.0000006265
-0.0000000018
-0.0000000064
0.0179254618
-0.0000000206
-0.0000000252
0.0471835881
-0.0000001643
0.0063224328
-0.0001426998
-0.0470628887
-0.0000000073
-0.0684989542
-0.0496739261
-0.0003829040
-0.0000140965
-0.0020608036
-0.0022339120
-0.0000002690
-0.0369619951
-0.0620945804
0.0000000010
-0.0002410406
0.0506469272
0.0000570116
0.0023041167
-0.0679946169
0.0134375934
0.0482727997
-0.0000002212
-0.0185665656
0.0000000864
0.0000000018
-0.0107344631
-0.0461756811
0.0063893432
-0.0004190811
-0.0013175234
-0.0000016015
-0.0519079715
-0.0529930294
0.0301059484
0.0358812436
-0.0000000056
-0.0721704513
0.0253599491
-0.0633720532
-0.0398194306
-0.0000000562
0.0388392769
-0.0285491254
-0.0196093861
-0.0019392731
0.0000000104
-0.0033489054
0.0082304506
0.0000117483
-0.0000568729
0.0000006668
0.0000037923
0.0109156454
-0.0000000329
-0.0162058268
0.0150217125
0.0009122897
-0.0182806365
0.0000003886
-0.0122157345
0.0153578725
0.0000100658
-0.0431459472
-0.0120780142
-0.0000000206
-0.0216397736
-0.0508850366
-0.0324941128
-0.0002469499
0.0185602419
0.0001697075
-0.0001525219
-0.0000436105
-0.0004043386
0.0230251327
0.0000000767
0.0000001310
0.0059756152
-0.0232379679
0.0180433877
-0.0225530993
-0.0000451508
-0.0004143246
0.0167916100
0.0044290442
0.0121411318
-0.0043374477
-0.0000000328
-0.0053952634
0.0056201033
-0.0019399987
-0.0334882401
-0.0162916183
-0.0015701546
-0.0023189320
0.0004030764
0.0000002571
0.0241845082
0.0238002818
-0.0000000459
0.0092313644
0.0049382662
-0.0391942672
0.0005067256
0.0000000002
-0.0000000961
-0.0001615492
-0.0000000795
-0.0158151016
-0.0000005649
-0.0514010154
0.0211524386
0.0015026802
0.0036324172
-0.0404871851
0.0170614570
0.0097790444
-0.0080230562
0.0374251269
-0.0000963974
0.0000099630
0.0014439240
-0.0320572592
0.0000000035
0.0037907588
-0.0002653838
-0.0005721865
-0.0578960702
0.0259148777
0.0002026990
0.0314155109
0.0000182020
-0.0240806043
-0.1068860441
-0.0261007920
0.0000000050
-0.0610336885
-0.0000001381
-0.0101699121
0.0017160359
0.0000000142
-0.0038326716
-0.0002425501
-0.0025196776
0.0181283541
-0.0134520940
-0.0612624623
-0.0000000327
0.0000000272
0.0280900877
0.0048794933
0.0409202129
-0.0000194476
0.0230589733
-0.0023661342
-0.0211679861
-0.0929471925
0.0000004469
0.0085881921
-0.1049757674
-0.0012625061
-0.0398172066
-0.0307081100
0.0027090446
-0.0358689465
-0.0374966003
0.0000000314
0.0233275238
-0.0468196422
-0.0042570625
-0.0000000795
-0.0000000531
0.0000000495
0.0218429938
-0.0360607393
-0.0003273019
-0.0587737747
-0.0000000321
-0.0000000500
0.0042820722
0.0083217323
-0.0007425029
0.0000001440
0.0485535711
0.0005957574
-0.0046478650
-0.0474764146
0.0127813341
0.0019961114
-0.0009883466
-0.0029734313
-0.0009731335
-0.0001534036
0.0014156089
-0.0204464439
0.0000000094
-0.0264022555
-0.0128735080
-0.0000000252
0.0524372421
0.0000101977
0.0098676980
0.0188423265
0.0262004901
-0.0000012772
0.0264082868
-0.0437732041
0.0103751896
0.0019962483
-0.0026790758
0.0092332941
0.0001234103
-0.0000000094
-0.0310250856
-0.0000000120
0.0057332721
-0.0031195588
-0.0000009567
-0.0090934793
0.0000026703
-0.0712921619
-0.0433398336
-0.0097276140
-0.0609546863
0.0516890846
-0.0000000886
0.0146153374
-0.0109308325
-0.0401448682
-0.0007017698
0.0000000931
-0.0610804819
-0.0000000266
0.0000147619
-0.0012030620
-0.0000003512
0.0111892913
0.0211105905
0.0203058906
-0.0000001371
-0.0267045349
0.0000000430
0.0452793613
0.0388364159
0.0000000097
0.0464684367
-0.0000000863
-0.0002214585
0.0266632382
-0.0005776449
-0.0000000061
0.0268834755
-0.0170136783
0.0513805971
0.0000697893
-0.0384166092
0.0002697553
0.0007229214
0.0000001148
-0.0377817117
0.0364934653
0.0022904593
-0.0525566339
0.0577118471
-0.0991013348
0.0316571072
0.0003747872
-0.0001942672
-0.0403204635
0.0115359072
-0.0006862635
-0.0000002686
0.0000012355
-0.0357991755
0.0486932583
-0.0000357313
-0.0003739395
0.0000002603
-0.0301263612
0.0000563186
-0.0505638346
-0.0000346529
-0.0000025514
0.0276366901
-0.0426670946
0.0001487928
-0.0058460571
-0.0079884315
-0.0512803197
0.0212749988
-0.0000042623
-0.0124306194
0.0170331188
-0.0367702544
-0.0074531701
-0.0282628424
-0.0259601194
-0.0000017075
0.0021845815
0.0011834152
-0.0378654897
-0.0000004234
0.0000820293
0.0332141817
0.0176513009
0.0000000309
0.0000176445
-0.0458325855
0.0261654258
-0.0149541087
0.0125002572
0.0020991273
-0.0401558019
0.0000339053
0.0000020393
0.0502955280
-0.0264235865
0.0085566752
0.0272448417
-0.0457296595
-0.0191950705
0.0301054791
0.0012997241
-0.0000000491
-0.0216477681
-0.0623070300
-0.0518834665
-0.0831219330
0.0000000202
-0.0623810701
-0.0376205370
-0.0844176933
0.0208773930
-0.0149874995
0.0113901701
0.0011987999
-0.0000000571
-0.0000303306
0.0029385297
0.0171922315
0.0146071026
0.0000725853
0.0000000041
0.0004000028
0.0000000493
0.0000029166
0.0166800264
0.0000505321
-0.1010089070
0.0000000025
-0.0241220612
-0.0611565746
0.0288406275
-0.0426814556
-0.0681142658
-0.0437012725
0.0150025012
0.0372711271
-0.0000000552
-0.0067873942
-0.0156153897
-0.0029688950
-0.0000002970
-0.0318909027
0.0000002149
-0.0000014382
-0.0001477353
0.0207892340
0.0137634110
-0.0018093723
-0.0509765148
0.0377581269
-0.0184471924
-0.0001480663
-0.0000029830
-0.0308248363
-0.0000000108
-0.0127371484
0.0000006363
0.0000535821
-0.0000003046
-0.0007727736
-0.0080853691
-0.0585550070
0.0002712735
-0.0416386910
-0.0431900844
-0.0058571296
0.0000001162
-0.0595759079
0.0008536580
-0.0114434082
-0.0000000441
0.0164369624
-0.0000437812
-0.0003815233
0.0183591116
-0.0214299951
0.0000935742
0.0486764908
-0.0205960348
-0.0286250412
-0.0000719919
-0.1083320379
-0.0000000357
0.0487610921
-0.0454090871
-0.0607262477
-0.0000000482
0.0000032329
-0.0000138022
-0.0034367889
-0.0380011611
0.0214356612
0.0349910110
0.0000000513
-0.0000000558
0.0005865294
-0.0001476598
-0.0458800718
-0.0277380906
0.0002330316
-0.0167651810
-0.0085246535
0.0000024268
-0.0000879874
-0.0000000352
0.0084724659
-0.0000000285
-0.0000004393
0.0154777188
0.0000601156
-0.0395780578
0.0061104591
-0.0000001046
0.0000000441
-0.0000001455
0.0000005269
-0.0000000042
0.0258662328
0.0013076478
-0.0000000019
0.0169769432
0.0301854610
0.0000020292
0.0000003255
0.0186307896
0.0021425220
-0.0381810926
0.0271307621
-0.0210453495
-0.0440269746
-0.0029726147
0.0088329585
0.0499952845
-0.0013461678
-0.0465385020
0.0284487251
0.0014173656
-0.0000514453
-0.0228919499
-0.0935177729
-0.0605521575
0.0346594900
0.0000000144
-0.0927785635
-0.0254391823
-0.0475901105
-0.0002083285
0.0189812854
-0.0000000022
-0.0189969912
-0.0893944055
0.0000015281
-0.0450106263
-0.0000000347
-0.1088399962
-0.0000017418
-0.0268074069
-0.0678259805
-0.0057400861
-0.0558587052
0.0519982427
-0.0316553377
0.0000000409
-0.0039033864
0.0150462352
-0.0000527568
-0.0202920772
0.0212984588
0.0452099331
0.0253600907
-0.0174431652
0.0439647846
0.0301299542
0.0000173435
-0.0000001330
-0.0000072374
-0.0034201094
0.0311510600
-0.0036912865
0.0000000123
0.0279952250
-0.0000434436
-0.0035724449
0.0098384740
-0.0001720985
0.0001372140
-0.0053437212
-0.0000320566
-0.0145949442
0.0057198587
-0.0470201448
-0.0485806093
-0.0000000042
0.0000003452
0.0014249892
0.0000000325
0.0089639239
-0.0000000091
-0.0003756234
-0.0001449474
0.0045196167
0.0000009303
0.0158869661
-0.0001033548
-0.0433550104
-0.0189692192
0.0101987626
0.0000009058
-0.0000001285
-0.0828856304
-0.0000000127
-0.0461838171
0.0026856808
0.0321730301
0.0432785526
0.0000772284
-0.0000006464
0.0403364897
-0.0556227304
-0.0041888254
-0.0006541119
-0.0591681339
0.0000072863
-0.0000316884
0.0000000128
-0.0267209355
-0.0000131722
-0.0000063330
0.0160334073
-0.0003102871
-0.0049603903
0.0000382985
0.0515454449
-0.0000229849
0.0006956938
0.0000000004
0.0205322765
-0.0000003113
-0.0005987788
0.0098395804
0.0206923932
-0.0204656199
-0.0097201811
0.0008349224
0.0022073530
-0.0453790762
0.0000003341
-0.0000025142
-0.0000000001
-0.0005115077
-0.0241014175
0.0000000101
-0.0327340737
0.0213753190
-0.0008717116
0.0187264122
-0.0277384277
0.0000000660
0.0033304822
0.0098676700
-0.0424986295
-0.0000000553
0.0000000236
-0.0000052357
-0.0917348713
0.0092556765
-0.0294884052
0.0433878787
0.0014665704
0.0022179887
0.0156645905
-0.0698347241
-0.0000003344
-0.0715637207
-0.0725538507
-0.0165161844
-0.0774974450
-0.0000006041
-0.1081689447
-0.0652969107
0.0102365399
-0.0352913849
-0.0446352065
-0.0799558014
-0.0335874856
-0.0214267112
-0.0560043901
0.0001233846
0.0000001139
-0.0556588136
-0.0366298892
-0.0153537150
0.0000014831
-0.0000001103
0.0026011940
-0.0076425206
-0.0194720160
0.0000000178
-0.0029792399
-0.0096696448
0.0204763655
-0.0033502937
0.0000007883
-0.0356588922
-0.0000276675
0.0001115830
0.0267073438
-0.0413721688
0.0195968542
-0.0387780182
0.0338273421
0.0000000153
-0.0023079966
0.0234870128
0.0251549780
0.0007298275
-0.0201023370
0.0102850115
-0.0001738698
0.0000196815
0.0039931503
0.0071594920
-0.0007725187
-0.0505132973
-0.0001491473
-0.0107184807
0.0036379311
0.0000005513
-0.0267147105
-0.0549230613
-0.0553544052
0.0000000351
0.0549515262
0.0003958493
-0.0568049438
0.0120386034
-0.0000003207
-0.0000002783
0.0000000282
-0.0274106953
-0.0149365133
-0.0000000308
0.0383366235
-0.0075382320
0.0000000106
-0.0824859068
-0.0347560234
-0.0452197492
0.0000000222
0.0510621369
-0.0266892631
-0.0124146948
-0.0151580581
-0.0010281213
0.0000031314
-0.0024985268
0.0008521651
-0.0000960039
-0.0282402374
-0.0002085979
-0.0000000458
0.0002898118
-0.0006808519
-0.0003320405
0.0000796784
0.0000000013
0.0234517567
0.0041675703
0.0001579148
-0.0400177501
-0.0010411224
-0.0009142737
0.0000000068
0.0119479392
0.0260609481
0.0238160286
0.0144341430
0.0045903809
0.0141041754
0.0187465679
-0.0000002166
-0.0454360731
0.0000000258
-0.0000008325
0.0231181346
0.0334597640
0.0000108077
-0.0000000306
-0.0000180516
0.0066467295
0.0000005469
-0.0003210143
-0.0084070778
-0.0000000145
-0.0005026596
-0.0057335696
0.0000000024
0.0000078540
0.0000000629
0.0000004245
-0.0312605649
0.0000349131
-0.0727670714
-0.0030361377
0.0152632743
-0.0456940979
-0.0289926995
0.0178145375
-0.0000000056
-0.0000000240
-0.0017344683
0.0445213281
-0.0000270817
-0.0466446728
0.0073675625
-0.0239131972
0.0000000002
-0.0388211012
-0.0000553633
-0.0000124141
0.0000473797
0.0000009745
0.0010068918
-0.0322764888
-0.0580045991
-0.0074282433
0.0000011949
-0.0174039882
-0.0000000588
0.0801161304
0.0000000818
0.0477621406
0.0453173965
-0.0010742373
0.0001570311
-0.0149959838
0.0390960127
0.0093081584
0.0334775671
-0.0000347793
-0.0000404179
0.0300728586
-0.0000011964
0.0289395321
-0.0000001096
-0.0396268889
-0.0458784103
-0.0000008845
-0.0000000006
0.0000000180
0.0000000635
0.0010080729
0.0161562357
-0.0476021916
0.0071740304
0.0174556784
-0.0336725749
-0.0000011012
0.0095805936
-0.0007112785
-0.0187139865
0.0000000779
-0.0023501792
0.0007068819
0.0214763861
0.0011765870
-0.0750267208
0.0496459119
-0.0371357352
-0.0336626694
0.0058730030
0.0000000025
-0.0000001654
-0.0537103191
0.0000000001
-0.0547609702
-0.0474244505
0.0067932704
0.0010863367
0.0001621933
-0.0158303995
0.0000001034
0.0000033158
0.0000000694
0.0000000048
0.0012003800
-0.0203330610
-0.0209794808
-0.0469305478
-0.0000000885
0.0332993753
0.0000001612
-0.0210058596
0.0073011788
0.0000000025
0.0005195730
0.0000001644
0.0000000000
0.0000000914
0.0450653322
0.0000242117
0.0000000035
0.0115016932
-0.0281787012
-0.0463912003
0.0014517284
0.0000001681
-0.0378539525
-0.0000254441
0.0302811787
-0.0449928120
0.0000695366
0.0309166964
-0.0343799777
0.0618506297
-0.0000000092
-0.0001712037
0.0526270084
-0.0000000890
0.0139747849
0.0270394161
0.0024809204
0.0044753766
-0.0571446270
0.0407233238
0.0000000168
-0.0178576577
-0.0495184436
-0.0000000152
-0.0564986765
-0.0050377613
0.0000084357
-0.0000000515
-0.0117245857
0.0141548999
-0.0606391095
0.0000000125
0.0000000302
0.0012918800
-0.0344931744
-0.0000000061
-0.0052359118
-0.0014790448
0.0047098934
-0.0000043023
-0.0125228353
-0.0080795791
0.0135251647
-0.0000000537
0.0524041541
-0.0000196995
0.0000600646
-0.0344556272
0.0037290021
-0.0269664358
-0.0000000025
0.0399759449
0.0557248667
-0.0344411097
0.0001613998
0.0061556832
-0.0004560480
-0.0000000200
-0.0001085159
0.0000000213
-0.0000197758
0.0033073267
0.0347454362
0.0208329111
0.0401750840
-0.0000053451
-0.0239338633
0.0000000784
0.0132982638
0.0128005212
0.0283006579
0.0000075842
-0.0265653208
0.0557982437
0.0024233565
-0.0014979490
0.0000002016
-0.0335093141
-0.0000376343
-0.0070748487
-0.0093561783
-0.0485240445
-0.0282490496
0.0312240217
-0.0134619782
-0.0215325002
-0.0017462213
0.0010103537
-0.0000013300
-0.0478314385
-0.0336833335
-0.0533566065
-0.0019769059
-0.0000006364
-0.0000000266
0.0000002179
-0.0141643872
0.0114156408
-0.0010070401
-0.0000000181
-0.0316587277
0.0022925304
0.0000315555
-0.0000000012
-0.0047430717
0.0121962102
0.0000000505
-0.0315117612
-0.0230134819
-0.0000364508
0.0470154919
-0.0000001045
-0.0264005568
-0.0252819974
0.0000077734
0.0338335708
-0.0022378408
-0.0188248996
0.0000055010
0.0152982539
0.0234859623
-0.0000012034
0.0249630772
-0.0043444065
0.0022498411
0.0257682968
0.0071423692
-0.0486197174
-0.0000027831
-0.0005950769
-0.0005358743
-0.0391594693
-0.0000000003
0.0000000041
0.0146727590
-0.0320979804
0.0008308991
0.0256718788
0.0000000430
0.0100081423
0.0346841551
-0.0007376325
-0.0299801230
-0.0016469340
0.0000523098
0.0000006306
0.0000000128
0.0300754588
0.0000000840
0.0034313076
0.0236355253
0.0000002981
0.0439450555
-0.0166597050
-0.0095288185
-0.0000004038
0.0000503012
0.0096903164
0.0013329437
0.0236601066
0.0303882100
-0.0000182049
-0.0222966522
-0.0232795663
-0.0000044287
-0.0000005144
-0.0000002135
-0.0288498383
0.0293674581
0.0399407297
0.0012863844
0.0122887623
0.0000377619
0.0000009174
0.0064956308
0.0000000041
0.0000012459
-0.0005485117
0.0009930318
-0.0080537070
0.0333530456
0.0002310093
-0.0304741357
0.0004604910
0.0000036394
-0.0155182825
0.0012051716
0.0017256929
0.0000000321
0.0354208164
-0.0115455398
0.0276232511
-0.0000018896
0.0214922726
0.0364437401
0.0000000174
-0.0000443308
0.0013254243
0.0491501279
0.0012291457
-0.0014692469
0.0000001768
-0.0000000008
0.0151128452
0.0491851568
-0.0022077833
-0.0230205767
-0.0000000380
0.0015318808
0.0058231391
-0.0305616315
-0.0432955809
0.0000000526
0.0309461802
0.0109968120
-0.0243554991
-0.0008757986
0.0225183256
-0.0091806799
-0.0212038904
-0.0000154554
0.0041277334
0.0011717706
-0.0386123508
0.0033252859
-0.0001965313
0.0066373865
-0.0031850832
-0.0005676502
0.0016737737
0.0239231735
0.0018371358
0.0031360274
0.0487416275
0.0039663007
-0.0389138572
-0.0011198311
-0.0000000043
0.0000000002
0.0357008427
-0.0348029621
-0.0000000006
-0.0046760021
-0.0000000000
0.0349437222
0.0194018409
0.0000009409
-0.0372642465
-0.0383165553
0.0148079889
-0.0466962345
-0.0279797744
0.0271240324
-0.0027325617
0.0149786584
-0.0453243889
-0.0000001030
0.0124289133
0.0315448903
-0.0005149552
0.0000020133
0.0117398417
-0.0303065423
0.0494593978
-0.0347555690
-0.0000000000
0.0025615110
0.0230521895
-0.0000000055
0.0001781703
-0.0000809618
0.0216059219
-0.0329275914
-0.0000004047
-0.0487361886
-0.0329069272
0.0000783532
-0.0000308182
-0.0282978881
-0.0467732325
0.0000005582
-0.0000342346
0.0133303311
0.0035403683
0.0356935486
0.0000375524
-0.0219911076
0.0023102860
0.0013487891
0.0012585301
-0.0011973114
-0.0195593685
-0.0159389470
0.0172678120
0.0118364189
0.0000001420
-0.0019013751
-0.0000707247
-0.0202131048
-0.0344184265
0.0000001277
0.0000005316
-0.0462412201
0.0029536651
0.0383467302
-0.0000000463
0.0000002193
-0.0000781537
-0.0000001945
-0.0223305430
-0.0008128589
0.0000001085
-0.0084242523
-0.0000000011
0.0029784082
-0.0091415765
-0.0315579213
-0.0258979667
-0.0000001410
0.0182623547
-0.0026699165
-0.0163937416
-0.0459430404
0.0273217056
-0.0080236783
-0.0000100290
-0.0517917573
0.0478967652
0.0335737355
-0.0011811256
0.0010351586
-0.0106419148
0.0415084884
0.0000011850
0.0000145470
0.0000000784
-0.0432929024
-0.0164433103
-0.0136455176
0.0171231125
-0.0000000504
0.0000000818
-0.0108074555
-0.0238245726
0.0001512442
0.0008022742
-0.0144199403
-0.0498882160
-0.0000000399
-0.0000009847
0.0000000428
0.0005227343
0.0000000012
0.0007815216
0.0239667054
0.0310481805
-0.0005113937
0.0000000042
-0.0111461496
-0.0365912467
-0.0001387186
0.0239178967
0.0003841051
-0.0381156988
0.0068674507
0.0015921784
0.0188493524
-0.0173216499
-0.0388950855
0.0002084666
-0.0075552952
0.0122635635
-0.0000042967
0.0124325184
0.0140198860
-0.0086956341
0.0350641944
0.0004230834
-0.0385552011
0.0028417958
-0.0001496808
0.0004417720
-0.0000003928
0.0000506802
0.0018751451
-0.0040567867
-0.0004103867
0.0000002150
-0.0125306500
0.0000000093
-0.0025363790
-0.0008235581
0.0324887745
-0.0000001636
0.0049916436
-0.0000003726
-0.0367053412
-0.0000000455
-0.0263597798
0.0000608494
-0.0080467854
0.0006799164
0.0180430729
0.0000000158
-0.0000001034
-0.0000000267
0.0028522210
0.0151587361
0.0000000145
-0.0054855961
0.0009746202
-0.0000762941
-0.0112714488
-0.0314336419
0.0370593667
0.0002166106
-0.0123455431
0.0031528403
-0.0190114863
-0.0058492925
0.0024235335
0.0027976148
0.0453029349
0.0000000804
0.0604941845
0.0283218529
0.0210938416
0.0061152517
0.0200844556
-0.0003456363
0.0164200235
-0.0000000094
0.0000000121
-0.0050800568
-0.0000350093
0.0046406742
-0.0096097840
0.0005643459
0.0057714675
0.0019074848
0.0387916863
0.0000000038
0.0351645984
-0.0369856209
0.0005726611
-0.0263737720
0.0288396943
0.0343945324
0.0000000342
0.0626899227
0.0233948734
-0.0338711031
-0.0000003429
0.0355442017
-0.0141573790
0.0006647856
0.0000000000
0.0000000209
0.0052357726
0.0399990790
0.0014576700
0.0000130659
0.0000071843
-0.0000000014
0.0223805550
-0.0000000340
0.0112005631
0.0026714772
0.0045424509
-0.0003379884
-0.0009486510
0.0204159953
-0.0382914133
0.0310640465
-0.0007532993
0.0337744206
0.0000002353
-0.0337080248
0.0335989818
-0.0577920638
0.0000000363
0.0160432607
-0.0238011889
0.0019734784
-0.0000826269
-0.0052235406
0.0000000179
-0.0009818166
-0.0309132263
0.0663690865
-0.0077607022
-0.0001429135
-0.0005355611
0.0198654085
0.0000000101
-0.0125663457
-0.0082687661
0.0352436416
-0.0023429957
0.0361692719
-0.0303438436
-0.0018345865
0.0000092776
0.0000005980
0.0000255628
0.0000000126
-0.0000000002
-0.0411292985
0.0000001629
0.0034927235
-0.0497819223
0.0128490869
0.0355839916
0.0000000192
0.0183103606
-0.0000000676
-0.0231872164
-0.0000003433
0.0015357543
0.0327429920
0.0000747184
-0.0000000032
0.0330758989
-0.0015298855
0.0000001191
0.0015109911
0.0000021459
-0.0000002446
0.0151917022
-0.0034401563
0.0000150789
0.0201577991
0.0000001699
-0.0011083692
-0.0106246183
-0.0000000082
-0.0000000259
0.0015748098
-0.0015802539
0.0008368519
-0.0003229418
-0.0000000382
0.0000022071
-0.0284815673
-0.0152670937
0.0004069300
-0.0000000177
0.0071102232
-0.0000202590
0.0000862005
-0.0253370758
0.0483628511
-0.0003496853
0.0229002740
0.0093035586
0.0046275686
0.0000000009
0.0001621380
-0.0397325493
-0.0068436600
-0.0288892500
0.0098243430
-0.0014013406
-0.0000000981
0.0298021976
-0.0000847594
-0.0001966305
0.0148850614
0.0000000055
0.0000000003
-0.0000163609
0.0295246542
-0.0000055236
0.0002629228
-0.0011646281
0.0000000261
-0.0002739384
-0.0286145583
-0.0262510236
-0.0001172920
0.0096289646
-0.0171121843
0.0220556259
0.0000633966
-0.0000000156
-0.0000085389
0.0000090461
0.0000096017
0.0245820098
0.0000000149
0.0016190275
0.0005886395
0.0000008218
-0.0047163186
-0.0233456232
-0.0146755008
0.0000002040
-0.0000000685
0.0013064907
-0.0289936308
-0.0172487535
-0.0001181192
-0.0000002351
-0.0003954998
0.0000000666
-0.0070891329
0.0048902566
0.0262462534
0.0040519335
-0.0025232690
-0.0322522968
-0.0037903914
-0.0078325272
0.0000519328
0.0041545690
0.0058651576
0.0031091748
-0.0245589428
0.0013518764
-0.0272542778
-0.0000477864
0.0000000056
0.0829924196
-0.0000172363
-0.0041869446
-0.0215886142
-0.0088707339
0.0000001047
0.0187633708
0.0001492804
0.0169365332
0.0000016542
-0.0031047473
0.0376193784
-0.0145876342
0.0000001678
0.0357941985
0.0142323188
-0.0000028944
-0.0444135256
0.0123198796
0.0000474401
-0.0000000548
-0.0000000057
-0.0000600476
0.0044316715
0.0000000706
-0.0021189097
0.0016316441
0.0000000019
0.0000000057
0.0000001479
0.0317908674
-0.0000011273
-0.0000000932
-0.0455924235
-0.0013469880
0.0179801323
0.0000365096
0.0000000150
-0.0138543267
0.0307730380
-0.0000000021
0.0061841966
0.0000000222
-0.0177367665
0.0000845395
0.0295165274
-0.0064452258
0.0456827171
0.0000000031
0.0037845944
0.0000002808
-0.0000000019
0.0002102523
-0.0006069109
-0.0000016707
0.0009825389
-0.0158498399
0.0000414557
-0.0000123117
-0.0364748351
0.0118721584
-0.0000101074
-0.0000000004
0.0106710745
-0.0003487388
0.0024001054
0.0167781021
-0.0000004140
-0.0079699690
0.0191912428
0.0019426602
-0.0000596427
-0.0214139670
-0.0232971217
0.0198204312
-0.0000000371
-0.0351017118
-0.0277684107
0.0000006631
-0.0004534039
-0.0256432742
-0.0142363692
-0.0504140630
0.0645838752
0.0387228280
0.0018549331
0.0324834846
-0.0004307634
0.0029797684
0.0462265909
0.0193681400
-0.0000308166
0.0377985984
0.0399693660
-0.0081850234
-0.0238735657
-0.0021106307
-0.0003678522
0.0000362049
-0.0034311786
0.0291076023
-0.0000028893
0.0083060544
0.0193651002
-0.0000000359
-0.0086784624
-0.0055467193
0.0081907986
-0.0011215509
-0.0001990671
-0.0146311754
0.0371369421
-0.0006942810
-0.0000000072
0.0000002117
0.0000024125
-0.0117395604
0.0031752056
0.0304947644
0.0000000331
0.0379542299
0.0222945791
0.0000003247
-0.0000000225
0.0185126439
-0.0000000011
0.0000000094
0.0000151597
0.0312188808
-0.0333861113
-0.0000016076
-0.0090043591
0.0161333699
-0.0246821251
-0.0382502116
-0.0204346590
-0.0284134056
0.0449112542
0.0000012717
-0.0003080642
