0.0138894338
0.0161273591
0.0032893943
0.0556232296
0.0134848710
0.2392236292
0.0049971780
0.0449962988
0.0208629575
0.0125278439
0.0103685576
0.0528953634
0.0174116511
0.0065569165
0.0039708419
0.0558309630
0.0223591402
0.0032395951
0.0254497733
0.0641304255
0.0136224534
0.0169324186
0.0559589453
0.0067825522
0.0048060119
0.0116783027
0.0030323181
0.0397180654
0.0068087215
0.0637099743
0.0663313568
0.1200668812
0.0481729768
0.0396417677
0.3379788697
0.0180651508
0.0526785553
0.0559712052
0.0545301251
0.0657797307
0.0856362432
0.0073862425
0.4474819303
0.0443469658
0.0741371363
0.0154867433
0.1741374284
0.0058343005
0.0527067818
0.0168419443
0.0625056177
0.0452813916
0.0470413715
0.0818198249
0.0374262817
0.0437922962
0.1392259151
0.9468563199
0.0053073056
0.0039556087
0.0468395725
0.0315143317
0.0651426986
0.0677205473
0.0270192772
0.0701477081
0.0625854880
0.0481801443
0.0250157788
0.4740678668
0.0235484075
0.0490039177
0.0398387052
0.0215873774
0.0566362813
0.0469510891
0.0057439227
0.0598717481
0.0032645075
0.0537758432
0.0070235366
0.0041737463
0.0675448924
0.0165613815
0.0507888794
0.0089557990
0.0336858630
0.0050620330
0.0314458199
0.0279892124
0.0031623193
0.0668058172
0.0623123311
0.0137563432
0.0078161526
0.0422386006
0.0501642823
0.1908930689
0.0300667379
0.6694457531
0.0032167709
0.0077753477
0.0889611468
0.0077803009
0.0430623144
0.0730464607
0.0117767565
0.0048673698
0.0287178103
0.2328417152
0.0170734003
0.1115298346
0.0215629879
0.0353291407
0.0042273067
0.0280570295
0.0061476496
0.0150548322
0.0681686103
0.0234954674
0.0050475406
0.0064755594
0.0043896679
0.0680347532
0.0549952909
0.0519939549
0.0358237699
0.6110892892
0.0724245608
0.0513819158
0.0664534941
0.0573447943
0.0332611538
0.0033327057
0.0617611445
0.0398703925
0.0093720620
0.0034470696
0.0122473529
0.0228113942
0.0582121275
0.0245882124
0.0074199173
0.0226839706
0.0568850078
0.0077599101
0.0541603602
0.0038516072
0.0234724954
0.0595048182
0.9078809023
0.0408824645
0.0039234278
0.0194440316
0.0089782504
0.0495576262
0.0576763712
0.0041995365
0.0823800415
0.0399952494
0.0051305862
0.0339896642
0.0174275432
0.0349519216
0.0115023106
0.0634764582
0.0182606429
0.0093567995
0.0110722017
0.0088230632
0.0032050989
0.0129328538
0.0467327200
0.0280331187
0.0480069518
0.0160247143
0.0049014539
0.0049382178
0.0343816914
0.0110783912
0.0046749632
0.0109854965
0.0106758000
0.0080490559
0.0361834578
0.0174432676
0.0335397124
0.0291904379
0.0034245420
0.0044526188
0.0247744881
0.0075672478
0.0687793940
0.2361300737
0.0264868420
0.0235487167
0.2173707932
0.0207516272
0.0028849209
0.0320793763
0.0297626276
0.0084980996
0.0118178651
0.0462686457
0.0139348330
0.0675206184
0.0196558796
0.0031788375
0.0096108643
0.0206212625
0.0037063344
0.0157045592
0.0121985748
0.0536664315
0.0418872051
0.0070581757
0.0555558316
0.0169702116
0.0244985744
0.1822353750
0.0485046133
0.0548833534
0.0724838227
0.0160760004
0.0050175693
0.0599265695
0.0221876483
0.0308840889
0.2940464020
0.0052327914
0.0382318646
0.0234310851
0.2357720286
0.0416122153
0.0359599665
0.0223335829
0.0487840585
0.0187636744
0.0316933654
0.0064102616
0.0084998058
0.0381213650
0.0163104236
0.0146170286
0.0215906128
0.0258986373
0.0872828364
0.0034934338
0.0127082942
0.0258164424
0.0717729405
0.0127803814
0.0338787250
0.0121978167
0.0147421155
0.0402960032
0.0453355014
0.0355642959
0.0477179363
0.0701734424
0.0278006736
0.0214446150
0.0348265618
0.2050023824
0.0043254555
0.0395755768
0.0052114381
0.0568511486
0.0240995996
0.0041148015
0.0076799160
0.0098839961
0.0032135497
0.0062349010
0.0057166936
0.0275704991
0.0159508903
0.0056677298
0.0512409136
0.0092448527
0.0179603919
0.0050883587
0.0056571397
0.0559065640
0.0680725798
0.0511243939
0.0499196574
0.0164146423
0.0033806658
0.0172596835
0.0232113376
0.0353444815
0.0671665519
0.0722613782
0.0238920469
0.0057938034
0.0480038412
0.0214446671
0.0452137105
0.0439369790
0.0665165260
0.0401517451
0.0044322317
0.0037245117
0.0039193677
0.0082813511
0.0320923850
0.0712318420
0.0055458145
0.0348087437
0.0231052358
0.0257666577
0.0213714186
0.0142728109
0.0208706632
0.0065462734
0.0372668207
0.0282096155
0.0067697274
0.0657842830
0.0188925434
0.0693644211
0.0681886673
0.0279381014
0.0576161295
0.0547289550
0.0458988659
0.0302564651
0.0220018141
0.0474531278
0.0504868105
0.0224642772
0.0273235161
0.0414412245
0.0390594862
0.0040026736
0.0033930570
0.0235430654
0.0474481545
0.0434076674
0.0231763572
0.0042142528
0.0040354775
0.0342840068
0.0032118093
0.0042562843
0.0663219094
0.0495123863
0.0614231825
0.0340142250
0.0669711754
0.0390356332
0.0311666057
0.0255039074
0.8472472429
0.0112619465
0.0588226095
0.0561484322
0.0193616133
0.0124579947
0.0040619187
0.0206696726
0.1259796619
0.0492960364
0.0179785565
0.0707436427
0.0088737700
0.0263313502
0.0268498082
0.0353030488
0.2782024443
0.0712508336
0.0838445351
0.0294126812
0.0171309412
0.0527430214
0.0675301328
0.0312516205
0.0273171011
0.0040852302
0.0042473194
0.0186018441
0.0339436233
0.0338554606
0.0163257755
0.0044402932
0.0160281118
0.0727743655
0.0182515960
0.0660008863
0.0725488737
0.0298885256
0.0047174934
0.0183076486
0.0283684675
0.0554058477
0.0441541038
0.0470534377
0.0124805197
0.0482390262
0.0255651176
0.0946016759
0.0046916092
0.0138907265
0.0077090515
0.0702348351
0.0171130840
0.0480139628
0.0402405113
0.0147409709
0.0034554726
0.6653571725
0.0186487790
0.0531748496
0.0204901211
0.0127411503
0.0505691208
0.0074020661
0.0225492306
0.0196832195
0.0053877300
0.0145416996
0.0078009558
0.1604856104
0.0121211717
0.0327102244
0.0155334845
0.0254860409
0.0037455068
0.1073905006
0.1848628223
0.0667563528
0.0345728584
0.0107436981
0.5904542208
0.0036156047
0.0104666604
0.0197472833
0.0093553718
0.0032234555
0.0429152809
0.0319136493
0.0486484021
0.0196954515
0.0097219348
0.0099939788
0.0774356946
0.0083988393
0.0320512056
0.0647893548
0.0326084495
0.0234126914
0.0231849942
0.0853291079
0.0051118480
0.0032494969
0.0617231950
0.0446581170
0.0088072056
0.0061662812
0.0648262650
0.0315596499
0.0056426520
0.0093852337
0.0525783859
0.0095371893
0.0440003052
0.0447474122
0.0125008160
0.0464929491
0.0079611130
0.0213658717
0.0637978390
0.0060644220
0.0054342258
0.0422874615
0.0323339403
1.0690338612
0.0032702440
0.1273505837
0.0091560166
0.0752601996
0.0994102433
0.0058098664
0.0251654088
0.0607196242
0.0683161840
0.0718705952
0.0089250943
0.0182063915
0.0058761938
0.0092580784
0.0606996082
0.0206104834
0.0566516705
0.5455077887
0.0158476029
0.0434103832
0.0040410948
0.0029588232
0.0064452835
0.0399323069
0.2982859612
0.0078313444
0.0068038860
0.0229361206
0.0892846435
0.0033250819
0.0459464118
0.0207646526
0.0169606749
0.0111857112
0.0127844019
0.0030602305
0.0100091938
0.1173112169
0.2743716538
0.0569602214
0.0073670852
0.0558381788
0.0339283012
0.0096631413
0.0119048124
0.0243560057
0.0216101445
0.0265482143
0.0036510760
0.0380396321
0.0083783092
0.0357585698
0.0451241396
0.0469676740
0.0037932862
0.1017363444
0.0056259246
0.4989257455
0.0603999533
0.0826715231
0.0336872861
0.0272216629
0.0195685551
0.0580558851
0.0205597170
0.0101343775
0.0369322412
0.0224671103
0.8739796877
0.0140118822
0.0792713538
0.0065231416
0.3048895001
0.0105963768
0.0464666747
0.0196903162
0.0081863329
0.0323644839
0.0047110817
0.0659439415
0.1974633485
0.0188785549
0.0570758134
0.1777219772
0.0060850019
0.3811904788
0.0282539763
0.0286079142
0.0490135029
0.0414367579
0.0374628454
0.0372188613
0.0161999855
0.0074880570
0.0245676003
0.0061901393
0.0468476266
0.0153997215
0.0192646869
0.0189418234
0.0354194492
0.0421363078
0.0035765425
0.0061881035
0.0494693331
0.0664007887
0.0850541964
0.0223320201
0.0048658177
0.0220699683
0.0723988116
0.0505593531
0.0095813815
0.0172903631
0.0082304711
0.0248056781
0.0048746369
0.9607394338
0.0185725857
0.0274174344
0.0172584374
0.0099447593
0.0173591524
0.0142974099
0.0691831484
0.1801664084
0.0136053162
0.0043427199
0.0032208671
0.0058744904
0.0490388870
0.0285140555
0.0193397291
0.0046768365
0.0451702140
0.0110414615
0.0301194135
0.0154759847
0.0578451045
0.0322612785
0.0196975600
0.0441609286
1.0296406746
0.0414599665
0.0098023610
0.0190589726
0.0331317708
0.0126728108
0.0060760388
0.0143460790
0.0541450530
0.0037839853
0.0395050421
0.0055264705
0.0340810381
0.0697049126
0.0192473140
0.0483326390
0.0378498621
0.0036889391
0.0323480703
0.0129323266
0.0709058940
0.0113697806
0.0081313699
0.0286880191
0.0395874232
0.0070097395
0.0118420310
0.0346222110
0.0125000374
0.0047692000
0.0233574044
0.0039666318
0.1210949570
0.0099827778
0.0281470250
0.0067622014
0.9559085965
0.1361219436
0.0656316727
0.0368634500
0.0453984626
0.0231890064
0.0616600029
0.0053051463
0.0372533165
0.4530050755
0.1432500184
0.0408570804
0.0177061576
0.0665379912
0.0069898958
0.0964155495
0.0187134370
0.0262361262
0.2150590420
0.0430840440
0.3055778444
0.0275542755
0.0266319420
0.0688608661
0.0179341361
0.0049522528
0.1059944555
0.0170446336
0.0457043089
0.0038230205
0.0278423540
0.0060064932
0.0435558893
0.0310529154
0.0437747054
0.0314918272
0.0169148762
0.0524814203
0.0153227281
0.0045754798
0.0569648631
0.0096479459
0.0512551405
0.0611544177
0.1842714697
0.0087794373
0.0750320479
0.0183214732
0.0132541135
0.1111058369
0.0161731336
0.0271253940
0.0085613113
0.0179820936
0.0396961160
0.0099495472
0.0605578013
0.0732848421
0.0049837399
0.2386955321
0.0158795156
0.0109683247
0.0212164670
0.0135210687
0.0064084046
0.0157898199
0.0082437191
0.0047587585
0.0031717806
0.1812197715
0.0099570230
0.0322240405
0.0275129732
0.0495253652
0.0571334548
0.8192819953
0.0191375893
0.0052259415
0.0154459439
0.0074353581
1.0721658468
0.0208943952
0.0196803845
0.0340124369
0.0046633198
0.0607577339
0.0519164503
0.0662446022
0.0588782579
0.0196831673
0.0703975931
0.0386688672
0.0494555160
0.0064312727
0.0459944457
0.0458066389
0.0082368730
0.0037146159
0.0538544133
0.0183003936
0.0272653848
0.0244055819
0.0132919336
0.0314194560
0.0079709683
0.0099190716
0.0276910085
0.0402047038
0.0081342263
0.0033984506
0.0102104014
0.0092702452
0.0203869138
0.0283290409
0.0054572732
0.0097506680
0.0074221059
0.2462971658
0.3444053233
0.0238248631
0.0050523472
0.0390760452
0.0130684040
0.0695564598
0.0033496171
0.0102173416
0.0214399844
0.0930658206
0.0706791729
0.0043487805
0.0085805561
0.0176627729
0.0379209854
0.0230729170
0.0051120361
0.0065256893
0.0827348903
0.0417682752
0.0678841099
0.0206377096
0.0180208925
0.0228363834
0.0035870052
0.0031337915
0.0047382694
0.0173628479
0.0064880596
0.0684963316
0.0405535959
0.0100761941
0.0055515263
0.0065698102
0.0056607835
0.0031692695
0.0391668826
0.2139972895
0.0266933460
0.0160162877
0.0402747542
0.0043852008
0.0678485781
0.0653358549
0.0215226319
0.0472743064
0.0684110373
0.0458377786
0.0030102527
0.0141539574
0.1626668870
0.0289388429
0.0038393761
0.1205126420
0.0426406376
0.0112869814
0.0032391420
0.0068818345
0.0728958026
0.0133907357
0.0486553796
0.0132058505
0.1101807281
0.0087893372
0.0721197799
0.0591208376
0.0200483464
0.0460167564
0.0186669044
0.0236585867
0.0805334970
0.0196769610
0.0211174972
0.0171290934
0.0353392102
0.0029751400
0.3975888491
0.0516392067
0.0172072873
0.9395483136
0.1496509910
0.1067078859
0.0029268214
0.0376118831
0.0103598684
0.0454200357
0.0127465185
0.0641053021
0.0398678184
0.9537806511
0.0273170359
0.0033887608
0.0041461540
0.0041827732
0.0044211010
0.0169377308
0.0060662660
0.0040518236
0.0134492926
0.0405318476
0.0429360643
0.0376196764
0.0362791121
0.0048353239
0.0419733860
0.0148423146
0.8196820021
0.0427013859
0.0442701392
0.0232310407
0.0505174845
0.0090221707
0.0328179635
0.0303416420
0.0107541233
0.0206914246
0.0071203532
0.0343306772
0.0439854600
0.0224692263
0.0403395034
0.0099984491
0.0320455804
0.0033402888
0.9736576676
0.0299055558
0.0635583848
0.0060250149
0.0238601808
0.0354322456
0.1370458752
0.0392956212
0.0033913015
0.0207132082
0.0939414501
0.0184890740
0.0146350693
0.0501690879
0.0201715641
0.0075635682
0.0125808800
0.0177440476
0.0117791723
0.0666598231
1.0825703144
0.0339014493
0.0042648101
0.0641463399
0.0495503172
0.0209468454
0.0226310864
0.0542594306
0.0354926139
1.0799778700
0.0284681432
0.0042567388
0.0588490851
0.0450674482
0.0032857934
0.0722924545
0.0475135595
0.0567181595
0.0144557729
0.0344977342
0.0049733147
0.0814530179
0.0151382554
0.1179956421
0.0288418271
0.0364018083
0.0073349494
0.0390804969
0.0227587130
0.0034026473
0.0053650085
0.0226314291
0.0594476014
0.0109801199
0.0302098021
0.0203163084
0.0215537045
0.2826661468
0.0457621738
0.0045148861
0.0948895589
0.0208058115
0.0046426291
0.0629392862
0.0161271784
0.0178326573
0.0097774845
0.0657823756
0.0066373399
0.0398199409
0.0162513778
0.0746644214
0.0074333297
0.0037569937
0.0172937717
0.0537708700
0.0702241138
0.0032320523
0.0537813269
0.0377455540
0.0269576702
0.0030215557
0.0106158368
0.0343174711
0.3581920266
0.0068867365
0.3540506661
0.0426273867
0.0094394619
0.0114871953
0.0472134575
0.0916488692
0.0172550734
0.0073587899
0.0151857501
0.0217331070
0.0097724721
0.0458887443
0.0234246980
0.0423104689
0.0374064669
0.7059507966
0.0225251205
0.0393659212
0.0194624383
0.0243903473
0.0408808067
0.0106576867
0.0683705732
0.0559388921
0.0538217425
0.0278193522
0.0295227580
0.0194257572
0.0036854369
0.0428290702
0.0090399189
0.0070127156
0.0674897954
0.0078465929
0.0076078288
0.0653906390
0.0519028008
0.2388634235
0.0503293313
0.0069596660
0.0214732587
0.0052129934
0.0056301397
0.0152590340
0.0082375724
0.0342220739
0.0106620230
0.0205837041
0.1850880533
0.0292941108
0.0175104290
0.0551690832
0.0354840234
0.0096682962
0.0054958300
0.0110719912
0.0170350969
0.0636362359
0.0476068556
0.0654334500
0.0059880633
0.0036403418
0.0175291058
0.0312406216
0.0627265945
0.0190613419
1.1054755449
0.0648434013
0.0196703710
0.0843887627
0.0198863298
0.0341406129
0.0193057433
0.0047651180
0.0721003860
0.0043418854
0.0176884141
0.0101465052
0.0521518886
0.0100127533
0.0141476430
0.0064074029
0.0711143315
0.0056416229
0.0242149252
0.0687923804
0.0592182428
0.0052035782
0.0158469826
0.0120027587
0.0154711949
0.0072774002
0.0520160161
0.0666539893
0.0155984890
0.0236566402
0.0283088535
0.0043809735
0.0144507987
0.4145766795
0.0307933521
0.0175034571
0.0169059671
0.1659981906
0.0088743968
0.0403770544
0.0239546038
0.0400101058
0.0337907411
0.0560324118
0.0849258006
0.0508409478
0.0224234704
0.0428869203
0.0034887425
0.0621869303
0.0659617707
0.0274035484
0.0500937961
0.2403487712
0.0091580646
0.0225887429
0.0218144190
0.0053433082
0.0358071178
0.0524621159
0.0575986393
0.0060940050
0.0451321900
0.0350589603
0.0371846668
0.0140552716
0.0236811507
0.4150477648
0.0366920270
0.0211000219
0.0090855574
0.0160122979
0.0508656502
0.0221372899
0.0135400919
0.0480881445
0.0186351836
0.0245731883
0.0247717574
0.0451412350
0.0048583192
0.0462415926
0.0723168552
0.0111234989
0.0031687985
0.0347942337
0.0809241831
0.0059942910
0.0038449175
0.0398580506
0.0585219860
0.0258575920
0.0036010302
0.1631096601
0.0288602971
0.0101226512
0.0640187860
0.0585026853
0.0522639044
0.0627213046
0.0276409499
0.1453400999
0.0258727875
0.0315026492
0.0670737699
0.0085922955
0.0142570715
0.0047281352
0.0151850106
0.0043819221
0.0488123782
0.1526457369
0.1378734857
0.0040449165
0.0035676563
0.0759122595
0.0285494998
0.0373474248
0.0083258599
0.0321342833
0.0029979991
0.0222685598
0.0646917000
0.1705179214
0.0372343212
0.0677794814
0.1113600284
0.0683275014
0.0049798884
0.0042834166
0.0137802195
0.0098290285
0.0075180428
0.0281631164
0.0041812323
0.0067038159
0.0056796172
0.0248801745
0.0039185449
0.0037046585
0.0175419934
0.0568186864
0.0440029465
0.0077011781
0.0039138263
0.0061527113
0.0267939698
0.0330876596
0.0608495288
0.0031935971
0.0214261785
0.0090735173
0.0239289515
0.0714338496
0.0100333821
0.0104330909
0.0244198982
0.4089495838
0.0083812624
0.0899899751
0.0307688005
0.0115120076
0.0035562492
0.0094542177
0.0316871516
0.0432497561
0.0166534223
0.0471558198
0.0149182035
0.0158240758
0.0192808099
0.0625377372
0.0424447618
0.0352905169
0.0242783446
0.0662750900
0.0186786875
0.0844101906
0.0099881422
0.0041291681
0.0367584936
0.0046417546
0.0032041436
0.0152662452
0.0125379153
0.0302120280
0.0106159672
0.0068077524
0.0440902524
0.0401845798
0.0036851852
0.0031143583
0.0621511899
0.0475018583
0.0062552299
0.0435700864
0.0079953941
0.0035695615
0.0093073873
0.0151252085
0.0152423158
0.0054780422
0.0060992804
0.0292315185
0.0708712712
0.0282984283
0.0053487914
0.0187532175
0.0121879922
0.0563401356
0.0085376082
0.0083592795
0.0091851475
0.0143091651
0.0072867488
0.0356700756
0.0493219532
0.0625599250
0.0220175330
0.0103169931
0.0175484177
0.0033969497
0.0255231895
0.0695103332
0.0633461252
0.0060168393
0.0067186062
0.0664250851
0.0050878907
0.0266378354
0.0101792216
0.0040691486
0.0135354847
0.0064639258
0.0157530420
0.0189983565
0.0479658246
0.0539220199
0.0086243488
0.0648147464
0.0088543864
0.0162350070
0.0156371333
0.0279383976
0.0035316169
0.0408635326
0.0047961357
0.0116600581
0.0716807097
0.0100164553
0.0222082939
0.0458829366
0.0029788588
0.1624105275
0.0527188480
0.0197114293
0.0243036803
0.0034827231
0.0927041620
0.0248623118
0.0048542586
0.0036274812
0.0042172968
0.0101166219
0.0601107739
0.0076512825
0.0037731291
0.0350896604
0.0042596851
0.0592205822
0.0051198467
0.0050471439
0.0141126290
0.0145048862
0.0105187967
0.0039843745
0.0052927956
0.0216484684
0.0121707069
0.0225694980
0.0101421652
0.0062570204
0.0063505340
0.0739329383
0.0139153562
0.0307572074
0.0544060990
0.1272598505
0.0266586766
0.0529866926
0.0142145781
0.0229680501
0.0378548019
0.0205143783
0.0510617904
0.0036431970
0.0038515583
0.0150955617
0.0353981294
0.0130551709
0.0109656677
0.0525150225
0.0579118542
0.0045489301
0.0030686131
0.0086416090
0.1593624651
0.0288237929
0.0036102412
0.0052942540
0.0393482298
0.0702797472
0.0188721363
0.0092053600
0.0478324145
0.0047395583
0.0638486296
0.0198713075
0.0210165922
0.0036782138
0.0475098491
0.0043333801
0.0037810556
0.0250989832
0.0506938584
0.0134800160
0.0034100092
0.0206311531
0.0039943852
1.1227859259
0.0197055098
0.0038680849
0.0242075603
0.0338258445
0.0241202228
0.0553132147
0.0574433543
0.0221479293
0.0133794323
0.0065397583
0.0104229618
0.0169262532
0.0053329212
0.9633149505
0.0081626326
0.0447036475
0.0267269816
0.0050029042
0.0162811186
0.0411730036
0.0174720194
0.0107239578
0.0420045815
0.0038522535
0.0266857948
0.0053973477
0.4545274377
0.0703036413
0.0038871306
0.1688093692
0.0124935331
0.0589362457
0.0079741906
0.0408070907
0.0646155179
0.0294867847
0.0279797707
0.0373263247
0.0394755937
0.0089194989
0.0714028701
0.0144843543
0.0106283491
0.0156719014
0.0212643985
0.0207550917
0.0084523158
0.0698576495
0.0472157001
0.0299665220
0.0616742074
0.0458468832
0.0098247854
0.0194077231
0.0129521610
0.0524552017
0.0075018601
0.0322891660
0.0216548014
0.0267141555
0.0334825888
0.0397459492
0.2378522754
0.0436334088
0.0503143147
0.0110456683
0.0642280430
0.0552660227
0.0649874434
0.0210932288
0.0522655100
0.1951045692
0.0312019344
0.0041789189
0.0361596271
0.0353241898
0.0711748302
0.0132494988
0.0746441409
0.0062844269
0.0296852309
0.0309835691
0.0769127384
0.0334544480
0.0081548691
0.0618114807
0.0177060235
0.7853010297
0.0155863343
0.0258172099
0.0041618212
0.0043551247
0.0236346666
0.0030912131
0.0141616771
0.0492351614
0.0572770685
0.0316566154
0.0032725963
0.0473448224
0.0605389439
0.0782317221
0.0052754204
0.0036294297
0.0030151291
0.0431068353
0.0104073174
0.0159557238
0.0547465533
0.0298803356
0.0228237454
0.0060155122
0.0031445068
0.0426448062
0.0043428205
0.0051643760
0.0100946082
0.0995268673
0.0249314308
0.0398698747
0.0068380651
0.0312478971
0.0701291338
0.0250160061
0.0347733200
0.0251155850
0.0140729863
0.0045931367
1.1387195587
0.0118100028
0.2552141845
0.0571402982
0.0050762598
0.0124168284
0.0655183569
0.0357314646
0.0054043364
0.0331100710
0.0309109241
0.0100195203
0.0121091409
0.0050505516
0.0052331099
0.0106305517
0.0179285873
0.0448663086
0.3611710668
0.0210746732
0.0164079722
0.0097747855
0.0138154579
0.0677585825
0.6355531812
0.0198541470
0.0112354327
0.0307780560
0.0197808258
0.0055432455
0.0615997016
0.0297581796
0.0184676684
0.0199279897
0.0205943044
0.0103942715
0.0679863319
0.0361277834
0.0219129603
0.0903930664
0.0670914724
0.0313849859
0.0051212125
0.0221337583
0.0422358178
0.0037249527
0.0319675617
0.0033084224
0.0791643783
0.0081102950
0.0317708366
0.0523124784
0.0484251045
0.0107557513
0.0413006246
0.0039356677
0.0117596649
0.0271270815
0.0261228327
0.0720480084
0.0253232922
0.0218037367
0.0240674950
0.0046481751
0.0646381229
0.1379697770
0.0473353378
0.0135526108
0.0199144408
0.0378418304
0.2506783605
0.0070013148
0.0082314145
0.0691474602
0.0404435657
0.0181085914
0.0727310106
0.0232052337
0.0071792891
0.0070111542
0.0422831029
0.0222026147
0.0410862938
0.0288922768
0.0374505892
0.0066097830
0.0512078740
0.0339931287
0.1690706313
0.0615248233
0.0192598645
0.1041162983
0.0462603644
0.0264699161
0.0032051562
0.0181990582
0.0081276894
0.5738017559
0.0040835282
0.0689135790
0.0284280684
0.1627390981
0.0065797730
0.0102980891
0.0104957744
0.0652969629
0.0126628270
0.0038151722
0.0598703995
0.0034747433
0.0045030876
0.0405649096
0.0694700778
0.0268156100
0.0254111364
0.0247533862
0.0396062396
0.0637267530
0.0570355654
0.0620507821
0.0068785609
0.0120741567
0.0217430387
0.0168826524
0.0137764188
0.0083429944
0.0318461172
0.0062183784
0.0564076193
0.0061835074
0.0428264216
0.0277742073
0.0409360789
0.0100503620
1.0241544247
0.0053054085
0.0034780414
0.0269647483
0.0242923815
0.0072546718
0.1490693092
0.0632827729
0.0074309404
0.0236961059
0.4104734659
0.0277514681
0.0455843285
0.0103090545
0.0043813302
0.0430142023
0.0102882767
0.0052583641
0.0113948667
0.1309620440
0.0328220464
0.0173683614
0.0359262191
0.0034960923
0.0314120948
0.0173853505
0.0148164043
0.0041455580
0.0327471904
0.0121189151
0.0631652251
0.0159481689
0.0035874883
0.0677895024
0.0078905020
0.0046483264
0.0030814395
0.9878980517
0.0690663233
0.0126194730
0.0513073355
0.0382226892
0.0247034132
0.0332583897
0.0129564069
0.0379163623
0.3142221272
0.0174434595
0.0121055590
0.0253968872
0.0584731288
0.0101947244
0.0085453615
0.0079808868
0.0166346859
0.0543572754
0.0277454797
0.0324356072
0.0035303817
0.0045751031
0.0234936960
0.0039966502
0.0382204130
0.0249817483
0.0172445755
0.0045194719
0.0715382099
0.0059052180
0.0466235839
0.0118512027
1.0574808121
0.0698991269
0.0394536667
0.0348536782
0.0082199993
0.0663886443
0.0665544346
0.0369473509
0.1087910831
0.0075387936
0.0224593226
0.6271342635
0.0129586272
0.0125527214
0.0396219529
0.0054618013
0.0044563268
0.0110489447
0.0340817273
0.2798952460
0.0485294871
0.0398635641
0.0481543504
0.0736995041
0.0031161478
1.0565934181
0.0045649763
0.0206269082
0.0079043098
0.0366480537
0.0054911897
0.0696224496
0.0084857009
0.0348437764
0.0364870802
0.0314548761
0.0046172468
0.0186513755
0.0179958995
0.0035487770
0.0146352751
0.0608674623
0.0044384534
0.0117709655
0.0436055735
0.0297466572
0.0084256846
0.0723274648
0.0051201945
0.0444593690
0.0601544343
0.0727706552
0.0313024335
0.0130597642
0.0674740523
0.0050204038
0.0393497571
0.1823762506
0.0053534769
0.0131280720
0.0171795059
0.0583235025
0.0591379851
0.0110360505
0.0167403147
0.0106751956
0.0060944073
0.0060093687
0.0094238967
0.0295980815
0.0040496890
0.0060728285
0.0401365235
0.0379403159
0.0043579633
0.0091218716
0.0096865743
0.0146646705
0.0570310913
0.0234617442
0.0033599676
0.0100418376
0.0190767590
0.0237211287
0.0721163005
0.0343164541
0.0385517366
0.0090289060
0.0464392044
0.0260936506
0.0679784641
0.0330559015
0.0432823934
0.0843439773
0.0284435079
0.0396781191
0.0176838227
0.0175792091
0.0345820375
0.0595972016
0.0212270766
0.0353364423
0.0411962308
0.0031865351
0.0687390119
0.0192801114
0.0111443158
0.0366502404
0.0107996454
0.0040128832
0.0033372913
0.0613212734
0.0467545539
0.0153702013
0.0157297868
0.0092171934
0.0076152240
0.0056500486
0.0185762532
0.0206721388
0.0192881655
0.0030852421
0.6790165305
0.0355108604
0.0033311043
0.0137483757
0.0263553504
1.1228511333
0.0239764228
0.0029756047
0.0552953184
0.0452739224
0.0063136634
0.0120181357
0.0709450021
0.0360538252
0.7727302909
0.0062203081
0.0639170557
0.0655818135
0.0347663611
0.0111087747
0.0608622171
0.0118022216
0.0129458541
0.0295013692
0.0033996399
0.0387504473
0.0049020322
0.2955645025
0.0256625358
0.0321819820
0.0332089849
0.0465976484
0.0340101048
0.1840294451
0.0041962448
0.0131396586
0.0196543932
0.9955036640
0.0132616172
0.0611157119
0.0060112425
0.0072552604
1.1566277742
0.0387269221
0.0122732511
0.0084217861
0.0056979614
0.0569074787
0.0147014093
0.0144912712
0.0033320615
0.0057342285
0.0382054895
0.0312235523
0.0092890989
0.0226726029
0.0556509420
0.0360669754
0.0056667472
0.0318394452
0.0409417935
0.0149400691
0.0091204559
0.0100882426
0.0458470099
0.0042151883
0.0088226683
0.0218658149
0.0176466256
0.0710815862
0.0140617462
0.0163300410
0.3921271563
0.0665319860
0.0123768123
0.0081619304
0.0321800485
0.0061131595
0.0514629446
0.0032872369
0.0392322056
0.0192079898
0.0540348329
0.0034193678
0.0063698404
0.0179220252
0.0094849374
0.1300229728
0.0033415486
0.0080479812
0.0046234033
0.0508378781
0.0285108481
0.0134641444
0.0706709549
0.0241092723
0.0219474174
0.0127565963
0.0388657823
0.0148339458
0.0071476777
0.0709899142
0.0506046452
0.0195797049
0.0360765457
0.0674652383
0.0045870449
0.0267689228
0.4295110404
0.0154717462
0.0066302605
0.0507023297
0.0669707283
0.0643583611
0.0109008839
0.0033573520
0.0081465803
0.0415704735
0.0489093289
0.0053236769
0.0088931499
0.0522208288
0.0288182199
0.0694984347
0.0046036327
0.0267923623
0.0456454754
0.0221718177
0.0044349823
0.0166111868
0.0923269540
0.0062754019
0.0260607470
0.0375055037
0.0093153007
0.0212704819
0.0593352877
0.0685920715
0.0128205447
0.0241054166
0.0704687834
0.0084761651
0.0324292034
0.0120286141
0.0182130747
0.0073831594
0.0389333442
0.0570738651
0.0700878501
0.0666465238
0.0462835990
0.0691158995
0.0114587033
0.0573472008
0.0290771313
0.0088615483
0.0338754691
0.0477476306
0.0184960552
0.0075269132
0.0395626202
0.0122986296
0.0042386893
0.0034788493
0.0896590427
0.4761219621
0.4486893713
0.0143666174
0.0075643193
0.0635931641
0.0079317391
0.0190800894
0.0240908600
0.0362238325
0.0230314005
0.0184801556
0.0266332161
0.0105445581
0.0169929862
0.0094824815
0.0105483178
0.0127436016
0.0265774932
0.0055830022
0.0130173322
0.0271757096
0.0335107110
0.0491461307
0.0111787636
0.0665274337
0.0336366929
0.0404922999
0.0333482437
0.0274401102
0.0066303816
0.0099238921
0.0214361902
0.0109424572
0.0255384091
0.0610768348
0.0046154368
0.0174982715
0.0546264835
0.0039806105
0.0098165721
0.0607014932
0.2605905831
0.0404959321
0.0042676092
0.0033003448
0.0055923406
0.0303836446
0.0816168636
0.0546649992
0.0057441592
0.0309257284
0.1025627330
0.0580509119
0.0412090309
0.0607464090
0.0191020668
0.0346679054
0.0177356564
0.0082645593
0.0035349110
0.0151629653
0.0289155170
0.0127780614
0.0045972234
0.0064992686
0.0038443371
0.0118084596
0.0164711904
0.0261005349
0.0177449696
0.0323067866
0.0147856772
0.0340550765
0.0220008828
0.0029324477
0.0222470816
0.0036094547
0.0038729089
0.0501090661
0.0312675983
0.0397537313
0.0063736765
0.0073094275
0.0093517853
0.0627570972
0.0083007459
0.0384194106
0.0214188136
0.0031811593
0.0373756513
0.0093312338
0.0619136617
0.0330960602
0.0210449062
0.0055216532
0.0255043916
0.0088961953
0.0257418640
0.0067501427
0.0126449745
0.0111659756
0.0485915318
0.0331020430
0.0179200880
0.0481062271
0.0429120138
0.0196582340
0.0324866101
0.0296015684
0.0442055166
0.0085823424
0.0164564103
0.0056679300
0.0068050781
0.0130966380
0.0303373225
0.0547322892
0.0065616434
0.0155792488
0.1265440136
0.9761313200
0.0284404252
0.0338566825
0.2509365976
0.0428250022
0.0697794929
0.0076547172
0.0322472081
0.0270292740
0.0738148689
0.0609474666
0.0691825747
0.0477060862
0.0417595841
0.0047199293
0.0431006216
0.0117410934
0.0301074199
0.0396831408
0.0281283371
0.0237787738
0.0389092639
0.0118607003
0.0368834957
0.0039246478
0.0448264107
0.0029229538
0.0035652365
0.0633369684
0.0042999261
0.0546926893
0.0100042745
0.0252485294
0.0095976926
0.0219193846
0.0339307487
0.0194351356
1.0617830753
0.0117252516
0.0030449713
0.0103700859
0.0439038277
0.0516285412
1.0021445751
0.0347008258
0.0067807231
0.0041290745
0.0061778487
0.0035773634
0.0564033724
0.0475195982
0.0522274785
0.0215269309
0.0169500560
0.0245278329
0.2123375684
0.0120620364
0.0105715599
0.1246246994
0.0092344126
0.0450527668
0.0285185222
0.0104121380
0.0527901836
0.0707389340
0.0634367839
0.0306380987
0.0182196163
1.0025248528
0.0276931003
0.0291947108
0.0128198219
0.0099255089
0.0048364480
1.1380332708
0.0558857433
0.0381176583
0.0045980816
0.0170354713
0.0438951477
0.0072676111
0.0638940334
0.0333925523
0.0506168455
0.0160051547
0.0575752594
0.0368132293
0.0644857362
0.0262861941
0.0051953518
0.0069582970
0.0107104406
0.0096839108
0.0369443186
0.0448581502
0.0337079354
0.0159553327
0.0361639746
0.0257543009
0.0088508027
0.0667161569
0.0167482663
1.1182821989
0.0220925417
0.0357229933
0.0240802187
0.0049818414
0.0366982669
0.0420210510
0.0166740119
0.0247464813
0.0395098515
0.0083768815
0.0567138754
0.0083456151
0.4600060880
1.0992256403
0.0226052292
0.0221361648
0.0613107719
0.0084998282
0.0164625198
0.0082243774
0.0158744864
0.0768123195
0.0192014612
0.0174048338
0.0241818763
0.0051880353
0.0346648619
0.0398808941
0.0455688648
0.0410895348
0.0457113385
0.0036434566
0.0582177117
0.0043566590
0.0263726022
0.0102198878
0.0133124990
0.0086339256
0.0461600199
0.1067590863
0.0657868236
0.0366132036
0.0328119062
0.0450430401
0.0456959568
0.0481439047
0.0255296230
0.0553024970
0.0044887755
0.0700539798
0.0507048480
0.0225151591
0.0220250376
0.0205048583
0.0176326614
0.0086896345
0.0069493358
0.0319865718
0.0131903943
0.0056797070
0.0154606476
0.0053502456
0.0125455502
0.0424684808
0.0542271659
0.0342913829
0.0220430028
0.0052570729
0.5266706944
0.0112245753
0.0313614979
0.0182563253
0.0096290931
0.0734548196
0.0338037498
0.0432890132
0.0671891719
0.0052657709
0.0601485483
0.0221428871
0.6836465001
0.0124411741
0.0603730604
0.0454344749
0.0230344497
0.0170178451
0.0068174959
0.0654422939
0.0091178715
0.0393970944
0.0682281405
0.1096438468
0.0245076101
0.0327007547
0.2106160223
0.0540999770
0.0204149466
0.0138549376
0.1388489604
0.9846227765
0.0133224865
0.0044062962
0.0058595347
1.0133548975
0.0273300186
0.0331876986
0.0442259163
0.0595370866
0.0070393602
0.0223100036
0.0216238834
0.0313623622
0.0339595042
0.0258545894
0.0622203238
0.0325002484
0.0034313388
0.0036504117
0.0498404019
0.0134727443
0.0158398598
0.0220103338
0.0143585131
0.0533585958
0.0516480878
1.1504371166
0.0057516051
0.0172087532
0.0146814408
0.0093969824
0.0627240166
0.0515274256
0.0145286582
0.0324290954
0.0720228106
0.0069200476
0.0287002400
0.0290734991
0.3624342978
0.0199286882
0.0036549494
0.0576501936
0.0047292369
0.0147536211
0.0354555883
0.0204402953
0.0034057444
0.1038388535
0.0117217777
0.0360755771
0.0068867668
0.0451127961
0.0092066275
0.0105575686
0.0312545151
0.0157351363
0.0156066194
0.3562001586
0.0184326917
0.0645162240
0.0395517200
0.0297653340
0.0049625169
0.0420435853
0.0157805793
0.0464184359
0.0049494654
0.0403450988
0.0621381626
0.0310193188
0.0181078166
0.0123964101
0.0064406283
0.0062725432
0.0282084681
0.0616336241
0.0266839676
0.0396776237
0.0420857593
0.0629221126
0.0274965540
0.0278925467
0.0548239686
0.0699851885
0.0687578022
0.0171806496
0.0338815451
0.0353506878
0.0278692283
0.0161143616
0.0816558823
0.0070807459
0.0172704272
0.0220563877
0.0119860750
0.0035031121
0.1792742461
0.0039680102
0.0390275829
0.0041811513
0.0182066746
0.0716019347
1.0811120272
0.0259237234
0.0074666473
0.0044074175
0.9840530157
0.0772360712
0.0738957077
0.0468571968
0.0054908181
0.0318278931
0.0594905391
0.0063978727
0.0194516052
0.0046120542
0.0177061763
0.0301690064
0.0320623294
0.0178758390
0.1635768265
0.0255735070
0.0950182602
0.0089946641
0.0447550975
1.0044327974
0.0318519995
0.0546000786
0.6432454586
0.0319135077
0.0161476675
0.0240357947
0.0227981173
0.0639949739
0.0056619449
0.0458554476
0.0114648668
0.0345906354
0.0053795110
0.0092367390
0.0296066087
0.0039923079
0.0084890481
0.0075906655
0.0220372956
0.0655556545
0.0036007450
0.0261800606
0.0154857812
0.0236917213
0.2277257890
0.0271744262
0.0704495609
0.0282070618
0.0076661403
0.0452516489
1.0799696445
0.0092549296
0.0933348462
1.0800769329
0.0305647496
0.0458141826
0.0215511024
0.0317503437
0.0148413498
0.0204599835
0.0060940268
0.0511670969
0.0059505417
0.0433792882
0.0171706881
0.0142133432
0.3088558912
0.0078480467
0.0432583168
0.0274294019
0.0898191631
0.0107780742
0.5572562218
0.0224452056
0.0273823123
0.0122951707
0.0313982219
1.0927788019
0.0041955281
0.2770017385
0.0411325134
0.0051726047
0.0314425342
0.0475910045
0.0419036895
0.0106511489
0.0124733439
0.0291979443
0.0363663882
0.0492711291
0.0098677035
0.0523194075
0.0152171673
0.0235926732
0.0046927384
0.0093187243
0.0082015563
0.0095106196
0.0032748503
0.0067705456
0.0686113611
0.0643523559
0.0523856878
0.0207059458
0.0036575282
0.0147105772
0.0320127904
0.0031923351
0.0342322625
0.3219583035
0.0113937929
0.0232444089
0.2960678935
0.0225934088
0.0642190650
0.0039663860
0.0683825985
0.0148666864
0.0165304244
0.0109175919
0.0721321404
0.0141936401
0.0130460141
0.0086328257
0.0045692930
0.0527551360
0.0710993037
0.0123890452
0.0683826581
0.0236292630
0.0049355654
0.2472524643
0.0202800743
0.0209226329
0.0075233220
0.0262013096
0.0269566942
0.0293078832
0.0535984300
0.0520751700
0.0457234718
0.0294186026
0.0510132089
0.3754123747
0.0072978511
0.0076215765
0.0071599027
0.0348168351
0.0313105807
0.0671778619
0.0592097864
0.0099840201
0.0170369186
0.0115054063
0.0347155333
0.0639809296
0.0078659384
0.0053326758
0.0411888920
0.0428043865
0.0075694481
0.0715856105
0.0226702858
0.0219497103
0.0223206021
0.0094958665
0.0604671761
0.0237765163
0.0256186221
0.0139503563
0.0060721808
0.0143565265
0.0412395149
0.0772353113
0.0067290934
0.0031633091
0.0215016752
0.0041714711
0.0157750212
0.0054963846
0.0097621437
0.0054347259
0.3221164048
0.0112068187
0.0161629990
0.0178546067
0.0520304814
0.0657070577
0.0113414070
0.0171989612
0.0664053261
0.6144290566
0.0085636256
0.0064750514
0.0170334559
0.0629811808
0.0702341944
0.0327921100
0.0168257188
0.0591794401
0.0183572918
0.0079485923
0.0337127373
0.0105912536
0.0048018121
0.0163678136
0.0096921055
0.0121680992
0.0156339519
0.0144868949
1.0933837891
0.0580969825
0.0334689766
0.0078692976
0.0246710237
0.0090409406
0.0327579640
0.0097908536
0.0449602157
0.0167460348
0.0267730094
0.1365066916
0.0166693199
0.0057556345
0.0178457405
0.0342421122
0.0595875047
0.0233270060
0.0158081856
0.0686559007
0.0042133457
0.0139210317
0.0782085136
0.0095416177
0.0050347550
0.0369638018
0.0095198788
0.0150394924
0.0200228337
0.0708535761
0.0105234878
0.0173809398
0.0343955830
0.6672946811
0.0088020591
0.0121034114
1.0433095694
0.0070151119
0.0282315072
0.0041327267
0.4934572577
0.0030960063
0.0293168426
0.0492823087
0.0167537965
0.0355788581
0.0073478231
0.0103196781
0.0648807734
0.0076672900
0.0463405252
0.0369376019
0.0074135740
0.0215633865
0.0234894641
0.0130721908
0.0428916141
0.0115817729
0.0315184332
0.0523452163
0.0245208703
0.0310621075
0.0176896863
0.0294695720
0.0067913076
0.0646311119
0.0108069004
0.0590666272
0.0398243554
0.0208217725
1.0786788464
0.0428155698
0.0664638653
0.0098085199
0.0695973858
0.0469446145
0.0628131479
0.0038203597
0.0032192187
0.0207984559
0.0047288029
0.0178635754
0.0554080568
0.0536791235
0.0040614093
0.0198438726
0.0372298062
0.0058486867
0.1333921999
0.0044543780
0.0171509832
0.0075863386
0.0039121788
0.0705921203
0.0441549458
0.0590059049
0.0427410156
0.0135155274
0.0045182109
0.0649784580
0.0723399743
0.0049970974
0.0355918258
0.1264547110
0.0238560587
0.0030529548
0.0321880057
0.0077819014
0.0484753288
0.0057755555
0.0067568044
0.0169066601
0.0067449277
0.0448944494
0.0413473248
0.0032281787
0.0180169139
0.0476895198
0.0048287665
0.0159749668
0.0410188511
0.0036527144
0.9747282267
0.0064848615
0.6400399208
0.0297550522
0.0112044150
0.0695134774
0.0043300283
0.8151949048
0.0904429555
0.0055568167
1.1164176464
0.1226587445
0.0540155098
0.0031410146
0.0144769596
0.0035852112
0.0397347435
0.0056876997
0.0330413878
0.0588380955
0.0673762336
0.0659391880
0.0281230323
0.0030722097
0.0271211155
0.0531645082
0.0706074089
0.0047298018
0.0195805840
0.0324798562
0.0304075181
0.0039156354
0.0557026751
0.0042478745
0.0164020099
0.0641569048
0.0590317957
0.0132289054
0.0078449296
0.5414994359
0.0042109233
0.0354847461
0.0124365715
0.0607633516
0.0065072551
0.0180538129
0.0505479500
0.0105496235
0.0325172059
0.0838588178
0.0219732784
0.0061391406
0.0153671773
0.0042851595
0.0526889116
0.0233318899
0.0382694378
0.0045437831
0.0048706410
0.0276552290
0.0089999316
0.0297577977
0.0169140324
0.0042015412
0.0051433430
0.0094092274
0.0301362351
0.0399665982
0.0480098575
0.0458023027
0.0173217691
0.0060254452
0.0386144742
0.0073295175
0.2463823706
0.2067501694
0.0357772820
0.0289100762
0.0072661750
1.1167668104
0.0419582948
0.0456562154
0.0439794064
0.2739706933
0.0054850769
0.0215692017
0.0377346426
0.0219603591
0.0564068221
0.0157415867
0.0045408560
1.1351625919
0.0348669328
0.0204112288
0.0559833869
0.0856790915
0.0112042557
0.0081447950
0.0226881243
0.0696621463
0.0810353160
0.0198184419
0.0535852835
0.0110059604
0.0210927147
0.0253186915
0.0132061541
0.0052004950
0.0574010722
0.0111035518
0.0315261781
0.0411844105
0.0246451646
0.0049040737
0.0709042847
0.0250024684
0.0375436991
0.0077832881
0.0111937560
0.0319633558
0.0095044598
0.0541584976
0.0080534117
0.0087424889
0.0211084206
0.0073545496
0.0135471942
0.5082029700
0.0259783193
0.0190975834
0.0544477068
0.0115033183
0.0213992707
0.0078159319
0.0324779712
0.0247010347
0.0925161690
0.0271238592
0.0472439304
0.0063763461
0.0682408065
0.0371588618
0.0232607201
0.0245741978
0.0290687997
0.0031111299
0.0133999707
0.0200379603
0.0424525328
0.3944627345
0.0160145164
0.0305442978
0.0063003511
0.0471044667
0.2933372855
0.0030262885
0.0280202553
0.0390939973
0.0723902285
0.0053199194
0.0309881549
0.0073143416
0.0442541577
0.0666495264
0.6761991382
0.0262022112
0.0075424411
0.0188313834
0.0520601012
0.0391919017
0.0656565204
0.0632023886
0.0112376139
0.0399846248
0.0608622693
0.0490374081
0.0116978390
0.0351804905
0.0205601193
0.1628614366
0.0114512537
0.0058189821
0.1819266528
0.0816695541
0.0230056308
0.0045424695
0.0030641507
0.0045886342
0.0100687444
0.0705327913
0.0160514619
0.0494951308
0.0044986410
0.0105370777
0.0031523088
0.0139192278
0.0148849171
0.0365134664
0.6915056705
0.0100952545
0.0120132761
0.0033919564
0.0164795164
0.1391283125
0.0659950450
0.0168084931
0.0163938515
0.0738807544
0.0198505707
0.0409623198
0.1415930390
0.0118179508
0.0643441752
0.0670390502
0.0677021593
0.0490741841
0.0036711651
0.0630925298
0.0118080648
0.0248632394
0.0184570998
0.0142385457
0.0620056838
0.0061275079
0.0104951207
0.0189031027
0.0056656078
0.0186260995
0.0561258830
0.0198858846
0.0050764238
0.0672497153
0.0131660011
0.0148944668
0.0114015099
0.0189907551
0.0415415466
0.0718950182
0.0446652509
0.0502786189
0.0035145821
0.0050343308
0.0569366440
0.0678426176
0.0276450962
0.0505439788
0.0143152932
0.0075116204
0.0082030417
0.0857033059
0.0042822221
0.0056233155
0.0087166708
0.0098623894
0.0063103787
0.0118398704
0.0094413077
0.0037065507
0.0032000635
0.0104416972
0.0460744947
0.0407309607
0.0148809394
0.0059121093
0.0217549577
0.0336939022
0.0676965266
0.2190151066
0.0379546173
0.0755302459
0.0063630845
0.0044132741
0.0105781071
0.0236051045
0.0056362688
0.0529416278
0.0040451433
0.0096931197
0.0375345424
0.0063571082
0.0061914180
0.1044622585
0.0629088432
0.0032466012
0.0047058905
1.1421458721
0.0034458630
0.0592171550
1.0983128548
0.0215464514
0.1952223927
0.5194509625
0.3195621967
0.0074713365
0.0107769864
0.0054057157
0.0134386988
0.0035364779
0.0402791053
0.0045637004
0.0190606955
0.0547153205
0.0209284909
0.0028640511
0.0114496471
0.9579702020
0.0383314751
0.0433311984
0.0617963448
0.0224209949
0.0048498213
0.0405402221
0.0054479055
0.0097062346
0.0187747441
0.0041395896
0.0128664998
0.0267848223
0.0470306426
0.0140852453
0.0127234105
0.0230582803
1.0655634403
0.0456523336
0.0336824208
0.0040456140
0.0415070802
0.0295736399
0.0252734348
0.0414431281
0.0145226754
0.0052432618
0.0035551556
0.0659416467
0.0040338370
0.6900430322
0.1384326071
0.0052842572
0.0104333824
1.0784596205
0.0694904402
0.0303053446
0.1060951501
0.0287833810
0.0487171188
0.0236503482
0.0226525199
0.0151711339
0.1025114655
0.0436876528
0.0200081337
0.0087340632
0.0547293201
0.9402068257
0.0305035096
0.0109271845
0.0240403917
0.0105261141
0.0250519738
0.0174412578
0.0710827932
0.0073859454
0.0457849763
0.0241556074
0.0373486690
0.0079049282
0.0403994136
0.0593186282
0.0320493877
0.0178430527
0.0113108046
0.0081205312
0.0567789078
0.0394337960
0.0657646954
0.0217501707
0.0628205538
0.0336436704
0.0326531231
0.0410792530
0.0561907627
0.0722649992
0.0449696220
0.3032114506
0.0129182199
0.0382131450
0.8594889045
0.0269378331
0.0118280705
0.0065649543
0.0323496647
0.0713546276
0.0226209201
0.0505083241
0.0254336819
0.0090552224
0.0037412173
1.0243735313
0.0236690305
1.0762161016
1.0768785477
0.0035931214
0.0086581055
0.0208703969
0.0203324221
0.0251131989
0.0730185211
0.0127166603
0.0061813677
0.0177070964
0.0222085323
0.0124879759
0.0714642406
0.0508557111
0.0029224183
0.0046635852
0.0370028727
0.0394429155
0.0157790352
0.0155131295
0.0115619134
0.0474046953
0.0082793906
0.0246295631
0.0080001792
0.0050927387
0.0599584058
0.0303534120
0.0126074860
0.0125858244
0.0051863221
0.0067694820
0.0109228035
0.0544115119
0.0107331639
0.0119501194
0.0181542318
0.0087251030
0.0097998958
0.0380644873
0.0292851813
0.0171532389
0.0907259211
0.0051041036
0.0241129175
0.0044445470
0.0084133372
0.0563476980
0.0096657015
0.0459396765
0.0030639772
0.0730933994
0.0083306842
0.2336795777
0.0324664004
0.0402275994
0.0707106441
0.0206139740
0.0196606070
0.0049299840
0.0030222395
0.0033273920
0.0065035461
0.0077341110
0.0136330677
0.0169532448
0.0823061317
0.0037792015
0.0372077264
0.1982273012
0.0535963923
0.0272959284
0.0318489857
0.0087424507
0.0201637819
0.0611977689
0.0175848659
0.0256926734
0.0170823783
0.0178090315
0.0038315614
0.9985206127
0.0207400266
0.0110872630
0.0341444649
0.0308896247
0.0096730413
0.0110379988
0.0029809857
0.0213725995
0.0194566529
0.0349047035
0.0137092182
0.0182407554
0.0106965555
0.0744498149
0.0086495681
0.0125533892
0.0734159052
0.0666615069
0.0075874566
0.0184608512
0.0555039048
0.0348889977
0.0251261573
0.0278629716
0.0517840348
0.0451127067
0.3668933809
0.0302329585
0.0107237324
0.0035512343
0.0040383139
0.0050415783
0.0333666690
0.5440698862
0.0156117529
0.0248873178
0.0187118221
0.0718289092
0.0148759028
0.0107039046
0.0683221146
0.0312454514
0.0357022397
0.0148920882
0.0148190334
0.0209682565
0.0290028621
0.0120629184
0.0085807508
0.0400090963
0.0107990019
0.0037433105
0.4054315090
0.0207040105
0.7412876487
0.0158836637
0.0574829504
0.0114001054
0.0146957999
0.0897244588
0.0047586621
0.0142289689
0.0035740391
0.0523919426
0.0031222217
0.0531426854
0.2652065456
0.0311470162
0.0140439104
0.0467223488
0.0342909656
0.0598018616
0.0557788238
0.0247484185
0.0472045094
0.0101382611
0.0690138564
0.0582479425
0.0061526094
0.0206339173
0.0592154860
0.0029419651
1.0886471272
0.0360809267
0.0110525507
0.0585301183
0.0060001481
0.0663594082
0.0320056304
0.0070676319
0.0040392117
0.0056694248
0.0322548598
0.0277321972
0.0486510023
0.0135986647
0.0386320166
0.0057885959
0.0294586252
0.0109519232
0.0105896890
0.0287427828
0.0053263707
0.0272799265
0.0124755334
0.0473866463
0.0475767739
0.0105456514
0.0195007604
0.0295771994
0.0257597305
0.0870630220
0.0538685992
0.0640616491
0.9652575850
0.0348023213
0.0208766777
1.0013980865
0.0058837240
1.0705288649
0.1791193336
0.0418582149
0.0703956783
1.0000286102
0.0726865605
0.0356628783
0.0028511796
0.0499181077
0.0065360023
0.0713822469
0.0131512852
0.0217458867
0.0084214201
0.0205917507
0.0034620531
0.0088942824
0.0941471010
0.0065113781
0.0205003787
0.0043643927
0.0409251116
0.0036477186
0.0292260833
0.0629988164
0.0059436974
0.0163402632
1.0044494867
0.0340651609
0.0223609507
0.0032685704
0.0689676702
0.0080439132
0.0480533354
0.0168402363
0.0689335689
0.0053830678
0.0276992042
0.0372456014
0.0429807901
0.0069189281
0.0196730345
0.0382511541
0.0222391300
0.0140895732
0.0474906303
0.0574080311
0.0370159745
0.0154054416
0.0324333981
0.0453958698
0.0044770180
0.0230996590
0.0061775106
0.0568689592
0.0188826118
0.0036209228
0.0284717549
0.0049523087
0.0066504613
0.0682937279
0.0081708580
0.0037662538
0.0043661073
0.0623146929
0.0198517460
0.5776786804
0.0067488677
0.0105895167
0.0142680882
1.1230139732
0.0185482353
0.0283020902
0.0770107433
0.0096817184
0.0097033018
1.1214570999
0.0530850664
0.0055312691
0.9428710938
0.0131116305
0.0365247279
0.0471152030
1.0886003971
0.0121398717
0.5777432323
0.0386543535
0.0906735808
0.0108335037
0.0547353029
0.0499018580
0.0171115249
0.0335255973
0.0060749669
0.0286073070
0.0594403967
0.0244571194
0.0047484543
0.0039683096
0.0678149387
0.0076850657
0.0140878586
0.0338120162
0.0122608962
0.0337625928
0.0048905322
0.0107462443
0.0321958549
0.0065419385
0.0302083865
0.0299128704
0.0079012066
0.0201442465
0.0043768669
0.0540433638
0.0672086850
0.0329367854
0.0447775908
0.0280673243
0.0605426915
0.0293856971
0.0094888275
0.0288318414
0.0703064948
0.0121327722
0.0242340229
0.0148741892
0.0128717432
0.0330305137
1.1200375557
0.0387243070
0.0048320810
0.0164829884
0.9209119081
0.0431085564
0.0031993329
0.0622812845
0.5685322285
0.0410829894
0.0213862248
0.0175600071
0.0067571574
0.1391842514
0.0057727322
0.0324759707
0.0265672784
0.0284996331
0.0185115300
0.2514167428
0.2168204933
0.0029300454
0.0773912594
0.0226815138
0.0745229274
0.0156161282
0.5891752243
0.0121097760
0.0263039414
0.0596872866
0.0555047728
0.2004832625
0.0535418913
0.0070369509
0.0060522356
0.0124659026
0.0101246946
0.0440077111
0.0031820084
0.0070541627
0.0195608642
0.0216101632
0.0129987216
0.0228088107
0.0675208271
0.0141326180
0.0265814848
1.0815523863
0.0192814395
0.0083767232
0.0047790906
0.0122687975
0.0086798863
0.0506482460
0.0536662824
0.0131431445
1.1441887617
0.0051417910
0.0035832650
0.0604845472
0.0636515468
0.0072179171
0.0712813064
0.0047902688
0.4072677493
0.0229775812
0.0742782503
0.0054743355
0.0650489926
0.0095033739
0.0157392863
0.0351257287
0.0671387240
0.0609052777
0.0085045937
0.0137351053
0.0549703278
0.0573248044
0.1017739177
0.0058869882
0.0078061814
0.0453642122
0.0079497145
0.0770540535
0.0078943567
0.0077622705
0.0475827046
0.0176671539
0.1653276980
0.0561626852
0.0920890197
0.0079945847
0.0298891775
0.0636838302
0.0632419363
0.0565913357
0.0432965681
0.0540654436
0.1141517088
0.0306400992
0.0237423070
0.0451354235
0.0031917435
0.0431142896
0.0469327271
0.0214977246
0.0197600480
0.0431802571
0.0125969397
0.0093579656
0.0076838653
0.0149839800
0.0185877290
0.0420915373
0.0064489297
0.0338842534
0.0146579565
0.0084382892
0.0536212362
0.0043283217
0.0148701509
0.0605779551
0.0484487899
0.0496130995
0.0374644324
0.0275299828
0.0251406655
0.0084527433
0.0661371574
0.0040324992
0.0049779913
0.0533625595
0.0031552657
0.0718903542
0.0083066123
0.0610635616
0.0359884016
0.0245326459
0.0491733998
0.0402226448
0.0612685867
0.0083345640
0.0050071427
0.0493542142
0.0614856072
0.0300476458
0.0108250938
0.2820583582
0.0611875877
0.0140521089
0.0509689078
0.0266085621
0.0704085678
0.0710314140
0.0124915438
0.0243195817
0.0478651561
0.0082057286
0.0041950759
0.0079769175
0.0789083615
0.0142062632
0.0405985042
0.0466418490
0.0545616969
0.0956672728
0.0714011118
0.0086780759
0.0315687098
0.0066475044
0.3060985208
0.0435939878
0.0623898283
0.0110682482
0.0325465277
0.0680480599
0.0121706482
0.0128090745
0.0428549424
0.0171730109
0.0032036137
0.2431308776
0.0042903358
0.0043003256
0.0075323074
0.0067571416
0.0129083041
0.0063274526
0.0169982035
0.0635730103
0.0542633832
0.0075417385
0.0035604443
0.4376768470
0.0468432270
0.9726030827
0.0282295216
0.0031070516
0.0053435876
0.0363878161
0.0702519193
0.0368773602
0.0083809774
0.0676881894
0.0130303204
0.0124900779
0.0145383170
0.0127629712
0.0109742917
0.0162109658
0.0136487782
0.0049001705
0.2512628138
0.0069791083
0.0273264833
0.0542758703
0.0163279530
0.0681145340
0.3403140306
0.0502440780
0.0101763420
0.0578758754
0.0460923724
0.0528579243
0.0079484480
0.0045112059
0.0071412427
0.0103465933
0.0323664285
0.0250287671
0.0064309947
0.0102160769
0.0393779315
0.0423737504
0.0292644370
0.0066080960
0.4282793999
0.0138463480
0.0220323037
0.0082315654
0.0428104922
0.0054591498
0.0539790094
0.1547185630
0.0107083693
0.0062208069
0.0049862843
0.0065694097
0.0054464559
0.0386296585
0.0445633270
0.0582950488
0.0384036638
0.0717682391
0.0697959512
0.0041126963
0.0192745402
0.0609560460
0.0034111019
0.6896110773
0.0655998960
0.0029660857
0.9520270228
0.0534576252
0.0244886167
0.0117019266
0.0154283149
0.0298052486
0.0307244528
0.0454922765
0.0056033917
0.0158671979
0.0180611443
0.0269377828
0.0394653194
0.0068809069
0.0220571719
0.0174915157
0.0266306903
0.0058788499
0.0263312403
0.0208650753
0.0083908951
0.3204908967
0.0302989129
0.0298112575
0.0357909314
0.0153163970
0.0054881377
0.0977140665
0.0061523360
0.0035624551
0.0029860437
0.0669442788
0.2719855011
0.0087164575
0.0122330720
0.0608556382
0.0756424963
0.1277934909
0.0695445314
0.0193727352
0.1558018178
0.0151283955
0.0049350443
0.0163089726
0.0160880834
0.0035937175
0.0176666696
0.0373064391
0.0329486057
0.0029749812
0.0566268079
0.0259126592
1.0048980713
0.3184445500
0.0064126821
0.0037475824
0.0484193675
0.0165699869
0.0779018626
0.0133139510
0.0106063588
0.0448784083
0.0191928726
0.0175852105
1.0910135508
0.0279456079
0.0224770084
0.0136921927
0.0029276933
0.0105983801
0.0646929964
0.0136866942
0.0458024032
0.0626614839
0.0197502170
0.2842339277
0.0178759973
0.0211143382
0.0374795198
0.0486984067
0.0270099342
0.0254604165
0.0590527058
0.0391227566
0.0507920086
0.0106673799
0.0274624340
0.0058852304
0.0600118227
0.0466949865
0.0149044320
0.0114981849
0.0069999499
0.0481816046
0.0030920261
0.0262624715
0.0091087269
0.0637877211
0.0036106687
0.6857324243
0.0073117549
0.0340065286
0.0042545055
0.0177589878
0.0196587555
0.0053830859
0.0316488780
0.0090331445
0.0075895702
0.0237348285
0.1861424893
0.0082859555
0.1334486604
0.0033897841
0.0082705347
0.0073906896
0.0410559811
0.0034759615
0.0719080195
0.0048067812
0.0106841614
0.0703222305
0.0373110920
0.0149009861
0.0034802915
0.0061463010
0.0365646034
0.1431725025
0.0104062343
0.0035138803
0.0131547423
0.0277898088
0.0198640078
0.0384695530
0.0594064929
0.0302815679
0.0612096041
0.0264044404
0.0029985558
0.0355617069
0.0761265978
0.0180100501
0.0357224122
0.0162030216
0.0075207870
0.0050584101
0.0092236064
0.0279675052
0.0679160729
0.0660480335
0.0820261016
0.0110710878
0.0109033594
0.0085747465
0.0214920323
0.0703506917
0.0181045830
0.6308320761
0.0090885982
0.0253666341
0.0423396640
0.0731219128
0.0174011607
0.0160731748
0.1129900888
0.0218905769
0.0086176051
0.0132941967
0.0126734972
0.0071866107
0.0653794259
0.0035943391
0.0654353648
0.0153902462
0.0536508113
0.0034242852
0.0324668474
0.0705564618
0.0500172041
0.0614967905
0.0052744476
0.1624336243
0.0206453390
0.0213767011
0.0197537597
0.0097405333
0.0171245318
1.0560828447
0.0367553756
0.0413109586
0.0396752730
0.0730141103
0.0253771991
0.0391591191
0.0204809401
0.0539009608
0.0105661880
0.0235808082
0.1087958142
0.0323812403
0.0131190112
1.0350850821
0.0079238527
0.0528418347
0.0084584896
0.0601534657
0.0277999472
0.0129226847
0.0119728567
0.0133869359
0.0182919223
0.0071728034
0.0059454245
0.0188524127
0.0260973740
0.1098649651
0.0660402402
0.0366555229
0.0114667211
0.0106035220
0.0611996092
0.4995465875
0.0365757197
0.0530365519
0.0110881748
0.0140949069
0.0397168510
0.1338390857
0.0539743267
0.0104991673
0.0408238880
0.0103493948
0.0062387809
0.0671295151
0.0148527939
1.0491462946
0.0088999160
0.0298121069
0.0273793451
0.0486757569
0.0321369283
0.0228362940
0.0085060932
0.0138631705
0.0356211215
0.0054005873
0.0945426747
0.0097404560
0.0115360413
0.0206176694
0.0042944974
0.0190341715
0.0904792696
0.0079718921
0.0618248321
0.0496822670
0.0044363327
0.0694402233
0.0173996128
0.0618534088
0.0115791857
0.0173493586
0.0221843589
1.0711615086
0.0229005013
0.0365923867
0.2309187800
0.0515843146
0.0505047590
0.0273353048
0.0176134352
0.0170021337
0.0045791958
0.0121739740
0.0345169716
0.0713154674
0.0217021275
0.0267285332
0.0130585562
0.0099752294
0.0499340706
0.0177538581
0.0094357869
0.0029193533
0.0042990120
0.0055963458
0.0738351047
0.0064274040
1.0879447460
0.0049700653
0.0083061187
0.0232208818
0.1007835418
0.0168174878
0.0120189823
0.0814340040
0.0074668014
0.0678425655
0.0269223489
0.0143319005
0.0055554505
0.0043337499
0.0289699379
0.1802061647
0.0069553712
0.0707329214
0.0256076977
0.0418166704
0.0235478692
0.3042186499
0.0590557642
0.0234737359
0.0428016745
0.0181392729
0.2379176170
0.0400124714
0.0385184810
0.0397209562
0.0069135386
0.0030161263
0.0045575425
0.0518017448
0.0102733476
0.0145919956
0.0376926325
0.0097735431
0.0048199114
0.2326710224
0.0544288531
0.0359419398
0.1585200876
0.0767594278
0.0158012770
1.0786726475
0.0146687580
0.0032527614
0.0459291115
0.0085904095
0.0039348565
0.0083721774
0.0865106061
0.0347170532
0.0246037990
0.0394796841
