0.0456326045
0.0395519920
0.0454523750
0.0038913193
0.0057885475
0.0212955121
0.0055627762
0.0514845736
0.0491632968
0.0034610184
0.0314683206
0.0296249874
0.0059926845
0.0664578080
0.0248494148
0.0429051593
0.0254034493
0.0068689696
0.0265366789
0.0040014167
0.0310866050
0.0411901064
0.0476377532
0.0158778541
0.0371581055
0.0414185710
0.0441274084
0.0342538729
0.0574265160
0.0287090801
0.0069800932
0.0343473144
0.0034005947
0.0516016185
0.0344825052
0.0115231918
0.0449597947
0.0400269367
0.0174476188
0.0067764241
0.0138171315
0.0537619106
0.0575381964
0.0076553975
0.0173657592
0.0627329051
0.0160656385
0.0052533885
0.0097843856
0.0272575691
0.0031147571
0.0569623560
0.0595883988
0.0060358834
0.0350706838
0.0148060098
0.0179782864
0.0386984162
0.0071322317
0.0146083087
0.0314206332
0.0066016559
0.0041970233
0.0531981923
0.0123640476
0.0319633596
0.0542410500
0.0623127036
0.0274175983
0.0443005376
0.0168816894
0.0423130505
0.0048474590
0.0119909840
0.0108429836
0.0258922353
0.0511585139
0.0238306075
0.0320107043
0.0082120765
0.0522296689
0.0069696959
0.0520651527
0.0257582273
0.0202015713
0.0097806845
0.0157958865
0.0441747792
0.0034050287
0.0069180280
0.0363872387
0.0282074008
0.0516727604
0.0052096718
0.9730896950
0.0499956310
0.0134096276
0.0326682739
0.0731087625
0.0064958395
0.0578311831
0.0395637676
0.0040311501
0.0589026250
0.0308672916
0.0088904342
0.0720421672
0.0271269716
0.0507121086
0.0322844833
0.0519925840
0.0058778315
0.0031355196
0.0030257273
0.0258296132
0.0055409116
0.0461531654
0.0151806772
0.0157229640
0.0415656231
0.0174497608
0.0381483100
0.0532198325
0.0110665020
0.0503243990
0.0114861093
0.0629218891
0.0047125029
0.0175134968
0.0415950455
0.0043616504
0.0036021720
0.0063858619
0.0324853398
0.0181964636
0.0398293734
0.0354966931
0.0320372805
0.0112596275
0.0650831610
0.0251333602
0.0278268773
0.0135617908
0.0125014773
0.0041982951
0.0038245129
0.0256093405
0.0451465100
0.0338232294
0.0069076912
0.0517374463
0.0162479635
0.0261817090
0.0081590386
0.0069079762
0.0251513850
0.0584760420
0.0384893157
0.0194646940
0.0157031901
0.0047074310
0.0124060493
0.0029842586
0.0436698496
0.0132420184
0.0159214232
0.0296387821
0.0108729731
0.0125016244
0.0257560946
0.0127359405
0.0183732100
0.0055959183
0.0069201561
0.0556504987
0.0030845075
0.0188373756
0.0501529239
0.0435210541
0.0499827452
0.0248048659
0.0184520818
0.0370247811
0.0553810634
0.0694505349
0.0681874752
0.0588367805
0.0167493392
0.0054474422
0.0218802430
0.0568688437
0.0036009643
0.0041926783
0.0042212997
0.0176965054
0.0122764949
0.8758031130
0.0151985083
0.0492322966
0.0658323020
0.0105654718
0.0562665649
0.0224019848
0.0071721999
0.0403842330
0.0472250693
0.0446812585
0.0378253609
0.0275603067
0.0033560041
0.0078299409
0.0080300542
0.0198833998
0.0099400710
0.0030520922
0.0353545807
0.0103468001
0.0145678194
0.0295742061
0.0396432616
0.0168477092
0.0091611678
0.0124285836
0.0665634796
0.0512331910
0.0033070268
0.0122581376
0.0086504621
0.0722619295
0.0514004380
0.0045341225
0.0096579101
0.0326544344
0.0187991671
0.0243023634
0.0387173817
0.0032815549
0.0356542021
0.0295887981
0.0458596312
0.0041951849
0.0191397686
0.0218356121
0.0338976495
0.0331425630
0.0212140437
0.0515112095
0.0351277255
0.0167837664
0.0586104505
0.0337859616
0.0269575752
0.0266907196
0.0107614985
0.0711351708
0.0461715236
0.0039778631
0.0219539683
0.0161955226
0.0364045799
0.0339512639
0.0167190563
0.0573427901
0.0033684582
0.0348249376
0.0034780581
0.0677829534
0.0637800768
0.0432097018
0.0066788602
0.0548617840
0.0089960340
0.0512997136
0.0118813813
0.0414943472
0.0259346738
0.0036307727
0.0124161420
0.0461758412
0.0668477938
0.0213999506
0.0253616553
0.0237972271
0.0088865506
0.0728972703
0.0319859795
0.0126467021
0.0053357640
0.0147564607
0.0629831851
0.0423969775
0.0129194977
0.0223722868
0.0461859256
0.0041138357
0.0554015376
0.0184147805
0.0256493893
0.0162987635
0.0029923751
0.0314802490
0.0584205016
0.0129748695
0.0259851906
0.0646366850
0.0526820868
0.0688561425
0.0063868808
0.0350126326
0.0212873649
0.0528526418
0.0088644195
0.0071618613
0.0033483459
0.0712790117
0.0201078299
0.0130638462
0.0128035974
0.0103999972
0.0124113364
0.0704918653
0.0286091957
0.0049426812
0.0056216544
0.0168040972
0.0462125987
0.0097655719
0.0103381583
0.0036840907
0.0487000570
0.0120472768
0.0138740195
0.0545283929
0.0501921251
0.0071390914
0.0104541928
0.0041610142
0.0216148049
0.0437134430
0.0223635957
0.0418791212
0.0052717030
0.0347385220
0.0096757477
0.0090290131
0.0332710929
0.0165979601
0.0582541414
0.0294833723
0.0035572785
0.0125207473
0.0031957673
0.0299431719
0.0289299265
0.0687234923
0.0665054172
0.0172940474
0.0029699672
0.0330558866
0.0090723308
0.0255609285
0.0517044924
0.0678170547
0.0529259928
0.0048828111
0.0492220148
0.0062849242
0.0113247968
0.0175201595
0.0376859568
0.0066032638
0.0045605293
0.0614548437
0.0200244095
0.0137195103
0.0272859987
0.0217260048
0.0097627109
0.0063228672
0.0237357579
0.0438401662
0.0077075982
0.0047524488
0.0120408488
0.0056822803
0.0039580525
0.0444215834
0.0444464348
0.0034808847
0.0483469479
0.0266161300
0.0212781467
0.0585237332
0.0028319554
0.0030817899
0.0594875216
0.0483177006
0.0160262547
0.0075728688
0.0171875358
0.0346461311
0.0230933540
0.0240497552
0.0444041602
0.0113685923
0.0480248705
0.0037356832
0.0458585098
0.0198512953
0.0485952981
0.0480102338
0.0036040400
0.0277112499
0.0073714028
0.0075150905
0.0537533164
0.0480977409
0.0639719516
0.0197178219
0.0115503175
0.0033687118
0.0277186558
0.0044720974
0.0170808937
0.0179017764
0.0070254011
0.0709941387
0.0075611831
0.0243564937
0.0057509569
0.1456957906
0.0374966525
0.0132894171
0.0036025816
0.0345790535
0.0095242076
0.0251892656
0.0030488188
0.0280181076
0.0365358442
0.0187930092
0.0586507097
0.0336945392
0.0156554803
0.0103411749
0.0373830162
0.0034244689
0.0330282487
0.0463888496
0.0521588512
0.0126367863
0.0649800599
0.0498650633
0.0465336777
0.0032062873
0.0622760914
0.0047791181
0.0369636193
0.0080825491
0.0034549681
0.0296250209
0.0059287460
0.0104166018
0.0078651728
0.0273943972
0.0560475662
0.0062400093
0.0225213524
0.0064826249
0.0609196387
0.0313004404
0.0064233858
0.0122409640
0.0166590177
0.0579598956
0.0269587990
0.0290806275
0.0047350922
0.0381721780
0.0569257960
0.0237492025
0.0335943885
0.0382524244
0.0695241988
0.0384114720
0.0240614731
0.0597541481
0.0036199999
0.0084324228
0.0077267694
0.0443213582
0.0033685253
0.0062202024
0.0139558734
0.0086343894
0.0102821933
0.0626796484
0.0664854422
0.0090023568
0.0658152550
0.0064360411
0.0142615046
0.0515554994
0.0600346476
0.0055105560
0.0267774742
0.0145078786
0.0464409515
0.0197734442
0.0053066355
0.0057991566
0.0163266473
0.0194734856
0.0090266112
0.0095854262
0.0506322719
0.0061878776
0.0065917377
0.0118927844
0.0494785607
0.0062493659
0.0313457586
0.0063148867
0.0211167801
0.0051355157
0.0082028368
0.0287439488
0.0199010242
0.0476759635
0.0367549323
0.0361959264
0.0071645314
0.0282268636
0.0158075485
0.0216338839
0.0107113766
0.0044493568
0.0160167422
0.0119646713
0.0702641532
0.0068553118
0.0092599187
0.0351191498
0.0360058360
0.0161174927
0.0031918162
0.0387823991
0.0320674069
0.0172314625
0.0066616801
0.0648520738
0.0032748170
0.0199803673
0.0086638806
0.0163967144
0.0280623734
0.0269195884
0.0293122642
0.0194164589
0.0119177271
0.0109430645
0.0031270613
0.0174451098
0.0719817653
0.0327712819
0.0221197531
0.0447698943
0.0121879643
0.0223835092
0.0657191500
0.0711767972
0.0427333787
0.0294102617
0.0381217524
0.0101913763
0.0199180525
0.0548478924
0.0712102503
0.0186954476
0.0697876588
0.0220744405
0.0390689149
0.0718131587
0.0104256021
0.0410568900
0.0655578002
0.0452738218
0.0064039407
0.0175938625
0.0556717440
0.0077144657
0.0073640100
0.0038511960
0.0255319495
0.0258277133
0.0102301165
0.0380818807
0.0146089662
0.0051830374
0.0601660274
0.0133108804
0.0263224319
0.0076746582
0.0085791741
0.0068149697
0.0304065961
0.0706436187
0.0294450261
0.0051344251
0.0171091761
0.0035592660
0.0342143252
0.0287195668
0.0284216143
0.0140704615
0.0463510640
0.0039103599
0.0039233495
0.0625319332
0.0333719142
0.1228102073
0.0125279091
0.0308965314
0.0731970221
0.0029144890
0.0112531064
0.0035114121
1.0335670710
0.0440866910
0.0090285549
0.0236366168
0.0329080001
0.0322049893
0.0029652505
0.0047774031
0.0316147245
0.0052802833
0.0039517405
0.0256181974
0.0051554819
0.0391731672
0.0068184552
0.8969826102
0.0501848832
0.0596150234
0.0513285659
0.0142315356
0.0664466769
0.0423504859
0.0275346879
0.0179666057
0.0355926268
0.0450894646
0.0264732540
0.0042591882
0.0033425158
0.0307539180
0.0573825054
0.0567854457
0.0299723893
0.0611899272
0.0680184960
0.0451574624
0.0050467663
0.0370626897
0.0109229907
0.0053321575
0.0164598022
0.0034001723
0.0077210343
0.0190934148
0.0091879750
0.0567313619
0.0056790598
0.0119654685
0.0114413099
0.0353199504
0.0504821837
0.0056161303
0.0471793264
0.0037024056
0.0036453414
0.0549734086
0.0256028902
0.0209009163
0.0696998835
0.0376094915
0.0710412785
0.0154738054
0.0250029676
0.0362375490
0.0332343243
0.0079189036
0.0713886470
0.0323350914
0.0101225637
0.0159947127
0.0074539562
0.0395014435
0.0619055741
0.0129782055
0.0099534048
0.0159762651
0.0207212176
0.0609850362
0.9206152558
0.0066237259
0.0093313353
0.0052566319
0.0093911402
0.0170527808
0.0715558678
0.0155435465
0.0055134860
0.0200488623
0.0372312516
0.0075526838
0.0278804414
0.0217425060
0.0508941785
0.0165876113
0.0066217859
0.0120245824
0.0067205844
0.0122406306
0.0722503662
0.0203035139
0.0402155705
0.0317149907
0.0221450292
0.0193724129
0.0196718238
0.0086552156
0.0141502833
0.0139600439
0.0617256053
0.0119693698
0.0728374273
0.0150161441
0.0045330781
0.0659684092
0.0075298026
0.0718979314
0.0266838279
0.0319418833
0.0463284068
0.0185288247
0.0089249667
0.0036649029
0.0081308829
0.0405270606
0.0510207564
0.0121031543
0.0551703312
0.0133608337
0.0254062973
0.0248025227
0.0096044149
0.0274067670
0.0087011643
0.9124518633
0.0316059142
0.0407182276
0.0081917187
0.0178274438
0.0054828795
0.0456610546
0.0033124851
0.0371875092
0.0071180589
0.0330369547
0.0080145784
0.0543703474
0.0108371293
0.0511746965
0.0307805836
0.0068932120
0.0469434932
0.0362925157
0.0644736961
0.0705774724
0.0587705038
0.0458753817
0.0370487757
0.0077462471
0.0642130002
0.0102483472
0.0562263578
0.0572618730
0.0368246287
0.0040374133
0.0120027903
0.0654618219
0.0594912507
0.0038014778
0.0202683192
0.0046238499
0.0428899974
0.0461825430
0.0053135813
0.7395069599
0.0057089734
0.0252239853
0.0334045961
0.0618888326
0.0257317964
0.0662567168
0.0156018678
0.0046812035
0.0281316265
0.0282393973
0.0042791860
0.0581068322
0.0332843885
0.0534147732
0.0458124764
0.0076542338
0.0647976696
0.0681992322
0.0196093060
0.0472756848
0.0611239411
0.0345281363
0.0039942530
0.0039314972
0.0148888202
0.0034678266
0.0140111614
0.0485384986
0.0284146592
0.0383860618
0.0369156785
0.0303213447
0.0590252541
0.0359386541
0.0596609674
0.0492595583
0.0111355502
0.0319645666
0.0205586385
0.0080334274
0.0390354954
0.0166951958
0.0338048860
0.0033976145
0.0551817641
0.0715189651
0.0064871218
0.0224742666
0.0059503000
0.0128631331
0.0312244929
0.0039340844
0.0309430920
0.0242470577
0.0542758144
0.0075948755
0.0326180272
0.0296070985
0.1684295684
0.0505483486
0.0065223733
0.0185392406
0.0403635278
0.0049467362
0.0085942429
0.0636188313
0.0071612746
0.8197506070
0.0077785943
0.0169085879
0.0456579588
0.0193720628
0.0442721620
0.0068201236
0.0102694910
0.0303781852
0.0287738647
0.0060674823
0.0174555928
0.0082571199
0.0335615501
0.0465821624
0.0576461405
0.0183407087
0.0112510575
0.0558440872
0.0078000040
0.0088223992
0.0662340000
0.0479065552
0.0538001247
0.0441432521
0.0237414744
0.0087657021
0.0464134961
0.0383946449
0.0605038740
0.0337827764
0.0143505652
0.0063648713
0.0050558774
0.0295713264
0.0082821753
0.0125791291
0.0033316540
0.0337782949
0.0081948079
0.0408048518
0.0882076919
0.0258400738
0.0448954031
0.0317000337
0.0087672351
0.0111280102
0.0298250448
0.0055390289
0.0186674614
0.0054051387
0.0232490525
0.0539282486
0.0358313806
0.0474217534
0.0715883747
0.0619340353
0.0233228039
0.0066691404
0.0311174579
0.0169490483
0.0148542635
0.0507535711
0.0245793536
0.0312642455
0.0029506374
0.0094729848
0.0386894196
0.0286885444
0.0082151424
0.0089494847
0.0717634857
0.0072011696
0.0163658522
0.0645773634
0.0267355088
0.0203870591
0.0037448371
0.0051073711
0.0239602961
0.0093603404
0.0406152904
0.0062559815
0.0035505844
0.0152073558
0.0472732820
0.0221686680
0.0280417372
0.0680921748
0.0176669266
0.0067167473
0.0121023441
0.0462635309
0.0096008973
0.0073914966
0.0041950052
0.0220038332
0.0131107578
0.0593629070
0.0078892400
0.0039339596
0.0449513979
0.0708641708
0.0193443466
0.0209308378
0.0040482576
0.0045245211
0.0427041985
0.0066864346
0.0083726924
0.0233090781
0.0553978682
0.0200618226
0.0179683138
0.0191967599
0.0036621722
0.0117375385
0.0345669352
0.0057966150
0.0111500267
0.0563461334
0.0174051188
0.0065875645
0.0059427037
0.0247705970
0.0079860017
0.0679309592
0.0037403209
0.0482942089
0.0072706267
0.0500524156
0.0148904473
0.1114010289
0.0033198460
0.0510637425
0.0056633297
0.0360675864
0.1403017491
0.0274244398
0.0236638710
0.0658048615
0.0202814266
0.0208275188
0.0252867937
0.0694206133
0.0231775548
0.0179419406
0.0066703088
0.0354376025
0.0213279463
0.0251512993
0.0524985716
0.0593021661
0.0270085596
0.0640070587
0.0172706898
0.0346607119
0.0166608002
0.0416978188
0.0363686532
0.0277873427
0.0202243458
0.0505033396
0.0304674860
0.0040144934
0.0711602345
0.0238123946
0.0494160540
0.4076679647
0.0057240673
0.0117975865
0.0457795672
0.0047855680
0.0639555529
0.0096250707
0.0036339676
0.0600894876
0.0047985041
0.8854238391
0.0146757448
0.0046641831
0.8983142972
0.0050561237
0.0614384003
0.0653749257
0.0157343950
0.0117799193
0.0068747951
0.0152911404
0.0301000923
0.0051923017
0.0459574275
0.0338429920
0.0098559950
0.0102102403
0.0323809125
0.0336826891
0.0439289398
0.0077245883
0.0033494106
0.0306585394
0.0106856097
0.0037510074
0.0374712050
0.0573305003
0.0224223342
0.0176010337
0.0536849461
0.0191282909
0.0314332582
0.0429232232
0.0331353657
0.0044436119
0.0172948875
0.0281322505
0.0081102941
0.0485270098
0.0295618102
0.0246306825
0.0067923265
0.0563883856
0.0157229975
0.0714410543
0.0216119215
0.0277851336
0.0692425221
0.0690186843
0.0113084996
0.0447243713
0.0688005090
0.0693815947
0.0206733663
0.0680975690
0.0048073810
0.0624575317
0.0162585229
0.0276016984
0.0351276584
0.0115918489
0.0271045733
0.0289993063
0.0641415268
0.0320312902
0.0651021823
0.0260533690
0.0070430445
0.0160672143
0.0569293983
0.0041783093
0.0509809814
0.0286250859
0.0383807421
0.0340723582
0.0143648963
0.0312767588
0.0059750825
0.0294072106
0.0719310716
0.0108262105
0.0363482088
0.0162205175
0.0489258915
0.0032851784
0.0153036285
0.0236360785
0.0608122014
0.0031607263
0.0257734898
0.0205455739
0.0704139620
0.0150484899
0.0546587594
0.0240854789
0.0164146908
0.0555045083
0.0033878745
0.0614246242
0.0520911328
0.0523159876
0.0676120147
0.0449778959
0.0715905577
0.0272886101
0.0243454538
0.0513589270
0.0072556115
0.0538580120
0.0344622843
0.0286714900
0.0082300715
0.0162055120
0.0124513954
0.0499348082
0.0070744278
0.0374720618
0.0177399311
0.0035671520
0.0044885813
0.0390088335
0.0087175425
0.0228011180
0.0377801247
0.0714201704
0.0120587153
0.0248260163
0.0138700958
0.0346591994
0.0063335113
0.0302277710
0.0728100687
0.0030381570
0.0239850078
0.0044567613
0.0261712950
0.0044326140
0.0559879690
0.0165099259
0.0069994209
0.0655490234
0.9289231896
0.0153017454
0.0170194954
0.0034400085
0.0551238172
0.0214551352
0.7421938181
0.0385856405
0.0317923576
0.0103860125
0.0193122998
0.0109770363
0.0494662412
0.0045693195
0.0043513207
0.0047218404
0.0647421032
0.0584550686
0.0142473187
0.0087149115
0.0069528073
0.0273908246
0.0282514747
0.0058140787
0.0315063260
0.0081013199
0.0070552677
0.0040459735
0.0081292819
0.0134912394
0.0038609023
0.0404636301
0.0076393019
0.0143761169
0.0525075719
0.0162322056
0.0405951515
0.0445451364
0.0358672887
0.0193840042
0.0124734528
0.0040830364
0.0461336263
0.0534917787
0.0152076837
0.0064621251
0.0054689934
0.0247550420
0.0082995994
0.0029817016
0.0415081754
0.0072863526
0.0140250772
0.0573041998
0.0058550076
0.0123917479
0.0544522256
0.0046941405
0.0101625463
0.0287108757
0.0133164739
0.0215885900
1.0146113634
0.0040345625
0.0382970683
0.0564109981
0.0166236181
0.0282576531
0.0406963415
0.0531294420
0.1720240563
0.9121855497
0.0146698365
0.0314611308
0.0036297152
0.0106175384
0.0126718935
0.0139637422
0.0031900443
0.0643845946
0.0546261854
0.0177333262
0.0039684926
0.0032774983
0.0248098765
0.0083289724
0.0564088412
0.0336148627
0.0465615466
0.0104793012
0.0128078489
0.0300411768
0.0295514837
0.0124284439
0.0041646464
0.0474608913
0.0129204877
0.0062500667
0.0307081044
0.0069542252
0.0680585280
0.0057124761
0.0376606733
0.0207819045
0.0049285754
0.0475511961
0.0174646657
0.0075558750
0.0545387231
0.0375366174
0.0529047437
0.0321470685
0.0249711964
0.0159162153
0.0648275018
0.0094316648
0.0265259705
0.0545699149
0.8924440742
0.0471052788
0.0130808568
0.0697467923
0.0588631891
0.0077582849
0.0272366572
0.0092557399
0.0057661715
0.0220830962
0.0431872606
0.0066904705
0.0593523085
0.0115098273
0.0304523204
0.0053027053
0.8649324775
0.0419304520
0.0204329453
0.0434671454
0.0727034807
0.0226041395
1.0095010996
0.0235522036
0.0071604601
0.0685383156
0.0142669287
0.0398187488
0.0520725623
0.0073513421
0.0290598515
0.0499855615
0.0535061322
0.0085209068
0.0073873722
0.0113240937
0.0374573767
0.0173636451
0.0152452299
0.0119041745
0.0102334386
0.0301608890
0.0353425853
0.0044733947
0.0723971128
0.0096193338
0.0196408127
0.0131781315
0.0645517409
0.0348565057
0.0034654292
0.0284479037
0.0342310667
0.0186449364
0.0613008738
0.0214837156
0.0086845793
0.0042573637
0.0418204255
0.0053407699
0.0039739036
0.0266019292
0.0082731815
0.0358529054
0.0036858988
0.0729707181
0.0482149012
0.0262890216
0.0047326661
0.0080395909
0.0203220006
0.0444302000
0.0177360065
0.0695967004
0.0360698476
0.0551214740
0.0038081121
0.0041976981
0.0085673137
0.0035179630
0.0718281046
0.0148881059
0.0087644439
0.0118810525
0.0632071644
0.0132042496
0.0506992936
0.0124221966
0.0294364318
0.0036304756
0.0598350167
0.0124020902
0.0630297065
0.0707468688
0.0632192194
0.0704799369
0.0089492863
0.0722442940
0.0167090092
0.0049372595
0.0184249319
0.0162611976
0.0384725817
0.0321262740
0.0164275989
0.0439625382
0.0089346450
0.0059773759
0.0235666428
0.0216755234
0.0363557488
0.0031391440
0.0225284081
0.0556381717
0.0051012598
0.0236296896
0.0177668277
0.0557725318
0.0124128778
0.0341001935
0.0581652857
0.0038268715
0.0256229620
0.0486801155
0.0548636615
0.0296673961
0.0423857495
0.9743247032
0.0163972769
0.0449512973
0.0143596753
0.0124224201
0.0483962633
0.0323870257
0.0627326146
0.0039406042
1.0122157335
0.0692086965
0.0280766636
0.0124168806
0.0287788268
0.0203018114
0.0085117547
0.0163096935
0.0367620550
0.0505126975
0.0493538491
0.0195632298
0.9109706283
0.0536217056
0.0434170030
0.0052807019
0.0121065984
0.0157663934
0.0034168707
0.0634081513
0.0050067608
0.0661140904
0.0062174867
0.0137246698
0.0169098433
0.0491550192
0.0412687100
0.0516115725
0.0136911767
0.0511619113
0.0078411875
0.0117752841
0.0360273458
0.0595391616
0.0040497086
1.0217145681
0.0036305762
0.0068408437
0.0222049337
0.0061676656
0.0080638845
0.0041931272
0.0257328786
0.0650576353
0.0657395422
0.0406344868
0.0451954976
0.0576916300
0.0057785534
0.0419634283
0.0345335044
0.0345041864
0.0422355607
0.0649713352
0.0107165975
0.0242060125
0.0035596103
0.0297754481
0.0066506634
0.0481886528
0.0045059081
0.0406307913
0.0501332022
0.0612528510
0.0394099243
0.0271460414
0.0094993208
0.0303763300
0.0160882603
0.0365167148
0.0032551212
0.0063569439
0.0706186071
0.0147281317
0.0122554535
0.0289000962
0.0233316738
0.0466730893
0.0421214551
0.0031255276
0.0590727590
0.0083690081
0.0102185290
0.0544673204
0.0442599095
0.0633347407
0.0359176323
0.0433314554
0.0216094926
0.0224940814
0.0164602417
0.0435333699
0.0411480367
0.0319742560
0.0045373314
0.0218216330
0.0317101032
0.0293613467
0.0199189298
0.0504275598
0.0395682044
0.0069343923
0.0233619325
0.0230336245
0.0047386619
0.0389880575
0.0500368662
0.0167047773
0.0312260780
0.0499252900
0.0700451210
0.0315784402
0.0148541378
0.0238303635
0.0288009308
0.0169788878
0.0225425493
0.0065088239
0.0054156189
0.0159236342
0.0179057978
0.0411424600
0.0051503396
0.0371199735
0.0093317358
0.0164877381
0.0631737188
0.0062088612
0.0521200560
0.0539747961
0.0321153551
0.0084532686
0.0062781302
0.0502187274
0.0052039204
0.0253766272
0.0033977416
0.0501484573
1.0268815756
0.0546506494
0.0140047781
0.0086277686
0.0236277487
0.0659158230
0.0042862808
0.0417865813
0.0254842360
0.0032246222
0.0054571945
0.0039131646
0.0581862703
0.0214830451
0.0292603001
0.0245702211
0.0032709553
0.0030989945
0.0065436363
0.0414076857
0.0316405445
0.0231014080
0.0303427726
0.0668151975
0.0320470519
0.0463043377
0.0368884318
0.0091012614
0.0630117580
0.0572792664
0.0123626357
0.0191170145
0.0203194749
0.0376216434
0.0037394657
0.6112756133
0.0237646773
0.6920990348
0.0715951473
0.0082581993
0.0402287729
0.0095095281
0.0231563002
0.0661686733
0.0150328483
0.0166209303
0.0476458110
0.0264421050
0.0087712603
0.0719284639
0.0041189860
0.0059661283
0.0183109269
0.0209597908
0.0109043084
0.0047784606
0.0343353115
0.0189575572
0.0347509682
0.0332958438
0.0045053409
0.0107633257
0.0132549293
0.0201829411
0.0069466149
0.0075291852
0.0170215257
0.0209292527
0.0610139370
0.0500697419
0.0288836155
0.0724766925
0.0542074442
0.0148613974
0.0206594151
0.0089407610
0.0637055188
0.0144603876
0.0077815433
0.0088594956
0.0164112337
0.0077499561
0.0236026980
0.0334911011
0.0083014378
0.0617742725
0.0635025427
0.0041886480
0.0503938943
0.0266301036
0.0066908346
0.0316035599
0.0449703820
0.0048820293
0.0159771163
0.0392876454
0.0479531251
0.0680575520
0.0211697482
0.0044031562
0.0048937500
0.0196009725
0.0102331256
0.0034090162
0.6992177367
0.0064753527
0.0433014520
0.0050679878
0.0508434176
0.0094276173
0.0039169397
0.0071994606
0.0524125174
0.0391955748
0.0693875700
0.0571329407
0.0056033339
0.0219799466
0.0045669759
0.0615325756
0.0030367381
0.0083412901
0.0201276317
0.0035714337
0.0685306415
0.0042620501
0.0356206112
0.0529000238
0.0055929394
0.0213009492
0.0038766074
0.0645082965
0.0420805737
0.0367538854
0.0489782244
0.0695406049
0.0035416291
0.0282499790
0.0056510051
0.0377010927
0.0677743554
0.0264463909
0.0132561438
0.0131375305
0.0146219498
0.0307081584
0.0146681340
0.0077690515
0.0201639775
0.0631788597
0.0036043057
0.0030708874
0.0033919695
0.0697302967
0.0311208852
0.0059786835
0.0466546305
0.0151717281
0.0624575019
0.0039842520
0.0627100915
0.0447351262
0.0063086515
0.8391449451
0.0065261140
0.0357387885
0.0283189602
0.0103779128
0.0391483977
0.0346786305
0.0051444196
0.0415906385
0.0302334446
0.0062555955
0.0668151826
0.0571761727
0.0098105902
0.0039701257
0.0094209313
0.0165160801
0.0201189015
0.0328411534
0.0218633544
0.0165208913
0.0052513499
0.0648175701
0.0169217978
0.0335584506
0.0126958890
0.0067981384
0.0114734108
0.0419903919
0.0156697053
0.0607942976
0.0145064695
0.0060483236
0.0110456124
0.0032908418
0.0069919643
0.0228438750
0.0116792647
0.0201619323
0.0409547538
0.0073952470
0.0421722941
0.0699691474
0.0030816682
0.0371358171
0.0049430961
0.0305145811
0.0535567626
0.0540335476
0.0105911018
0.0035426093
0.0239617079
0.0048687235
0.0273118112
0.0606056228
0.0280825440
0.0059660920
0.0081376350
0.0057278248
0.0342995636
0.0475912392
0.0177747495
0.0583020411
0.0105192661
0.0148167200
0.0448932275
0.0036727788
0.0145334834
0.0433426052
0.0201492384
0.0358867645
0.0192567352
0.0411527455
0.0052970136
0.0714979097
0.0403343886
0.0050682514
0.0051762727
0.0122834798
0.0256823823
0.0038952206
0.0032842206
0.0094359908
0.0462996550
0.0263878144
0.0032554734
0.0144973425
0.0156141510
0.0505634062
0.0564082712
0.0534158349
0.0044743866
0.0069326581
0.0051091230
0.0129272230
0.0525736064
0.0571149886
0.0051855026
0.0040671923
0.0131314937
0.0100126918
0.0202020239
0.0386464894
0.0054984973
0.0041394010
0.0527548417
0.0107480697
0.0093744043
0.0076068123
0.0675446317
0.0447340943
0.0095077418
0.0671551600
0.0094678933
0.0045365253
0.0046142414
0.0260573849
0.0133103337
0.0096193692
0.0413764603
0.6689671278
0.0045374762
0.0498948842
0.0155288028
0.0435267463
0.0570227467
0.0163307134
0.0212696511
0.0380571261
0.0125455456
0.0144630764
0.0056663160
0.0032898816
0.0100839119
0.0039062519
0.0205185562
0.0319918692
0.0381228290
0.0155716222
0.0309434682
0.0041102949
0.0118505964
0.0309182461
0.0364607610
0.9318346381
0.0157632343
0.0516440384
0.0038939728
0.0449549444
0.0221772958
0.0287078768
0.0030747859
0.0407723598
0.0209217053
0.0144265378
0.0050352374
0.0032066286
0.0204967000
0.0200555827
0.0225979164
0.0213565528
0.0484864935
0.0153442500
0.0565615520
0.0350250527
0.0038078537
0.0412018411
0.0414621234
0.0435076393
0.0304469988
0.0510211363
0.0296878051
0.0050357515
0.0122969458
0.0409367010
0.0217765067
0.0061397264
0.0586230718
0.0265404545
0.0281887688
0.0131307794
0.0624831580
0.0035704868
0.0150609287
0.0663775876
0.0163497943
0.0231648423
0.0049314569
0.0051570735
0.0133500323
0.0544145405
0.0588765740
0.0057073669
0.0323783979
0.0073626037
0.0065177726
0.0100982180
0.8140666485
0.0131399520
0.0163436122
0.0717804059
0.0451110229
0.0082978979
0.0600433722
0.0030280782
0.0276872162
0.0150152566
0.0221530180
0.0058810334
0.0403986648
0.0260366797
0.0343511291
0.9866204858
0.0096784476
0.0143496320
0.0282787625
0.0339480750
0.0284222513
0.0469555818
0.2069829106
0.0088136792
0.0117315361
0.0614052936
0.0681213513
0.0218789615
0.0548275895
0.0104779359
0.0053909761
0.0711817071
0.0325493440
0.0034939046
0.0255675316
0.0119498894
0.0238862559
0.0581049956
0.0470561236
0.0037986562
0.0031396099
0.0368921347
0.0135608576
0.0670393258
0.0059977421
0.0039178031
0.0697150752
0.0236151479
0.0475223623
0.0365676284
0.0838803500
0.0438790061
0.0055631502
0.0039244746
0.0163494963
0.0493136011
0.0249490719
0.0368440375
0.0054188310
0.0391036160
0.0257043298
0.0349775366
0.0328329094
0.0078099603
0.1647341996
0.0052550454
0.0374898277
0.0648281127
0.0159436744
0.0313590318
0.0418388546
0.0113676526
0.0537343062
0.0666221902
1.0212351084
0.0355200097
0.0034615183
0.0081581417
0.0241045207
0.0190973692
0.0044546667
0.0131573109
0.0659584850
0.0297349393
0.0186587181
0.0617392659
0.0674142018
0.0035772135
0.0418363772
0.0182570294
0.0029439917
0.0356356874
0.0585860796
0.0047289431
0.9693165421
0.0058267568
0.0107546877
0.0687910318
0.0537519753
0.0120138368
0.0366806127
0.0728160143
0.0056712586
0.0603742562
0.0041790311
0.0698680207
0.0067477333
0.0657313913
0.0121759418
0.0049710316
0.0282594543
0.0476369113
0.0207086205
0.0126625467
0.0287275948
0.0087798228
0.0089394301
0.0077108736
0.0137908747
0.0058893450
0.0493385196
0.0087990910
0.0082337689
1.0152800083
0.0658949465
0.0051195910
0.0225265473
0.5738362074
0.0485240184
0.0676831305
0.0112376744
0.0282396656
0.0029268002
0.0112651484
0.0276781991
0.0068006418
0.0170682389
0.0105219670
0.0258781593
0.0238413103
0.0048993640
0.0674558356
0.0661992058
0.0080870409
0.0210565515
0.0040447325
0.0045340564
0.0092868991
0.0071080104
0.0719767958
0.0468691699
0.0536300614
0.0166114178
0.0500999652
0.0175194703
0.0067857211
0.0332934782
0.0719949380
0.0178755261
0.0044642920
0.0301122330
0.0090307901
0.0036402808
0.0294874273
0.0614581220
0.0444764346
0.0403574705
0.0140609220
0.0072189495
0.0044056014
0.0051576514
0.0058104265
0.0324466340
0.0705729797
0.0706282556
0.0080672065
0.0359070748
0.0086331917
0.0140523724
0.0029136247
0.0216482896
0.0539489388
0.0593197867
0.0046519283
0.0214771982
0.0031195246
0.0041290033
0.0301160067
0.0071348683
0.0143038593
0.0678214803
0.0104673747
0.0234182067
0.0219961330
0.0181695204
0.0334747843
0.0184729435
0.0041097291
0.0079263374
0.0370649472
0.0374135748
0.0464502349
0.0565479212
0.0531724803
0.0406520329
0.0067241066
0.0146953044
0.0102333426
0.0045739040
0.0198736452
0.0067413291
0.0164472014
0.0313615501
0.0641528741
0.0043735350
0.0350884497
0.0680419281
0.0350776389
0.0286352783
0.0043202722
0.0095711239
0.0051558930
0.0247824844
0.0300568603
0.0331908949
0.0098536545
0.0471515916
0.0179319568
0.0095192380
0.0085263746
0.0101961484
0.0030466123
0.0133607788
0.0661868900
0.0034214177
0.0258535575
0.0033151691
0.0110629406
0.0231831335
0.0168338679
0.0124389008
0.0160907619
0.0082185855
0.0153870797
0.0102666663
0.0152176768
0.0094294222
0.0347260460
0.0394087620
0.0246033128
0.0106355436
0.0280013029
0.0617990978
0.0062188245
0.0549511127
0.0210904181
0.0581704900
0.0158944540
0.0123254443
0.0043499921
0.0125599941
0.0264449455
0.0068400558
0.0347718336
0.0046225805
0.0029439938
0.0239754170
0.0279137678
0.0357559957
0.8216997385
0.0346016958
0.0579225756
0.0165903624
0.0029258707
0.0064475061
0.0066886363
0.0322913975
0.0226611830
0.0303452853
0.0074001090
0.0120385326
0.0677175671
0.0725563318
0.0326674879
0.0329104699
0.0141354054
0.0136171812
0.0291309264
0.0081490716
0.0326154605
0.0066277110
0.0736999810
0.0138153620
0.0059442762
0.0349921957
0.0068238652
0.0153907891
0.0078046322
0.0418173037
0.0431759432
0.0700835735
0.0152690616
0.0101032732
0.0721780956
0.0044540614
0.0090942122
0.0549420863
0.0639124811
0.0307503380
0.0339226127
0.0039851326
0.0140272258
0.2783179283
0.0478873774
0.0045831497
0.0704199150
0.0097019011
0.0475067981
0.0051962337
0.0592088699
1.1240463257
0.0118196160
0.0217524674
0.0134782214
0.0423648842
0.0282496586
0.0634870902
0.0052582985
0.0306175016
0.0513859168
0.0643255115
0.0052666776
0.9827224612
0.0616687275
0.0086057726
0.0242193881
0.0057116048
0.0041782218
0.0257338993
0.0057820231
0.0368882194
0.0240696128
0.0047894414
0.0512740314
0.0045614531
0.0092695719
0.0129860900
0.0668262467
0.0187858474
0.0584863238
0.0605228245
0.0057752905
0.0445192046
0.0033806488
0.0058599780
0.0563313439
0.0032254953
0.0057448158
0.0044566966
0.0060069943
0.0531758070
0.0273884442
0.0139612248
0.0046052998
0.0427251570
0.0189145915
0.0128285764
0.0284042992
0.0101281712
0.0046083215
0.0169739034
0.0089790979
0.0309750233
1.0025235415
0.0432146564
0.0080003291
0.0244974084
0.0072246497
0.0555871911
0.0117219388
0.0305706263
0.0298760831
0.0098339617
0.0291454773
0.0073508094
0.0092079053
0.0172937736
0.0359957889
0.0158945695
0.0100917872
0.0291356593
0.0117094992
0.0227415320
0.0041596624
0.0507024564
0.0362165831
0.0529978424
0.0485185422
0.0228323918
0.0532729328
0.0122699644
0.0049499343
0.0553079769
0.0034214726
0.0641771629
0.0200991519
0.0080715604
0.0395682752
0.0142665301
0.0203924701
0.0277478751
0.0439961925
0.0116372313
0.0038089128
0.0041026478
0.0038799453
0.0527065136
0.0194516424
0.0535548739
0.0153767811
0.0080241654
0.0068614152
0.0054611638
0.0040933755
0.0533817187
0.0059710224
0.0090337144
0.0033394282
0.0281712804
0.0105804736
0.0280833505
0.0348256491
0.0091883149
0.0270487573
0.0115618510
0.0077652163
0.0032467407
0.0191600583
0.0085394252
0.0268121567
0.0642022192
0.0183222331
0.0648252144
0.1176741049
0.0047185537
0.0506232940
0.0108433245
0.0067690220
0.0611845367
0.0541230552
0.0298417080
0.0533892140
0.0126549676
0.0662452653
0.0704830438
0.0193585604
0.0113958297
0.0106618134
0.0053193704
0.0309374910
0.0030288617
0.0349480510
0.0666237622
0.0061375462
0.0054315166
0.0423636623
0.0177436676
0.0226899199
0.0461162366
0.0595182031
0.0391986407
0.0057013137
0.0265416168
0.0462697223
0.0304801334
0.0530363917
0.0354410298
0.0059014512
0.0518565848
0.0247642044
0.0640346780
0.0717386976
0.0049209758
0.0187468324
0.0085810293
0.0702737272
0.0480507910
0.0274166260
0.0048665591
0.0169309825
0.0162978936
0.0214681290
0.0467991494
0.0263147373
0.0315559097
0.0202956386
0.0424833857
0.0348800942
0.0611322336
0.0063157231
0.0080959462
0.0042480901
0.0528556183
0.0086569740
0.0338203460
0.0256779063
0.0098283580
0.9152457118
0.0228770822
0.0045763687
0.0181058366
0.0363775790
0.0609699637
0.0699264780
0.0727455318
0.0037931879
0.0093293237
0.0636668056
0.0101508573
0.0118792821
0.0205121133
0.0129605029
0.0055017737
0.0100325840
0.0075031524
0.0517502986
0.0090380246
0.0221381038
0.0284148529
0.0078288438
0.0181517489
0.0258393772
0.0097571723
0.0065331180
0.0273652058
0.0376463644
0.0507306382
0.0099043474
0.0590937063
0.0047565061
0.0425268263
0.0059431461
0.0285430979
0.0437524728
0.0131624294
0.0076909298
0.0166813768
0.0401672497
0.0193429776
0.0079214554
0.0412620157
0.0164531805
0.0081252381
0.0524130985
0.0394344479
0.0050155874
0.0625902563
0.0483672582
0.0112056313
0.0278926436
0.0671349391
0.0383019522
0.0371816531
0.0465436950
0.0701535493
0.0086674727
0.0532194190
0.0544392131
0.0029817198
0.0661735535
0.0381995998
0.0040353262
0.0360269397
1.0053713322
0.0487943590
0.0031619144
0.0049502505
0.0066798050
0.0444394499
0.0066545606
0.0629591197
0.0169839263
0.0080765812
0.0095874639
0.0299928635
0.0035209856
0.0249152929
0.0280825179
0.0586972944
0.0688752010
0.0029488900
0.0384844579
0.0074394243
0.0500373729
0.0034631302
0.0660358891
0.0244625416
0.0256038774
0.0253639929
0.0288482737
0.0267316531
0.0177232996
0.0213951822
0.0037562088
0.0506874733
0.0079501560
0.7471115589
0.7323039174
0.0702207386
0.0047258711
0.0529564768
0.0538687594
0.0457125381
0.0193994697
0.0316020064
0.0046404768
0.0173366237
0.0094212620
0.0412482396
0.0114743039
0.0041474891
0.0258874521
0.0167094991
0.0341974646
0.0322217010
0.0096774492
0.0042714104
0.0266769249
0.0122296093
0.0609544739
0.0257882681
0.0335465521
0.0409382582
0.7127512097
0.0679274797
0.0118913418
0.0329940617
0.0041257972
0.0048883250
0.0177274197
0.0151220337
0.0556124449
0.0149579616
0.0660748258
0.0047126841
0.0161034930
0.0227821879
0.0055203340
0.0042253146
0.0153261153
0.0386931002
0.0030680478
0.0126386443
0.0116828894
0.0113400156
0.0077739996
0.0382160135
0.0577491038
0.0679637119
0.0575114153
0.0291858558
0.0704113320
0.0258615967
0.0513848923
0.0097970981
0.0226107519
0.0679226592
0.0129168350
0.0646297783
0.0066812350
0.0113430917
0.0547115393
0.0492805652
0.0052166739
0.0419157408
0.0204198118
0.0296270680
0.0390704498
0.0076706507
0.0043678475
0.0088983160
0.0330979638
0.0291513857
0.0407572575
0.0086527215
0.0076649287
0.0191125739
0.0277495906
0.0195110720
0.0089370841
0.0389524475
0.0113597494
0.0374924242
0.0290085506
0.0488302298
0.0175064243
0.0223709643
0.0036536597
0.0221959613
0.0174785834
0.0236642193
0.8907713294
0.0344506949
0.0029924968
0.0257425234
0.0138439592
0.0097311046
0.0433444530
0.0123172747
0.0312578715
0.0679990649
0.0697653219
0.0049976376
0.0571888797
0.0281346701
0.0226950813
0.0198695865
0.0147524802
0.0442527495
0.0172495246
0.0189041812
0.0098312255
0.0112321591
0.0040692235
0.8272733092
0.0231775735
0.0092743989
0.9589564800
0.0050821705
0.0467085913
0.0232935883
0.0100591965
0.0251725558
0.0152893048
0.0036088482
0.0329931155
0.0668603107
0.0351444259
0.0245635174
0.0355129205
0.0050719786
0.0549011081
0.0358312167
0.0652060732
0.0074320626
0.0224974006
0.0059998212
0.0508451760
0.0196172576
0.0047188755
0.0618561953
0.0200222824
0.0247816388
0.0154205253
0.0270409565
0.0040459903
0.0210640915
0.0715545416
0.0089459019
0.0097336136
0.0456893668
0.0094203195
0.0371074080
0.0527595282
0.0045610461
0.0046265940
0.0295430589
0.0730227903
0.0178373698
0.0363272466
0.0120286914
0.0476140045
0.0063545289
0.0584122464
0.0191098601
0.0068929181
0.0129019739
0.0068938890
0.0046888622
0.0316686630
0.0058014635
0.0089758467
0.0270644985
0.0367019586
0.0085980864
0.0064145746
0.0095312074
0.0312724896
0.0287540983
0.0155536151
0.0295992531
0.0646886602
0.0132500296
0.0468432270
0.0666896924
0.0043872879
1.0636527538
0.0087059597
0.0486251228
0.0638348088
0.0351841152
0.0183991846
0.0300962012
0.0038163431
0.0606979802
0.0142689329
0.0047327164
0.0201810654
0.0105910692
0.0355909131
0.0247094799
0.0072258562
0.0041324096
0.0091576604
0.0038711946
0.0109297335
0.0064100432
0.0267602298
0.0464010350
0.0469825864
0.0038593628
0.0109727876
0.0077820937
0.0438461117
0.0533274114
0.0560723878
0.0182654690
0.0136279771
0.0052854265
0.0201017242
0.0291754715
0.0116309160
0.9942146540
0.0037720380
0.0137714874
0.0299562737
0.0730205849
0.0065223253
0.0100772865
0.0155057777
0.0058052265
0.0214123577
0.0092535084
0.0444216542
0.0691350475
0.0363935456
0.0144643132
0.0154154822
0.0228276066
0.0263893809
0.0382034555
0.0315352455
0.0253577400
0.0662447140
0.0350050665
0.0277004819
0.0418902226
0.0561696775
0.0066408673
0.0230068471
0.0077329762
0.0086839674
0.0126273260
0.0337702036
0.0462229587
0.0691922307
0.0546575747
0.0480720513
0.0178599395
0.0308195725
0.0059549687
0.0467593186
0.0359847061
0.0176930651
0.0105245048
0.0206600428
0.0195098165
0.0490581840
0.0057221539
0.0068170386
0.0399055928
0.0058581824
0.0448858812
0.0667622462
0.0162658636
0.0164275263
0.0194779448
0.0130420709
0.0061154510
0.0058595366
0.0467553847
0.0430819839
0.0042766752
0.0124762692
0.0508137271
0.0381062850
0.0032461609
0.0352589712
0.0058031515
0.0242143366
0.0141370846
0.0276306868
0.0703715608
0.0394811183
0.0093190903
0.0502328090
0.0047438256
0.0240922496
0.0105188023
0.0289318096
0.0151926307
0.0439045168
0.0048946249
0.0455618016
0.0321937017
0.0345611051
0.7676172853
0.0473160632
0.0184499193
0.0718150139
0.0287409797
0.0483040400
0.0264343843
0.0329914503
0.0165822916
0.0406048261
0.0123856831
0.0566676185
0.0283288099
0.0128433574
0.0201778058
0.0159906950
0.0721440762
0.0437304676
0.0125634000
0.0126991039
0.0233347509
0.0554525666
0.0118992263
0.0174288433
0.0148148714
0.0160330068
0.0452029519
0.0100291511
0.0715510845
0.0581249334
0.0055111055
0.0501715317
0.0140485652
0.0413289703
0.0113692665
0.0045184740
0.0072470405
0.0288614798
0.0618000887
0.0142529812
0.0257384703
0.7573673725
0.0089758905
0.0173457172
0.0326268673
0.0057164356
0.0098518357
0.0436044224
0.0253218766
0.0450872295
0.0042129490
0.0048655076
0.0314965323
0.0321623273
0.0030010263
0.9518004656
0.0475234203
0.0149043156
0.0527968332
0.0242823381
0.0474216491
0.0049171662
0.0324834771
0.0592055395
0.0093531404
0.0534131303
0.0426542573
0.0115416106
0.0452240184
0.0181177966
0.0514384434
0.0149262408
0.0045184102
0.0316651464
0.0517785810
0.0655201077
0.0445354283
0.0732536092
0.0080378652
0.0051621632
0.0230311304
0.0434522629
0.0476060845
0.0671015829
0.0034036087
0.0415366106
0.0300213657
0.0132502029
0.0454706028
0.0047326507
0.0053774538
0.0094302418
0.0044171596
0.0119820498
0.0612487085
0.0305596069
0.0558971800
0.0423983410
0.0706399083
0.0502451621
0.0547001883
0.0119149880
0.0118102375
0.0104044024
0.0324081481
0.0054102587
0.0253948793
0.0050178440
0.0399823636
0.0508386642
0.0290218573
0.0173643082
0.0049379254
0.8158774376
0.0182467941
0.0387025066
0.0253691431
0.0413065478
0.0304796640
0.0043665869
0.0047631138
0.0107580470
0.0148583343
0.0177238900
0.8539273143
0.0062728585
0.0028609878
0.0172600001
0.8287726045
0.0198551603
0.0069857202
0.0619675480
0.0548375323
0.0074589625
0.0058283391
0.0713871717
0.0681572780
0.0421265438
0.0499313250
0.0314059220
0.0488697626
0.0030188868
0.0606011115
0.0168346539
0.0103666140
0.0299958121
0.0228803214
0.0121552246
0.0260597784
0.0622094087
0.0455764793
0.0062126191
0.0165620502
0.0450165085
0.0044681230
0.0071747387
0.0238123406
0.0754147619
0.0178224109
0.0394063145
0.0117748836
0.0052681440
0.0690021366
0.0753455460
0.0434274897
0.0120079806
0.0472054295
0.0604572631
0.0090487292
0.0278088618
0.0102095641
0.0031456898
0.0072703729
0.0063555418
0.0339774974
0.0201056823
0.0083692847
0.0150775509
0.0049641286
0.0469943434
0.0474357046
0.0084582306
0.0272693057
0.0251487251
0.0175284874
0.0154569540
0.0627340525
0.0115843546
0.0462070666
0.0183515269
0.0039043878
0.0458274893
0.0038263029
0.0380389504
0.0164376032
0.0521871485
0.0644125491
0.0427020341
0.0041691284
0.0036511845
0.0055886330
0.0157236364
0.0062899580
0.0561908409
0.0034192321
0.0110090924
0.0670649633
0.0540860035
0.0228953548
0.0146591086
0.0119655672
0.0229156744
0.0388751999
0.0153539088
0.0390621647
0.0567352884
0.0144117000
0.0706300810
0.0526874959
0.0052398853
0.0450825505
0.0156996176
0.0150113069
0.0185992587
0.0459731072
0.0130712213
0.0536110103
0.0130726853
0.0471725240
0.0683289990
0.0044857096
0.0047016046
0.0124785928
0.0276394989
0.0098972600
0.0195571799
0.0182318427
0.0165754352
0.8289806843
0.0068640090
0.0237354431
0.0040999344
0.0138185350
0.0131639307
0.0340783820
0.0456550121
0.0274640471
0.0338374786
0.0028488755
0.0486390591
0.0027956443
0.0164140146
0.8534915447
0.0350628272
0.0172551870
0.6425867677
0.0723541901
0.1279496104
0.0174920764
0.0159767028
0.0443917066
0.0271271523
0.0039608763
0.0278286431
0.0216802452
0.0464839935
0.0673797727
0.0098703951
0.0498521030
0.0042300150
0.0052485452
0.0072567919
0.0258590393
0.0116630187
0.0416380875
0.0684664920
0.0040864828
0.0054001035
0.0263095032
0.0492872074
0.0178547949
0.0308411382
0.0384613238
0.0293276794
0.0043023480
0.0043620421
0.0209029987
0.0107351625
0.0206809714
0.0054595824
0.0211410020
0.0200220253
0.0105420304
0.0277714059
0.0163074825
0.0378348678
0.0063101333
0.0167636424
0.0494960435
0.0054112235
0.0424210466
0.0193924066
0.0160253793
0.0480953828
0.0207172725
0.0628344640
0.0422216952
0.0426481515
0.7070834041
0.0176589061
0.0549049824
0.0574392155
0.0540299751
0.0125646079
0.0138317971
0.0588574596
0.0063786712
0.0139213782
0.0511904657
0.7470532656
0.0152173769
0.0135042500
0.0036571324
0.0044114962
0.0066225696
0.0030258223
0.0352499597
0.0667987093
0.0243030824
0.0184724778
0.0061599067
0.0038258662
0.0674703270
0.0178631749
0.0255963523
0.0032881422
0.0036928409
0.0134799918
0.0147399744
0.0302220099
0.0400618687
0.0676809996
0.0034471031
0.0150420545
0.0100302305
0.0680570006
0.0236646142
0.0083849551
0.0494372994
0.0320480689
0.0333442613
0.0375105105
0.0110247117
0.0448666774
0.0603496246
0.0445265472
0.0520823598
0.0425156318
0.0099284491
0.0545004830
0.0279930364
0.0178943314
0.0098226126
0.0585840344
0.0410520062
0.0465616100
0.0080835326
0.0699673966
0.0670849904
0.0389745086
0.0392700955
0.0636018366
0.0146224806
0.0224245172
0.0428059921
0.0221790820
0.0079704253
0.0721277744
0.0032806436
0.0504817218
0.0217263028
0.0161431134
0.0499139801
0.0287362132
0.0463885814
0.0514619835
0.0196392871
0.0212662928
0.0354241878
0.0190604739
0.0143047338
0.0120363673
0.0037250721
0.0047727115
0.0108917365
0.0417691320
0.0069082738
0.0625701472
0.0222414546
0.0397405997
0.0069164126
0.0048109517
0.0636763573
1.0748987198
0.0288295541
0.0705717281
0.0176376533
0.0060786717
0.0614970773
0.0111537455
0.0052048615
0.0416766107
0.0113965878
0.0556626134
0.0036517058
0.0225358009
0.0590420552
0.0558083542
0.0054986742
0.0203112718
0.0062735886
0.0087714689
0.0473939441
0.0271248650
0.0517349318
0.0134265935
0.0252334718
0.0034089487
0.0474930108
0.0227451548
0.0472153984
0.0062511228
0.0102144247
0.0390292481
0.0105362888
0.0606645234
0.0083882753
0.0273448117
0.0369229503
0.0181275588
0.8353067636
0.0295154508
0.0160123650
0.0697595179
0.0519192182
0.0061353468
0.0207004342
0.0072260294
0.0253709890
0.0062887184
0.0339144729
0.0691117570
0.0310696661
0.0140695022
0.0106888562
0.0142945778
0.0598318316
0.0084873457
0.0363787226
0.0409649983
0.0103498856
0.0053488128
0.0223562233
0.0067840815
0.0222123619
0.0414205752
0.0126100900
0.0037599697
0.0115590710
0.0180308018
0.0550113767
0.0681844056
0.0089449007
0.9940890074
0.0668569952
0.0051787645
0.0047267876
0.0579225458
0.0184626840
0.0336029828
0.0340014398
0.0144156087
0.0629516020
0.0230792202
0.0053199138
0.0640247688
0.0569063984
0.0385581516
0.0194677282
0.0081765242
0.0394891836
0.0043025091
0.0141141703
0.0664904565
0.0244550891
0.0313506238
0.0524408594
0.0147209978
0.0385854505
0.0395035818
0.0052112411
0.0093539348
0.0462163240
0.0399216264
0.0223065838
0.0074104555
0.0302380733
0.0159936380
0.0379776061
0.0567936338
0.0315201990
0.0387015790
0.0460949838
0.0172160361
0.0698146448
0.0030781254
0.0210339781
0.0674620643
0.0639493838
0.0153647996
0.0507089235
0.0601885729
0.0136568611
0.0555703565
0.0664295778
0.0361071378
0.0102385432
0.0088034412
0.0100112166
0.0097381631
0.0436497703
0.0590075925
0.0086355126
0.0562680028
0.0249424633
0.0417835042
0.0064499378
0.0411076173
0.0126832165
0.0064433883
0.0054503279
0.0566476807
0.0102644516
0.0592957772
0.0121352328
0.0144772576
0.0464432649
0.0691624358
0.0487174541
0.0041690031
0.0289163496
0.0483939908
0.0081102299
0.0207493789
0.0083401660
0.0141445063
0.0498489402
0.0524052493
0.0377900712
0.0185572673
0.0384127051
0.0462183543
0.0456387363
0.0174585208
0.0203658063
0.0088090021
0.0052630175
0.0573682822
0.0073117334
0.0105491364
1.0342344046
0.0070967316
0.0042893947
0.0077175316
0.0134741096
0.0471801460
0.0196534283
0.0614748970
0.0081449049
0.0220826548
0.0097162593
0.0327808745
0.0245408993
0.0046598911
0.0724832937
0.0387919173
0.0607279651
0.0359482877
0.0359523855
0.0471156612
0.0125525929
0.0217938200
0.0564803965
0.0212633554
0.0652518198
0.0058840364
0.0273085292
0.0051364494
0.0059532179
0.0464659333
0.0296721142
0.0658121407
0.0231493339
0.0107543590
0.0264662858
0.0147619350
0.0104008941
0.0486553721
0.0468047485
0.0334298089
0.0588919520
0.0507953875
0.0054305950
0.0151679330
0.0573818982
0.0482539535
0.0510903038
0.0425535068
0.0159250535
0.0477354228
0.0101450244
0.0352324098
0.0050488850
0.0054817214
0.0119873434
0.0170836598
0.0679828376
0.0152924815
0.0201415457
0.0409974791
0.0143866837
0.0287377331
0.0317002609
0.0213928707
0.0268637333
0.0067554186
0.0522833429
0.0118437558
0.0710764974
0.0697503835
0.0310399663
0.0280161612
0.0196758807
0.0522488691
0.0440986753
0.0490095541
0.0528281406
0.0424908437
0.0617958754
0.0206367485
0.0392741598
0.0441522673
0.0150761409
0.0228261910
0.0034484081
0.0258383788
0.0138990888
0.0067762183
0.0061059990
0.0035545756
0.0207267087
0.0717740878
0.0403047055
0.0089480933
0.0122835990
0.0103913788
0.0048364932
0.0600279570
0.0732742101
0.0647251233
0.0709919631
0.0095921531
0.0033284260
0.0407875739
0.0353875905
0.0269900318
0.0048050466
0.0083014444
0.0463410318
0.0221585575
0.0036712647
0.0098652961
0.0089278584
0.0097377226
0.0137576666
0.0128777884
0.0120101795
0.0716831386
0.0036512627
0.0102736298
0.0143457353
0.0686895326
0.0244100112
0.0442564934
0.0035087820
0.0072245477
0.0096068801
0.0687874109
0.0342824869
0.0392370485
0.0453068353
0.0313254558
0.0047325380
0.0054872329
0.0198962074
0.0055921283
0.0053631547
0.0405542850
0.0332200527
0.0269070920
0.0721282363
0.0048794057
0.0320266783
0.0366301239
0.0417120643
0.0044519175
0.0039316714
0.0059593087
0.0045726574
0.0293778814
0.0550497808
0.0154259605
0.0184887238
0.0191344190
0.0029261806
0.0591188557
0.0242797267
0.0675123632
0.0364238508
0.0100575220
0.0290279873
1.0456967354
0.0291459542
0.0272399783
0.0085721212
0.0031739194
0.0701153576
0.0235463884
0.0048712133
0.0604676865
0.0406019874
0.0491621196
0.0280706286
0.0069840439
0.0062157023
0.0151138166
0.0411552452
0.0155373085
0.0042811716
0.0495698601
0.0200287476
0.0431694388
0.0602755621
0.0179432034
0.0045254994
0.0108214980
0.0411130115
0.0175604708
0.0378312878
0.0033733295
0.0030051500
0.0121187763
0.0423755683
0.0077203526
0.0428149961
0.0174418911
0.0181167107
0.0075802207
0.0264897551
0.0175696127
0.0207114574
0.0621284992
0.0528998226
0.0607422888
0.0449520089
0.0096157724
0.0280345008
0.0466389880
0.0460616983
0.0040715924
0.0503711589
0.0080435444
0.0727564618
0.0166924931
0.0332407728
0.0492226370
0.0138656572
0.0334600061
0.0672829822
0.0102518657
0.0419876836
0.0360727273
0.0199966710
0.0580937602
0.0038287574
0.0689126551
0.0031309612
0.0271444824
0.0166634563
0.0049174046
0.0258979797
0.0562106036
0.0185825359
0.0399626493
0.0083668092
0.0079904161
0.0181590915
0.0491145737
0.0652517155
0.0237833206
0.0450539775
0.0142230755
0.0521092899
0.0111965341
0.0278607104
0.0317304172
0.0207638573
0.0138120661
0.0075739152
0.0075909644
0.0378827713
0.0448903851
0.0295976959
0.0199653506
0.0112922294
0.0029959339
0.0044864165
0.0372607447
0.0284555163
0.0050266585
0.0079812082
0.0649299398
0.0037007420
0.0149219735
0.0063320342
0.0046067717
0.0161037222
0.0120987380
0.0107920822
0.0036027629
0.0034652711
0.0036613492
0.0422817692
0.0183097832
0.0056898510
0.0682065487
0.0055925553
0.0135542145
0.0101604182
0.0648606345
0.0137833646
0.0269448441
0.0611561835
0.0300824046
0.0286501758
0.0708022341
0.0084629599
0.0622956641
0.0725482702
0.0082156006
0.0380724333
0.0068553924
0.0700836629
0.0637739971
0.0030137810
0.0291778389
0.0693148300
0.0172918476
0.0513693504
0.0442291461
0.0155917583
0.0438345224
0.0090720896
0.0043435358
0.0035741515
0.0070188576
0.0514962599
0.0255738329
0.0083419858
0.0039386000
0.0377079509
0.0366054550
0.0050179888
0.0490836389
0.0465473570
0.0942684412
0.0519931875
0.0286282264
0.0453556329
0.0481611751
0.0407186076
0.0694749877
0.0530030839
0.0178951789
0.0700124055
0.0062367339
0.0068196952
0.0103512714
0.0478028283
0.0420199819
0.0330347270
0.0134938946
0.0042564278
0.0978547484
0.0060083689
0.0030286352
0.0146491714
0.0030950503
0.0040888251
0.0138807194
0.0428261310
0.0499179512
0.0071936068
0.0086179003
0.0064619458
0.0057186345
0.0428393893
0.0677377805
0.0088442797
0.0173082147
0.0658728257
0.0344462655
0.0338581055
0.0697948113
0.0411456041
0.0447984859
0.0097665126
0.0303610098
0.0822870955
0.0032481973
0.0221599191
0.0262475591
0.0071828342
0.0349426046
0.0050540837
0.0048285988
0.0077080396
0.0051509948
0.0292315017
0.0099727614
0.0152580477
0.0353823490
0.0219598860
0.0287542455
0.0722785592
0.0083785625
0.0076102666
0.0051037311
0.0554104932
0.0239832494
0.0084340861
0.0085001867
0.0573369786
0.0170353726
0.0048836740
0.0287240427
0.0622230433
0.0072059939
0.0042893682
0.0282600895
0.0263823681
0.0031046874
0.0210314672
0.0408910960
0.0322739072
0.0034743447
0.0039467569
0.0050793500
0.2900248468
0.0056859246
0.0087510617
0.0039395345
0.0179952253
0.0084630698
0.0039847442
0.0178239644
0.0034997142
0.0600485913
0.0050549651
0.0104806460
0.0051999828
0.0578173436
0.0053272825
0.0093938094
0.0100667169
0.0671045259
0.0333782881
0.0353725813
0.0155671462
0.0057390020
0.0156220254
0.0051467558
0.0649968758
0.0164356194
0.0074225790
0.0110164490
0.0312037077
0.0127389049
0.0391842648
0.0209674723
0.0043069548
0.0092364550
0.0045454204
0.0051205517
0.0568523295
0.0207210723
0.0295083746
0.0074480963
0.0065053315
0.0497056805
0.0033963013
0.0052300952
0.0073601054
0.0042380271
0.0030612559
0.0050866599
0.0109745823
0.0151680605
0.0291355364
0.0196538307
0.0160900541
0.0368341357
0.0153685426
0.0109188790
0.0489774980
0.0035291631
0.0188821033
0.0281046610
0.0349142663
0.0191110373
0.0048485869
0.0661882460
0.0578691103
0.0061586048
0.0144825755
0.0062033529
0.0265786182
0.0288593434
0.0712750405
0.0153127033
0.0300099980
0.0549283922
0.0640736520
0.0677489787
0.0659971759
0.0078356816
0.0200542472
0.0041666641
0.0270628519
0.0128315948
0.9738908410
0.0699611604
0.0283123143
0.0090352772
0.0088017695
0.0183589291
0.0623401962
0.0199964400
0.0482742600
0.0097406935
0.0468236506
0.0208408367
0.0165440477
0.0364313573
0.0266513396
0.0068899300
0.0552342795
0.0715870261
0.0665199608
0.0301597752
0.0050282376
0.0046792571
0.0214940514
0.0092863441
0.0053196186
0.0056537823
0.0666792989
0.0040311045
0.0562851913
0.0331682228
0.0059380662
0.0322512239
0.0123392623
0.0601442792
0.0050864620
0.0253083780
0.0635022596
0.0488877930
0.0354910605
0.0255105495
0.0066835759
0.0382502861
0.0070934114
0.0093882158
0.0383032188
0.0252750758
0.0229066443
0.0656723902
0.0102423020
0.0180540755
0.0149962194
1.1161957979
0.0101418225
0.0084352875
0.0044081328
0.0198146272
0.0069218175
0.0559267327
0.0193414520
0.0544811301
0.0148923360
0.0672287568
0.0066004000
0.0292613599
0.0058029336
0.0094656069
0.0234274939
0.0101461131
0.0237313248
0.0108749177
0.0355694517
0.0041023660
0.0279249176
0.0274644848
0.0240960494
0.0215593111
0.0716186315
0.0373033136
0.0543613099
0.0036621471
0.0135350833
0.0466952287
0.0047651902
0.0077790595
0.0134065831
0.0374088474
0.0030806647
0.0183606632
0.0163825527
0.0190235674
0.0037285539
0.0275237989
0.0056099542
0.0136175286
0.0639252961
0.0162730142
0.0285391677
0.0519471131
0.0279552490
0.0250614341
0.0794113874
0.0350162685
0.0269015916
0.0145074530
0.0265310891
0.0055283490
0.0299913902
0.0107112285
0.0643761903
0.0037102357
0.0464061052
0.0037563548
0.0102468915
0.0287708174
0.0371896364
0.0127496235
0.0422595739
0.0123718344
0.0130938832
0.0032192159
0.0576925799
0.0841341540
0.0475114733
0.0038240885
0.0150741953
0.0152955474
0.0105061727
0.0085080927
0.0504322350
0.0076451204
0.0068254126
0.0674097836
0.0164863113
0.0600412786
0.9844298959
0.0560187921
0.0048435596
0.0199809521
0.0055480506
0.0033903159
0.0390704423
0.0579183809
0.0639104843
0.0386474095
0.0791812688
0.0570909083
0.0142493704
0.0549208708
0.0040354528
0.0095072528
0.0371764004
0.0358246043
0.0148664257
0.0042461865
0.0199663434
0.0475125983
0.0221424419
0.0468136780
0.0054724705
0.0075644925
0.0437260531
0.0029185871
0.0110860700
0.0033689309
0.0131910304
0.0050262450
0.0139151542
0.0262045469
0.0060392930
0.0115698799
0.0212018769
0.0251103546
0.0576917157
0.0062437002
0.0220802743
0.0233442858
0.0628907382
0.0308649279
0.0183304604
0.0320468172
0.0103214784
0.0051040538
0.0084073506
0.0329853557
0.0548139103
0.0157890972
0.0126550859
0.0066461409
0.0520093776
0.0239118282
0.0072863796
