0.0341055766
0.0109140398
0.0275856890
0.0402253754
0.0182031542
0.4616425633
0.0033524064
0.0067438455
0.0501154326
0.0217224862
0.0033393069
0.0102977920
0.0270861648
0.0432395339
0.0302665047
0.0122725237
0.0200780183
0.0050077890
0.0154796205
0.0031296122
0.0059173270
0.0388564952
0.0131818578
0.0209619403
0.0358767845
0.0041331858
0.0045595416
0.0326418355
0.0217709355
0.0039667021
0.0362966843
0.1805392206
0.0053194431
0.0172475353
0.5576134920
0.0170868970
0.0679998994
0.1605301350
0.0042873202
0.0055544227
0.1108133048
0.0077552879
0.6951860785
0.0254220124
0.1297359914
0.0067166663
0.3439297974
0.0254494287
0.0056857322
0.0376436897
0.0114933839
0.0049486058
0.0074512190
0.0746435598
0.0223841909
0.0740496144
0.2882381082
1.0251970291
0.0392764173
0.0639483929
0.0039780308
0.0059870183
0.0142780039
0.0069062635
0.0563963540
0.0599664003
0.0057317908
0.0030032571
0.0207317732
0.6879649162
0.0368987471
0.0326561183
0.0066385157
0.0067341537
0.0267983433
0.0139366109
0.0129211880
0.0562490337
0.0495127067
0.0063891802
0.0269356091
0.0469935089
0.0060980869
0.0255741756
0.0283794180
0.0193933379
0.0183113404
0.0318119749
0.0055725360
0.0143224066
0.0214660298
0.0320497639
0.0678683370
0.0222247634
0.0308265351
0.0255019814
0.0691275522
0.3454217315
0.0179116968
0.8085106015
0.0089475624
0.0040253079
0.0912010595
0.0050993469
0.1088592559
0.0383593887
0.0039450093
0.0366039090
0.0637536198
0.4126230776
0.0193121545
0.2447668016
0.0070701623
0.0073242397
0.0091392389
0.0107196197
0.0178301558
0.0182178523
0.0071606725
0.0626038685
0.0302462187
0.0391264036
0.0042742104
0.0752964243
0.0142353084
0.0831591859
0.0053812764
0.7905705571
0.0150764696
0.0460305996
0.1433113366
0.0049423589
0.0614765920
0.0126556922
0.0052093752
0.0302731209
0.0213655531
0.0532777384
0.0043610372
0.0235858448
0.1293189675
0.0815942436
0.0462177806
0.0402988009
0.0866564587
0.0711183921
0.0261281505
0.0661843419
0.0430164970
0.0143454121
1.0062597990
0.0231499467
0.0244894121
0.0151441647
0.0052620387
0.0154438987
0.0855005533
0.0162474550
0.1104063243
0.0244129244
0.0361981615
0.0467111170
0.0694147199
0.0252236389
0.0030033339
0.0523576811
0.0563079491
0.0043601287
0.0377244428
0.0071960241
0.0184782967
0.0131562771
0.0143464375
0.0037580177
0.0134035377
0.0639579073
0.0075191380
0.0060015460
0.0086387731
0.0230400544
0.0122607183
0.0355276503
0.0549459793
0.0463079549
0.0061423653
0.0052058273
0.0371137038
0.0400972255
0.0080143139
0.0344900191
0.0455143377
0.0456170402
0.0030679770
0.4693619907
0.0287100654
0.0176203419
0.3969808817
0.0229457244
0.0587046444
0.0313653089
0.0136302095
0.0220254157
0.0487306751
0.0320609510
0.0119487680
0.0495716594
0.0396674164
0.0600141287
0.0156276450
0.0284917634
0.0555672683
0.0131721674
0.0102623533
0.0169912130
0.1401454657
0.0045910939
0.0575068928
0.0574786887
0.0328501165
0.3415573537
0.0322758406
0.0119818971
0.0129169608
0.0175940674
0.0337773189
0.0063593970
0.0092658447
0.0900769308
0.4703915119
0.0516709015
0.0177515782
0.0075707100
0.4515229762
0.0253567882
0.0289881211
0.0077953422
0.0204818845
0.0050090589
0.0150799695
0.0410967618
0.0106417751
0.0048306426
0.0480481237
0.0222210344
0.0120165981
0.0035727562
0.1657950878
0.0397019014
0.0445898026
0.0256390143
0.0035348544
0.0220061261
0.0440448374
0.0157193523
0.0463384576
0.0072273607
0.0035355140
0.0443026908
0.0512960255
0.0206555035
0.0246716347
0.0314565115
0.0298571233
0.3774651587
0.0389502086
0.0439663380
0.0228446778
0.0089057451
0.0196568854
0.0253320895
0.0061087962
0.0779223889
0.0112338960
0.0066412985
0.0719373897
0.0695509017
0.0101516899
0.0130725699
0.0187850520
0.0332173221
0.0351904407
0.0239893328
0.0030585371
0.0096957693
0.0131858625
0.0201583281
0.0200996082
0.0055563436
0.0413114280
0.0209379978
0.0711427703
0.0048439275
0.0129211321
0.0138444565
0.0286433008
0.0071667563
0.0473761111
0.0113188261
0.0103632659
0.0180679783
0.0684300736
0.0029113232
0.0205768459
0.0437902324
0.0098143099
0.0136392945
0.0056547769
0.1824095547
0.0149522498
0.0051637455
0.0079181213
0.0050248718
0.0065188161
0.0177208446
0.0542648099
0.0241633728
0.0063676895
0.0399996489
0.0353729986
0.0389082693
0.0052078678
0.0052060345
0.0874971077
0.1013864577
0.0062989728
0.0277366564
0.0067430120
0.0085773114
0.0149587244
0.0346210413
0.0271421243
0.0135318777
0.0052028969
0.0469055958
0.0548524521
0.0035823314
0.0514184237
0.0111831268
0.0031168687
0.0707375705
0.0421348922
0.0161543749
0.0402053744
0.0186952166
0.0677988306
0.0117308469
0.0717456043
0.0094825383
0.1393983960
0.0407200344
0.1583362073
0.0267114937
0.0086383605
0.0243136641
0.9357904196
0.0324440785
0.0071885884
0.0029889417
0.0035746603
0.0047875331
0.0211405940
0.0044894768
0.3090861738
0.0081932964
0.0839200467
0.1106716841
0.0118429540
0.0098902043
0.0184663069
0.0088787945
0.4552351236
0.0063553434
0.1405085921
0.0167578645
0.0276137274
0.0142857209
0.0101448148
0.0056177890
0.0086483946
0.0177535862
0.0633655339
0.0094177658
0.0042439932
0.0065559191
0.0115652867
0.0208072476
0.0479051918
0.0271644313
0.0882028043
0.0113006141
0.0392660275
0.0037321199
0.0032490643
0.0112794777
0.0155654596
0.0237270389
0.0456340685
0.0074130581
0.0141283059
0.0762901455
0.0370291099
0.1338607669
0.0184616018
0.0286321938
0.0388489179
0.0030525264
0.0244583841
0.0034212079
0.0093880137
0.0632786825
0.0142594045
0.8615092635
0.0377842896
0.0078769354
0.0187358782
0.0105052525
0.0848620608
0.0179156493
0.0340267681
0.0309984274
0.0050414782
0.0078602573
0.0143474629
0.2796632051
0.0042539551
0.0850336850
0.0881837308
0.0471666344
0.0261200052
0.2738375962
0.3453034759
0.0088734534
0.0046782941
0.0516701899
0.8260576725
0.0110055869
0.0245068055
0.0111793727
0.0065041203
0.0608380213
0.0050205649
0.0192043036
0.0996496975
0.0050864141
0.0230251998
0.0387356095
0.0922962949
0.0112529965
0.1160793304
0.0507413596
0.0681138262
0.0142712528
0.0765612796
0.0825564414
0.0094891870
0.0727155656
0.0189719647
0.0082207983
0.0704740882
0.0813949928
0.0630771965
0.0633285791
0.0532537960
0.0385189094
0.0092934901
0.0037449207
0.1056636944
0.0112180784
0.0295456760
0.0204623584
0.0884148926
0.0058405865
0.0065585212
0.0081551131
0.0094544757
0.0219099894
0.0034503059
1.1011940241
0.0158870015
0.2069583386
0.0043535596
0.0420037843
0.1119135320
0.0194861889
0.0177354887
0.0903628543
0.0380946174
0.0954257548
0.0042793411
0.0039572157
0.0163304564
0.0031996819
0.1736258119
0.0119427042
0.0342111066
0.7681396604
0.0140530644
0.0894086957
0.0125673758
0.0094034057
0.0096815517
0.0986939669
0.5201771855
0.0280255880
0.0054732910
0.0037905860
0.1548160464
0.0264916141
0.0572350472
0.0200141612
0.0263370480
0.0884342119
0.0082610659
0.0330704413
0.0062383856
0.2493109554
0.4504425228
0.1430862546
0.0053496948
0.0826679096
0.0208247527
0.0240762457
0.0080855303
0.1006396487
0.0042430465
0.0586911291
0.0093635311
0.0036753020
0.0677383170
0.0131578445
0.0627206713
0.0039478084
0.0344892368
0.1578835398
0.0082995621
0.6959282756
0.0780204535
0.2131568640
0.0942585617
0.0495704263
0.0625319555
0.0109267458
0.0033381726
0.0531149469
0.0278439336
0.0210494455
0.9741858840
0.0409161337
0.1651821285
0.0101973061
0.5129232407
0.0421354063
0.0052021192
0.0055188271
0.0260492247
0.0133985607
0.0234611183
0.0088324426
0.3836130202
0.0278610829
0.0281859208
0.3666158617
0.0365409330
0.5792502761
0.0266154334
0.0180747341
0.0760390684
0.0559516735
0.0682548434
0.0038162610
0.0206077248
0.0059655695
0.0553662628
0.0433560275
0.0039622402
0.0058733774
0.0984545425
0.0044309483
0.0055047232
0.0148463463
0.0176977795
0.0394821987
0.0034663717
0.0047235158
0.1581415087
0.0447902679
0.0051355944
0.0783482492
0.0155678047
0.0608120859
0.0394646674
0.0175358802
0.0096639544
0.0175256263
0.0093182167
1.0779839754
0.0191034991
0.0108254142
0.0483040959
0.0038355775
0.0278612152
0.0055308514
0.0386299007
0.3196327388
0.0172099266
0.0177850183
0.0031062209
0.0048450115
0.0168899409
0.0086407382
0.0159426257
0.0213724766
0.0037500637
0.0039233589
0.0081029814
0.0189822055
0.0078405216
0.0296986867
0.0335157514
0.0049753860
1.0471011400
0.0031478358
0.0042881826
0.0264580548
0.0034400776
0.0201703701
0.0226497222
0.0592254251
0.0705434382
0.0115198977
0.0079273367
0.0187270306
0.0493666641
0.0199465193
0.0448316969
0.0134733003
0.0167348534
0.0702148601
0.0278350227
0.0046693599
0.0198825598
0.0746151060
0.0074302834
0.0101379929
0.0079808719
0.0685440451
0.0171367843
0.0233832486
0.0029188187
0.0039881896
0.0130165229
0.0728858933
0.2016890943
0.0712249279
0.0084849084
0.0088862209
1.1108224392
0.2325760424
0.1928709596
0.0475002714
0.0728304312
0.0794898346
0.0320331268
0.0539058782
0.1197692230
0.7146829367
0.3016349077
0.0086655207
0.0065845014
0.1921867579
0.0055930242
0.2469800711
0.0156599134
0.0420753919
0.4407268763
0.0629693717
0.4903923869
0.0042434949
0.0431325771
0.0138894124
0.0041568000
0.0058806133
0.1599676162
0.0500280559
0.0247525852
0.0459711254
0.0155929420
0.0030957719
0.0528914109
0.0042795329
0.0084349541
0.0517648421
0.0360767916
0.0925283805
0.0126017360
0.0048816809
0.0172875430
0.0378277488
0.0332556628
0.0975017548
0.3159551024
0.0289142672
0.1058679447
0.0778549612
0.0346386954
0.1870622933
0.0032933014
0.0157534163
0.0076023974
0.0053280145
0.0088062668
0.0032179421
0.0038711370
0.0219737981
0.0747882873
0.4484391212
0.0096529434
0.0161319301
0.0059760557
0.0080905054
0.0594396852
0.0184382778
0.0635360181
0.0552312955
0.0036107937
0.3524424136
0.0767039135
0.0132893678
0.0206543654
0.1283018142
0.0484691337
1.0131384134
0.0031686178
0.0161230098
0.0356808454
0.0036628605
1.1184736490
0.0358026735
0.0398625396
0.0041485275
0.0080022393
0.0651604831
0.0047764056
0.0029219138
0.0064183981
0.0939024910
0.0045831474
0.0037406122
0.0070000603
0.0130375577
0.0360982642
0.0087523321
0.0331331603
0.0080176061
0.0690598339
0.0048582172
0.0465524755
0.0376141705
0.0049143564
0.0041569434
0.0218272135
0.0703804940
0.0800504684
0.0171530619
0.0044587888
0.0260948036
0.0238395408
0.0262724571
0.0854637697
0.0054381583
0.0377024896
0.0576028340
0.0080360500
0.4245960414
0.5256884098
0.0040831165
0.0360101014
0.0103232581
0.0091536203
0.0241925064
0.0408961885
0.0685748160
0.0073686056
0.2026602328
0.1497869194
0.0349120833
0.0305009596
0.0030960029
0.0072963294
0.0427911468
0.0054268297
0.0035117415
0.1944879591
0.0936577320
0.0710834488
0.0522120669
0.0040465612
0.0116543127
0.0029359171
0.0196606312
0.0058778180
0.0439717956
0.0598899797
0.0066625956
0.0307183079
0.0145763289
0.0036342922
0.0278649591
0.0124158859
0.0171423107
0.0656830892
0.4108176529
0.0236588605
0.0034479620
0.0054105613
0.0175394937
0.0069842851
0.0030375679
0.0091736373
0.0745850205
0.0051551596
0.1666692048
0.0339897759
0.0064689866
0.2823458612
0.0923325047
0.0393129811
0.2139653713
0.0058089900
0.0317789577
0.0044215112
0.0055037648
0.0251824912
0.0097684311
0.0178956743
0.0104783494
0.1876435280
0.0133164003
0.0040328703
0.0135554355
0.0800214410
0.0117649296
0.0979290530
0.0149555271
0.0807136372
0.0631983653
0.0607665516
0.0118570970
0.0333481878
0.0048312955
0.6288453937
0.0136768650
0.0420747101
0.9753493667
0.2896907330
0.1703036278
0.0161660388
0.0806351081
0.0536217280
0.0169879459
0.0050615030
0.0350808278
0.0126392022
1.1625791788
0.0354638100
0.0151628396
0.0074490174
0.0060107522
0.0165518094
0.0144907804
0.0100005269
0.0148000456
0.0058580455
0.0070936652
0.0043839673
0.0036300540
0.0093742274
0.0149421003
0.0285750646
0.0756052062
0.9611278772
0.0233913902
0.0345554911
0.0227462631
0.0688089132
0.0041987938
0.0055913078
0.0051627872
0.0514787063
0.0142671345
0.0310915504
0.0194855370
0.0451673567
0.0084500415
0.0154894255
0.0152782723
0.0036331862
0.0252873413
1.0327930450
0.0217251014
0.0300274882
0.0308228005
0.0241730809
0.0450662039
0.3057494164
0.0048883064
0.0714212656
0.0091966474
0.1253763586
0.0093287146
0.0041973186
0.0987315178
0.0102012474
0.0390766561
0.0062273163
0.0308189560
0.0173975173
0.0034742423
1.1233384609
0.0101686427
0.0082003018
0.0710313171
0.0173016395
0.0135453353
0.0384066068
0.0168152768
0.0390644409
1.1142877340
0.0364284292
0.0036632551
0.0050140889
0.0029193871
0.0540597811
0.0199667756
0.0221194774
0.0035817935
0.0080092326
0.0297473222
0.0538594574
0.0659445077
0.0113232518
0.2829667628
0.0140978051
0.0034793951
0.0271140561
0.0185819790
0.0166184511
0.0585358702
0.0268753562
0.0140819578
0.0226135571
0.0719895661
0.0060729524
0.0153277749
0.0116446633
0.4782162309
0.0132375518
0.0419056676
0.1887966692
0.0211481433
0.0268386584
0.0132038854
0.0107901748
0.0797967017
0.0041182344
0.1500692368
0.0509172380
0.0278639439
0.0232940279
0.0387306996
0.0041514314
0.0049003060
0.0063282051
0.0392408744
0.0062575131
0.0234105755
0.0116598299
0.0290172435
0.0388436131
0.0135362996
0.0087826075
0.0176256374
0.5762541890
0.0052359472
0.5672800541
0.1396953315
0.0212241244
0.0220835172
0.0088564763
0.1393136531
0.0136305746
0.0440108329
0.0300103817
0.0072164633
0.0039165933
0.0155520970
0.0036776715
0.0127739413
0.0055653406
0.8471298814
0.0318579562
0.0536044352
0.0276978072
0.0102506857
0.0055971825
0.0977358744
0.0436860062
0.0838591233
0.0276286323
0.0148789100
0.0604450069
0.0091379266
0.0326294489
0.0050457828
0.0078166705
0.0248914305
0.0700760558
0.0273922980
0.0434882864
0.0045251381
0.0669593662
0.4145119190
0.0195620321
0.0197945200
0.0118681965
0.0133537678
0.0123931216
0.0226019826
0.0067243143
0.0412531644
0.0125457570
0.0118427398
0.3516559899
0.0130565781
0.0602388605
0.0078175170
0.0141830128
0.0854969546
0.0294344854
0.0037580605
0.0445567630
0.0188784581
0.1106561422
0.0286663678
0.0063506328
0.0076264418
0.0517204851
0.0484060086
0.0195706841
0.0188295208
1.1352033615
0.2070585936
0.0081462665
0.2472224534
0.0370664634
0.0090315891
0.0706349984
0.0104347439
0.0059718173
0.0554954298
0.0057553863
0.0259275902
0.0068630548
0.0064845290
0.0514158458
0.0132275512
0.1246868297
0.0448062867
0.0384807438
0.0033858439
0.0173655823
0.0332595259
0.0306901373
0.0109425420
0.0128047634
0.0312838852
0.1192870662
0.0243409406
0.0384325832
0.0410626791
0.0626543835
0.0154768340
0.0154008120
0.6124416590
0.0032949517
0.0226118639
0.0039217914
0.3370235562
0.0305235460
0.0674353540
0.0134362439
0.0213396102
0.0436979160
0.0107257571
0.1523308158
0.0121478569
0.0139170270
0.0157639701
0.0514248125
0.0038390069
0.0133560244
0.0120319100
0.0160604455
0.4538850188
0.0576803498
0.0136152813
0.0475989245
0.0452736728
0.0200024433
0.0034758570
0.0042819153
0.0192827526
0.0209705457
0.1121188998
0.0093383845
0.0057180272
0.0547073819
0.6618912220
0.0060711824
0.0108185373
0.0046512554
0.0319967642
0.0222571027
0.0305140726
0.0528311022
0.0289364234
0.0277134702
0.0754581168
0.0057937475
0.0136948684
0.0245562978
0.0197990891
0.0104480591
0.0059735905
0.0103125283
0.0083024278
0.1654445231
0.0419488139
0.0079434486
0.0083306199
0.0249321256
0.0164600853
0.0201984551
0.3167800009
0.0168062970
0.0054910723
0.0178454071
0.0092970086
0.0500849932
0.0525393374
0.0480023697
0.2460529953
0.0378795154
0.0346755683
0.0136369402
0.0126457885
0.0070896982
0.0036024584
0.0226473752
0.0081303874
0.0161936078
0.3383523524
0.2624424100
0.0576619692
0.0224376377
0.1312927157
0.0525422469
0.0638503581
0.0356796086
0.0099955108
0.0532341711
0.0077184439
0.0149870953
0.3256005347
0.0329760723
0.0051350989
0.2325271964
0.1155429706
0.0051597636
0.0065399362
0.0080924844
0.0557791665
0.0052304175
0.0105214193
0.0225062296
0.0044341590
0.0656531453
0.0194951054
0.0217144825
0.0102443649
0.0225789696
0.0030796705
0.0366590545
0.0413022451
0.0061184932
0.0279948991
0.0047077020
0.0361566283
0.0059530227
0.0517392494
0.0521215796
0.0238542743
0.0122436527
0.0104262298
0.0104242461
0.0164762158
0.0060526421
0.6380378604
0.0070686028
0.1201361269
0.0335765816
0.0830476880
0.0283678845
0.0471800007
0.0188213103
0.0304784086
0.0155312475
0.0032102377
0.0186100267
0.0126643088
0.0321322270
0.0359708928
0.0132142520
0.0663524494
0.0060459613
0.0070170132
0.0055810744
0.1307621151
0.0115563087
0.0440188162
0.0177608393
0.0733765364
0.0033565585
0.0059784106
0.0482777357
0.0154027957
0.0329129361
0.0218961723
0.0058527179
0.0178364031
0.0110118249
0.0168613642
0.0100876233
0.0053127985
0.0496293269
0.0266522951
0.0333201662
0.0661200806
0.0089766458
0.0477016307
0.0171727389
0.0562283136
0.0254892688
0.0071997219
0.0073518138
0.0586759187
0.0326006338
0.0121019408
0.0348414592
0.0331921391
0.0100555308
0.0345448628
0.0124188038
0.0480571017
0.0277115460
0.0118291834
0.0039109369
0.0287419874
0.0041415012
0.0088511705
0.0183558892
0.0037288405
0.0120031713
0.0062715313
0.0030436111
0.0236883592
0.0332348794
0.0054280940
0.0554139242
0.0137335137
0.0450735129
0.0217078049
0.0230243988
0.0071195499
0.0579320490
0.0317934416
0.0046003186
0.0030021861
0.0054355748
0.0126118306
0.0365368724
0.0050366055
0.0152120190
0.0108127249
0.0159306955
0.0066756308
0.0030562456
0.0539118946
0.0359723158
0.0045989449
0.0143730510
0.0071088169
0.0340549499
0.2728344798
0.0073142727
0.0122552346
0.0037242966
0.0056135468
0.2134706825
0.0379669555
0.0105411429
0.0115496293
0.0044117328
0.0338448882
0.0066834264
0.0337972231
0.0127565302
0.0095381653
0.0355146341
0.0077048228
0.0498307124
0.0114732552
0.0320474766
0.0650749877
0.0110729104
0.0268599167
0.0095416568
0.0868974403
0.0315713175
0.0260992590
0.0240940209
0.0110630943
0.0401345715
0.1318413317
0.0492515638
0.0093598152
0.0075280019
0.2314288914
0.0478609316
0.0114679392
0.0120899249
0.0362018496
0.1616294831
0.0375360772
0.1365904957
0.0038496989
0.0225721039
0.0393645428
0.0242756419
0.0167683773
0.0057676071
0.0093415612
0.0217924844
0.0063396534
0.0035548429
0.0543109290
0.3038596809
0.0896515325
0.0106500741
0.0512088761
0.0109037179
0.1207065359
0.0157105811
0.0387507454
0.0515654422
0.0097432164
0.0818642527
0.0172563735
0.0384633541
0.0318830460
0.0053692721
0.0359481648
0.0186837707
0.0152578894
0.0063534570
0.0265177824
0.0407329649
0.0165754035
0.0247884113
1.1210736036
0.0030663349
0.0362787209
0.0230476875
0.0133700594
0.0070228186
0.0206666589
0.0663131401
0.0040118815
0.0029820357
0.0147951115
0.0221712328
0.0713151321
0.0287102927
1.1173924208
0.0305962898
0.0149115250
0.0193475131
0.0111283446
0.0291306935
0.0390822403
0.0046359273
0.0466737226
0.0269970167
0.0421765111
0.0193881113
0.0315730795
0.6757266521
0.0890364423
0.0208346564
0.2947081029
0.0168624613
0.0089162393
0.0031172091
0.0638739690
0.0101963058
0.0052857166
0.0057825292
0.0088216886
0.1149114445
0.0062685902
0.0184188765
0.0509860776
0.0039040053
0.0161426384
0.0070611290
0.0578131229
0.0040035467
0.0163801312
0.0277245250
0.0231707003
0.0120299319
0.0364049859
0.0265438072
0.0248313658
0.0047048908
0.0882152990
0.0709523782
0.0056264857
0.0896896124
0.0237394366
0.0503537990
0.0356645919
0.3999873102
0.0060515893
0.0120809935
0.0303204264
0.0062430287
0.0038544147
0.0043738536
0.0042793825
0.1582427025
0.3891833425
0.1284471601
0.0294885039
0.0579207614
0.0118917394
0.0097023528
0.0845618546
0.1354355663
0.0105900569
0.0610763878
0.0197193865
0.1746363789
0.0067391847
0.0185701642
0.0099376403
0.0090574473
0.9296611547
0.0480770618
0.0397841670
0.0675114095
0.0080286553
0.0105234710
0.0491175540
0.0158337895
0.0068249777
0.0923855528
0.0281632729
0.0061593982
0.0155083556
0.0103073204
0.2024465650
0.0669643581
0.0587873161
0.0278512333
0.0135557139
0.0234017130
0.0330377445
0.0133704990
0.0199077446
0.0740677193
0.0463606380
0.0381398648
0.0525188856
0.0165533014
0.0312885195
0.0208125673
0.1823281646
0.0250908732
0.0137259904
0.0108793909
0.0591482371
0.0201703832
0.0160110611
0.0115563683
0.0197556335
0.0043004612
0.0044418629
1.1539306641
0.0069017201
0.4831404686
0.0976513177
0.0180205498
0.0059895301
0.0065799463
0.0083542475
0.0187448561
0.0056576249
0.0375501961
0.0154962270
0.0071157683
0.0635253862
0.0068986048
0.0551004931
0.0029591564
0.0050233766
0.5542402864
0.0213628504
0.0570467860
0.0235929005
0.0471018776
0.0071338555
0.8077497482
0.0073292353
0.0299582873
0.0168556347
0.0630054399
0.0373076349
0.0117249563
0.0052209115
0.0906134620
0.0740263239
0.0357651897
0.0146910725
0.0074608941
0.0195407011
0.0136513012
0.2291822582
0.0119791925
0.0143197253
0.0303459633
0.0045825141
0.0163116790
0.0096104946
0.0151530243
0.0251281708
0.0978494361
0.0619751178
0.0069055152
0.1406501383
0.0031609335
0.0331555940
0.0071441350
0.0263275336
0.0450580232
0.0176362302
0.0749662891
0.1022796407
0.0170632824
0.0065803761
0.0509271584
0.0480452664
0.0032456992
0.2896567285
0.0228990950
0.0171502884
0.0052680015
0.0157360788
0.4474436045
0.0120148379
0.0100741489
0.0028809537
0.0044160257
0.0196902361
0.0036039581
0.0269376878
0.0125692366
0.0125805633
0.1408557892
0.0507649742
0.0255783778
0.0201097708
0.0215285644
0.0590345301
0.0984037146
0.0078744814
0.3540419340
0.1642362922
0.0459814817
0.2729283571
0.0520620458
0.0195321068
0.0494920500
0.0304099284
0.0369552746
0.8198660612
0.0381738208
0.0045018219
0.0069352668
0.2732729316
0.0101842191
0.0052782670
0.0376143418
0.0567602850
0.0037183391
0.0331944115
0.0062952186
0.0191435032
0.0507364646
0.0052359416
0.0089335870
0.0067859082
0.0838698670
0.0235962272
0.0037212351
0.0041493671
0.0239251573
0.0366621837
0.0187145937
0.0063191187
0.0298865102
0.0406409279
0.0203154199
0.0209114477
0.0150998402
0.0219169203
0.0100624934
0.0087600453
0.0468161218
0.0041228635
0.0074345404
0.0235404093
1.1946979761
0.0029599001
0.0304110069
0.0063478854
0.0408923998
0.0273993947
0.2780302763
0.0040532677
0.0127131594
0.0334650539
0.6516953111
0.0138822654
0.0029538672
0.0302032940
0.0256545004
0.0488645658
0.0531333685
0.0621601641
0.0052572894
0.2826234698
0.0085157538
0.0078955097
0.0215408001
0.0291109197
0.0113850553
0.0170282312
0.0837612823
0.0226789955
0.0763641372
0.0133922603
0.0047804518
0.0038237316
0.0030532822
0.0157333110
0.0077558332
0.0093082990
0.0116667710
1.1598458290
0.0034357270
0.0360950492
0.0051005832
0.0382789485
0.0087154461
0.0324099213
0.0095809223
0.0456889942
0.5137673020
0.0364324301
0.0716680437
0.0750218257
0.0917618871
0.0621366948
0.0473585092
0.0036683169
0.0130035924
0.0878298208
0.0074469489
0.0051264982
0.0700564086
0.0522834919
0.0272019189
0.0569400042
0.0092392629
0.0212028939
0.0758319572
0.0098258285
0.0045300038
0.0271161925
0.0075612515
0.0073304032
1.1418144703
0.0038223295
0.0145671461
0.0124750817
0.0214704536
0.0848433524
0.0253506694
0.0066620582
0.2508864403
0.0316784903
0.0717431605
0.8054901361
0.0500719137
0.0180354118
0.0242174733
0.0660205334
0.0055915462
0.0192900244
0.0131702255
0.4855058193
0.0524727069
0.1236801147
0.0110846581
0.1247627586
0.0066585876
1.1019859314
0.0034896347
0.0180533491
0.0326347314
0.0043739816
0.0185608063
0.1299862266
0.0461185090
0.0114511130
0.0564744696
0.0038185131
0.0469350144
0.0897352770
0.0134150609
0.0427739955
0.0494248495
0.0481034741
0.0291566420
0.0151565876
0.0173892379
0.0130513627
0.0125768092
0.0223895852
0.0064466307
0.0153018739
0.0129357232
0.0072793085
0.0092482790
0.0459274612
0.0154215051
0.0060221842
0.0134103065
0.3556299210
0.0099161612
0.0094700959
0.0034780782
0.0109823188
0.0521795116
0.0130315395
0.0126643283
0.0982783660
0.0320497639
0.0137770167
0.0043575964
0.0186573397
0.0260612629
0.0772833005
0.0262633488
0.0772666931
0.0590152517
0.0130998781
0.0034215567
0.0225773361
0.0167767890
0.0958253741
0.0060779089
0.0323575884
0.0031889821
0.0202237312
0.0413889140
0.0183759257
0.0046140146
0.0503518656
0.0773465782
0.0429736301
0.0463187583
0.0030990879
0.0141053041
0.1802727282
0.0168916490
0.0296896584
0.0960232690
0.0065720878
0.0691538528
0.0187833291
0.0068292851
0.0032393313
0.0111359423
0.0263339430
0.0367603414
0.0284197982
0.0055294340
0.0358491056
0.0181326941
0.0590862222
0.0588495582
0.0347248204
0.0155157605
0.0234520845
0.0483539887
0.0552731343
0.0104147727
0.0721614286
0.0029777801
0.0552427769
0.0431007072
0.0270864945
0.8672038317
0.0289011206
0.0113438834
0.0071893879
0.0051394524
1.1533645391
0.0428520367
0.0507595465
0.0237713065
0.0030781084
0.0706591979
0.0242365506
0.0358732641
0.0072330395
0.9502848387
0.0062127966
0.0494953766
0.0057896026
0.0110510178
0.0057315030
0.0141881723
0.0492926426
0.0225725342
0.0970744714
0.0097126374
0.0044948370
0.0060551413
0.5150759816
0.0053521707
0.0069090147
0.0295806285
0.0100750653
0.0503433980
0.3381121457
0.0659461915
0.0257800519
0.0043706018
1.1654891968
0.0034028024
0.0065635350
0.0582529716
0.0431868173
1.1197594404
0.0424216613
0.0185627174
0.0080262600
0.0336879939
0.0155811841
0.0148441270
0.0060365275
0.0074961907
0.0504577421
0.0438000821
0.0069629569
0.0299690850
0.0410672314
0.0257191863
0.0052844617
0.0207936652
0.0168326143
0.0470891744
0.0110792499
0.0048754844
0.0141623514
0.0099338908
0.0062094643
0.0110020805
0.0827696845
0.0074489545
0.0398460105
0.0393148288
0.0229450222
0.6458594799
0.0304677188
0.0427406728
0.0443003811
0.0075934161
0.0072042085
0.0056162034
0.0080246767
0.0203247368
0.0122641874
0.0745542422
0.0032378444
0.0038309935
0.0141720548
0.0056002992
0.2349509001
0.0056393757
0.0733723938
0.0031831523
0.0588882081
0.0172937568
0.0035157208
0.0267912187
0.0185064785
0.0369415581
0.0169706643
0.0511724576
0.0719118565
0.0352713093
0.0398311950
0.0115760993
0.0557749569
0.0651703775
0.0241348203
0.0046848357
0.0717397779
0.6501224637
0.0290476158
0.0067629083
0.0296533164
0.0211308673
0.0097601414
0.0132839410
0.0698627904
0.0105069475
0.0074582212
0.0364582427
0.0281296875
0.0532355532
0.0188809130
0.0043329503
0.0490407348
0.0574275255
0.0102559011
0.0464218073
0.0382254608
0.0532172248
0.0083601167
0.2477970570
0.0491075926
0.0296104737
0.0178363062
0.0035633373
0.0034902003
0.0494673774
0.0635922253
0.0648674294
0.0238595624
0.0340301692
0.0675530434
0.0425266512
0.0532259084
0.0585559979
0.0203397609
0.0196205061
0.0055379579
0.0253625046
0.0071641868
0.0070634834
0.0113141527
0.0039224983
0.0132812243
0.0199221037
0.0145932389
0.0846919641
0.0190646108
0.0047873594
0.0571838729
0.0564807579
0.0047628880
0.0323505215
0.0186276454
0.1003006920
0.7166765332
0.6558749080
0.0761131644
0.0485662743
0.0047440846
0.0127107659
0.0035521230
0.0066465866
0.0172785111
0.0031239185
0.0074590249
0.0147660328
0.0136287371
0.0556770936
0.0245623570
0.0148685705
0.0059164749
0.0031012343
0.0075472989
0.0297457743
0.0709767118
0.0283968765
0.0504121184
0.0462827161
0.0120981513
0.0041892277
0.0551715083
0.0227960367
0.0077477437
0.0145466914
0.0263859779
0.0041298484
0.0682672709
0.0076057082
0.0235218033
0.0066942689
0.0202041566
0.0830958113
0.0065741260
0.0543062687
0.0059208237
0.4577371478
0.0111354105
0.0200283155
0.0279545151
0.0404446088
0.0057082311
0.1271896809
0.0154839344
0.0056185233
0.0822738931
0.1769660562
0.0079838531
0.0201485716
0.0124265207
0.0494707450
0.0312700644
0.0723227262
0.0224260781
0.0029472958
0.0096639358
0.0133474804
0.0033604219
0.0323696993
0.0227479693
0.0091705909
0.0172041506
0.0159854740
0.0130922832
0.0342170522
0.0160610620
0.0450185798
0.0578319319
0.0438217558
0.0093172099
0.0041903388
0.0135346325
0.0160994641
0.0228902679
0.0119547332
0.0346970372
0.0203239024
0.0167755764
0.0084027937
0.0204127114
0.0258217677
0.0234855320
0.0361452699
0.0043543922
0.0314667448
0.0421763733
0.0144919297
0.0297874548
0.0861904547
0.0166344978
0.0747748464
0.0072264429
0.0454964004
0.0366201811
0.0039586276
0.0227268096
0.0233979430
0.0688677654
0.0030770400
0.0268574767
0.0298128370
0.0194036867
0.0072238017
0.0307824891
0.1241948307
0.0033969658
0.0229958892
0.0459531136
0.0152378930
0.0448392816
0.0101564061
0.1094162241
0.0178300366
0.0067838351
0.1881894767
1.0408041477
0.0085547715
0.1082582548
0.4708357155
0.0031079347
0.0170403700
0.0202544574
0.0111881206
0.0303459577
0.0187747180
0.0396104194
0.0190141238
0.0133550121
0.0076712430
0.0045032222
0.0582919158
0.0414421447
0.0078347297
0.0052509028
0.0500582308
0.0036366226
0.0251431018
0.0119082816
0.0494872481
0.0230920520
0.0292916391
0.0086822044
0.0165688880
0.0342383981
0.0133074103
0.0230511650
0.0339053795
0.0622478612
0.0117790997
0.0145955030
0.0068670870
0.0340388082
1.1398060322
0.0066788634
0.0330070816
0.0604032688
0.0706894174
0.0432235040
1.1361137629
0.0136462469
0.0137345856
0.0473905988
0.0065651746
0.0161402840
0.1003596187
0.0031417813
0.0035252564
0.0509990230
0.0364209376
0.0161133315
0.3531720340
0.0446021371
0.0299277846
0.3021564484
0.0140001299
0.0120037543
0.0204246677
0.0746578127
0.0304565653
0.1524218172
0.0042252610
0.0067102127
0.0325783938
1.0716609955
0.0051132804
0.0557376370
0.0197864622
0.0408481397
0.0393990502
1.1308873892
0.0125439418
0.0065577589
0.0036643227
0.0115630645
0.0211657379
0.0699148700
0.0399130322
0.0400450788
0.0079387482
0.0181390680
0.0031650902
0.0171745364
0.0038191061
0.0031474717
0.0319944881
0.0222368687
0.0451063402
0.0057346188
0.0306447409
0.0064407554
0.0096467109
0.0129408902
0.0087415343
0.0138642434
0.0046648616
0.0609315969
0.0200787168
1.1447321177
0.0035742195
0.0268812459
0.0120441634
0.0530933961
0.0826944336
0.0085335542
0.0053349286
0.0080212224
0.0365851782
0.0077829626
0.0029691816
0.0308363121
0.6523211002
1.1437093019
0.0157686584
0.0039708582
0.0087654274
0.0319685712
0.0723213404
0.0063287728
0.0506230369
0.1092281193
0.0276570041
0.0084277550
0.0247020610
0.0032241289
0.0242822729
0.0034622429
0.0419513881
0.0134885535
0.0506739169
0.0150161553
0.0121925119
0.0134513108
0.0353558101
0.0120129343
0.0062763714
0.0138490703
0.0059544975
0.1515397429
0.0556348823
0.0292531736
0.0057761725
0.0269581787
0.0185668673
0.0030020429
0.0215672441
0.0646683648
0.0299881771
0.0694664642
0.0567433722
0.0690816492
0.0074985623
0.0109751774
0.0561559573
0.0201653577
0.0483545847
0.0286303218
0.0144111058
0.0130342133
0.0301937964
0.0585748255
0.0144383302
0.0046820096
0.0031560077
0.0307248924
0.0075060562
0.0143217817
0.7211267948
0.0451897159
0.0166740064
0.0457463525
0.0263865627
0.0365433358
0.0059559224
0.0143488655
0.0051133074
0.0231149532
0.0138756540
0.0050872471
0.8141908646
0.0362483636
0.0074446802
0.0156465080
0.0854284987
0.0040822201
0.0163250417
0.0073106168
0.0104079209
0.0030049882
0.0238844082
0.2251982838
0.0103789959
0.0216655582
0.3890714943
0.0378471091
0.0521363355
0.0302094445
0.3075752258
1.1622422934
0.0331519246
0.0480798371
0.0492238551
1.2120937109
0.0041781841
0.0204479732
0.0263178628
0.0182911418
0.0036466881
0.0423391722
0.0329319909
0.0131291607
0.0282681361
0.0174398199
0.0356668793
0.0459456742
0.0251372885
0.0499676988
0.0055457405
0.0256862603
0.0272931010
0.0137598990
0.0066358084
0.0161360875
0.1326931566
1.1943554878
0.0280702524
0.0132211652
0.0344084613
0.0310323182
0.0044621681
0.0046243994
0.0188766811
0.0578156486
0.0082070436
0.0473794602
0.0071359086
0.0117167197
0.5707979798
0.0685894117
0.0049774786
0.0598317720
0.0493241176
0.0042052758
0.0209853314
0.0051937448
0.0166376270
0.1780550480
0.0082022119
0.0042260643
0.0046866159
0.0047163088
0.0465126745
0.0300233010
0.0255003851
0.0216456484
0.0049798638
0.5595205426
0.0286162440
0.0617890581
0.0263237339
0.0337273926
0.0033179238
0.0272241086
0.0225734562
0.0123645859
0.0224334039
0.0045385347
0.0106829004
0.0094351619
0.0554593205
0.0639403388
0.0113132764
0.0285894014
0.0384790115
0.0190684926
0.0312708095
0.0105972467
0.0065374621
0.0328839011
0.0440043733
0.0145266280
0.0070179985
0.0596442595
0.0134829199
0.0179123767
0.0564779341
0.0176950116
0.0547500737
0.0319329500
0.1012614891
0.0052837199
0.0092471819
0.0089710411
0.0084394915
0.0200990774
0.3289462328
0.0264826249
0.0075228363
0.0455665961
0.0163641237
0.2046292573
1.1127973795
0.0056533283
0.0142267440
0.0052345376
1.0780154467
0.1886014193
0.0196156595
0.0079661813
0.0145618217
0.0055437121
0.0261648465
0.0149717843
0.0077002463
0.0100935083
0.0043624355
0.0458366275
0.0050891624
0.0194811337
0.3199710846
0.0047592479
0.1762954742
0.0046389746
0.0473086648
1.1822742224
0.0255073570
0.0493752360
0.7991837263
0.0046552406
0.0609972887
0.0113188885
0.0111844782
0.0712328181
0.0457272530
0.0248479191
0.0290970039
0.0406717844
0.0338447466
0.0039590318
0.0598925874
0.0591337159
0.0032469009
0.0575568751
0.0256164633
0.0389420614
0.0305465907
0.0126292957
0.0030453843
0.0597760305
0.3912472427
0.0151983285
0.0034752334
0.0219616145
0.0223117992
0.0192780290
1.1092627048
0.0062343786
0.2193274945
1.1081873178
0.0088856397
0.0061589926
0.0649682581
0.0042987703
0.0332865044
0.0043103951
0.0608576834
0.0031814533
0.0153972525
0.1336179525
0.0193344448
0.0037426578
0.5315531492
0.0483750626
0.0261312686
0.0053105904
0.1992533505
0.0029641371
0.7621669769
0.0504302233
0.0467663668
0.0290601831
0.0060870247
1.0861338377
0.0342038833
0.4922569692
0.0055405013
0.0267062634
0.0389486477
0.0086441180
0.0673744380
0.0274141729
0.0344243906
0.0080515221
0.0064268699
0.0245353170
0.0206665359
0.0075427191
0.0059856283
0.0361295529
0.0175037365
0.0480341502
0.0416014642
0.0079059470
0.0128278108
0.0558840558
0.0574135482
0.0044471500
0.0440245792
0.0118822670
0.0439134799
0.0176057164
0.0455258414
0.0261039194
0.0092702620
0.5520088077
0.0059910137
0.0030183427
0.4995342493
0.0208118595
0.0190392099
0.0518185273
0.0041410835
0.0147553878
0.0230976716
0.0167331714
0.1687377095
0.0338777192
0.0544539429
0.0330051929
0.0320565738
0.0133923823
0.0202754755
0.0062826965
0.0468519330
0.0224968661
0.0063992692
0.4244383276
0.0031985256
0.0394087993
0.0160141941
0.0312179886
0.1177627519
0.0317519344
0.0878915936
0.0051940386
0.0054112086
0.0048839208
0.1086215824
0.5614864826
0.0054371865
0.0172316302
0.0334298275
0.0065689967
0.0043301187
0.0470815524
0.0778623447
0.0031143862
0.0380237624
0.0050562513
0.0799733177
0.0031386726
0.0190816987
0.0112636779
0.0226206146
0.0343622416
0.0342976190
0.0049753804
0.0639936849
0.0040222770
0.0457359105
0.0381657332
0.0291525386
0.0127032408
0.0247384701
0.0036580500
0.0603743866
0.0691980943
0.1262924075
0.1121488065
0.0078998692
0.0075791040
0.0380286165
0.0505846068
0.0426735319
0.0580273420
0.0114452066
0.0102382218
0.5608267784
0.0374547727
0.0029768760
0.0688254833
0.0068637491
0.0289514195
0.0444033854
0.0670462996
0.0035557642
0.8146469593
0.0030916231
0.0040499670
0.0037414050
0.0587167591
0.0039365096
0.0265672952
0.0054548602
0.0132592674
0.0055954950
0.0155836269
0.0044287709
0.0248588677
0.0081648165
0.0191359427
0.0034524950
0.0598484240
0.0251866598
0.0030969304
1.1214388609
0.0789188519
0.0043837205
0.0039326041
0.0087423390
0.0048559811
0.0256542098
0.0584958270
0.0321105085
0.0051065772
0.0081168273
0.3053645492
0.0382178836
0.0097525334
0.0473503172
0.0560959280
0.0856038928
0.0159441363
0.0301001780
0.0086553590
0.0102198040
0.0045886892
0.1101516932
0.0044958461
0.0631645694
0.0156370495
0.0719706342
0.0097250789
0.0176185016
0.1928966641
0.0062287054
0.0282792542
0.0185488258
0.8706376553
0.0373345390
0.0491005108
1.1235542297
0.0270002224
0.0182688795
0.0076166522
0.7192919254
0.0276319962
0.0038098108
0.0114329215
0.0252403375
0.0079765087
0.0307061095
0.0159475710
0.1032022014
0.0840670615
0.0793013871
0.0665965155
0.0079790978
0.0035362693
0.0483342484
0.0057977717
0.0073199994
0.0130549548
0.0226478577
0.0055229184
0.0040067225
0.0610488355
0.0533659086
0.0208067913
0.0122037223
0.0433236249
0.0150707131
0.1370362937
0.0929013863
0.0328562744
1.1399337053
0.0037708692
0.0161759742
0.0045692557
0.0319496356
0.0080459947
0.0167193171
0.0487577803
0.0199592579
0.0095226225
0.0257686917
0.0520501621
0.0178049617
0.0117863296
0.0050666751
0.0080350749
0.0182071496
0.0447841138
0.2277202755
0.0224547628
0.0443130769
0.0262765829
0.0065629296
0.0773329437
0.0160454474
0.0083082961
0.0116530377
0.0325557180
0.0271557719
0.0041287146
0.0071663512
0.0332429148
0.0127697485
0.2308761925
0.0039244280
0.0584056005
0.0380780064
0.0083236452
0.0276668053
0.0452148356
0.0633724630
0.0361991934
0.0120381098
0.1343522221
0.0055362191
0.0570499785
0.0082048038
0.0045562726
0.0612737238
0.0694557279
0.0535155162
0.0044267233
1.0561355352
0.0059850272
0.7990637422
0.0130049186
0.0473088250
0.0172276497
0.0354440659
0.9165187478
0.1254300475
0.0048569608
1.0634908676
0.2735224068
0.0224670507
0.0175044052
0.0086794896
0.0678283945
0.0054531912
0.0232115388
0.0185597576
0.0251208432
0.0096501717
0.0120761534
0.0100377128
0.0242778677
0.0036401618
0.0102894502
0.0148059698
0.0435769483
0.0162921902
0.0847498402
0.0044899392
0.0085867774
0.0055862577
0.0328855813
0.0088609727
0.0048992871
0.1130629629
0.0295949001
0.0182241388
0.8074834347
0.0441382118
0.0042781918
0.0424759127
0.0595622025
0.0297651011
0.0064405636
0.0060423217
0.0385358073
0.0056115035
0.1227169335
0.0085760904
0.0031482279
0.0207672454
0.0184068941
0.0188094694
0.0501810499
0.0848531798
0.0068485946
0.0125753125
0.0607218444
0.0065834988
0.0095971115
0.0299799237
0.0627170727
0.0554179549
0.0475435592
0.0094970390
0.0312724859
0.0825203508
0.0137178563
0.0172355957
0.0147736976
0.0063826009
0.0045478093
0.4282210469
0.3838526011
0.0050575025
0.0182403196
0.0375075974
1.1503151655
0.0072199884
0.0088798329
0.0110994242
0.4651549459
0.0406548902
0.0264368393
0.0059462260
0.0598559976
0.0030260687
0.0046621612
0.0403451025
1.1822596788
0.0048579043
0.0033768225
0.0237119943
0.2318472564
0.0038637905
0.0034277476
0.0076748021
0.0042792279
0.1773873419
0.1007789075
0.0187261123
0.0209728014
0.0750683248
0.0274081398
0.0376148447
0.0448623076
0.0334988013
0.0518543497
0.0974235684
0.0074173128
0.0670862570
0.0254982803
0.1404197067
0.0740683302
0.0280536562
0.0108406926
0.0472528338
0.0354453661
0.0467265174
0.0471477769
0.0449501276
0.0033635744
0.0501071662
0.0078575974
0.0359679088
0.7341140509
0.0103340810
0.0121911205
0.0051887818
0.0233788919
0.0271417070
0.0465077758
0.0063357549
0.0612826571
0.1147637144
0.0387925096
0.0104701053
0.0312640928
0.0404435284
0.0281386264
0.0293195546
0.0088211214
0.0132557638
0.0340366028
0.0038703575
0.0336904228
0.0262551289
0.5805072188
0.0114825368
0.1358297616
0.0264618713
0.0088292006
0.5025285482
0.0119837942
0.0365813151
0.0082921321
0.0097473608
0.0322750211
0.0426637754
0.0649194121
0.0376511030
0.0314146951
0.8571072817
0.0161906742
0.0622161068
0.0304537490
0.0082209539
0.0083750356
0.0127923796
0.0070387986
0.0224025641
0.0631591976
0.0300003327
0.0078723412
0.0082196957
0.0373020396
0.0066886763
0.3479338884
0.0658947900
0.0575237945
0.3321614265
0.1872747093
0.1007897928
0.0500255078
0.0397297591
0.0321439952
0.0230373554
0.1660624892
0.0075519104
0.0548178405
0.0616332442
0.0060621221
0.0287808832
0.0088129891
0.0035947822
0.0142042181
0.9233492017
0.0440234132
0.0158662554
0.0115414765
0.0337384827
0.3008703291
0.0026711125
0.0085199000
0.0461982675
0.0717322007
0.0128075667
0.0512125157
0.3283329010
0.0258451402
0.0249236114
0.0543765835
0.0334192887
0.0032266194
0.0219691619
0.0056707957
0.0048314855
0.0043276604
0.0390658453
0.0244295131
0.0080006188
0.0261960253
0.0124582788
0.0445099771
0.0035041678
0.0624942109
0.0087966453
0.0080020167
0.0166102685
0.0064554699
0.0143687176
0.0302340016
0.0165997408
0.0033559171
0.1388665587
0.0102700908
0.0166265611
0.0201162454
0.0079310676
0.0375895575
0.0237106197
0.0251851957
0.0067598224
0.0137116211
0.0627358034
0.0594798625
0.0119672539
0.1638141274
0.0047254572
0.0637079030
0.0039745392
0.0242219418
0.0065748976
0.0325048827
0.0400198959
0.0560775846
0.0373758487
0.0572536513
0.0327540636
0.0173780173
0.0749047920
0.0029693944
0.0598282516
0.0350701660
0.1054049581
0.4038453400
0.0146918334
0.1525664777
0.0321726389
0.0658438876
0.0034407089
0.0470171943
0.0142875081
0.0032919268
0.0047647171
0.0219430532
0.0074018445
0.0196561888
0.0072542774
0.2160611600
0.1174111143
0.0175653100
0.0150928302
1.1661672592
0.0379061773
0.0097167818
1.1152822971
0.0169233456
0.3907114565
0.7324988842
0.5524892211
0.0160121452
0.0446407124
0.0726032406
0.0086324671
0.0626040399
0.0167768374
0.0206352230
0.0199358668
0.0215549674
0.0373579822
0.0504474528
0.0100273052
1.1362186670
0.0056765974
0.0113372095
0.0362722874
0.1229165196
0.0254820324
0.0154670533
0.0807240084
0.0224168543
0.0078496793
0.0085608605
0.0081254635
0.0042686332
0.0037010894
0.0801579729
0.0724993870
0.0056637647
1.0956424475
0.0192612410
0.0044356165
0.0033652997
0.0143817142
0.0388382860
0.0058975439
0.0201695226
0.0110490760
0.0423343778
0.0337958671
0.0497977845
0.0104254596
0.8606631756
0.3273409903
0.0640867427
0.0079281777
1.1504766941
0.0104044983
0.0171218701
0.1807597578
0.0131788151
0.0107721342
0.0585193485
0.0574971139
0.0130271735
0.2345033884
0.0101078805
0.0033227508
0.0267315321
0.0391325690
1.1504741907
0.0089375246
0.0704865158
0.0476939417
0.0319285877
0.0168200657
0.0029875538
0.0346470773
0.0165231265
0.0122403111
0.0275712591
0.1161169484
0.0332596824
0.0137313064
0.1601520330
0.0159011874
0.0446786955
0.0224469416
0.0187378526
0.0214573070
0.0737625211
0.0663684085
0.0324538723
0.0225764103
0.0033361735
0.0366680883
0.0542840734
0.0041912813
0.1264171600
0.0059745121
0.4947748780
0.0216318443
0.0043051038
1.0574104786
0.0195829682
0.0427400731
0.0606823042
0.0285806805
0.0231905151
0.0091072284
0.1353852153
0.0657852739
0.0056587132
0.0041250256
1.0900235176
0.0182124525
1.1148362160
1.0645352602
0.0624154173
0.0090319151
0.0293610953
0.0198395904
0.0343887955
0.1185632572
0.0782688260
0.0490312837
0.0334525034
0.0076086642
0.0143426238
0.0039363746
0.0166519079
0.0058773826
0.0218119565
0.0065980996
0.0046145204
0.0079422826
0.0424497649
0.0568616763
0.0095501021
0.0226743724
0.0096702902
0.0042305267
0.0178583656
0.0070306230
0.0333945006
0.0153281512
0.0042697629
0.0088183107
0.0248680897
0.0644161552
0.0090843299
0.0152384359
0.0224588737
0.0030107272
0.0211784802
0.0432942323
0.0095594842
0.0386284702
0.0081642624
0.2428663671
0.0756699070
0.0618928261
0.0071394839
0.0115131559
0.0188040081
0.0113348495
0.0083128763
0.0715149939
0.1665153950
0.0038301800
0.3943275511
0.0172328670
0.0063095326
0.0123354411
0.0826501399
0.0042681899
0.0553472750
0.0565430820
0.0339670293
0.0212638378
0.0283339024
0.0309270099
0.0854197666
0.1130779833
0.0177203007
0.0094966078
0.3669382036
0.0465270504
0.0100456905
0.0031496210
0.0032679026
0.0875896737
0.0046969634
0.0083417203
0.0143373031
0.0467437580
0.0477431230
0.0052123326
1.0545729399
0.0174610615
0.0105037866
0.0216717310
0.0201689415
0.0209456366
0.0182136707
0.0144333392
0.0095033692
0.0088120876
0.0039761080
0.0192764122
0.0129620386
0.0339102820
0.0456197113
0.0667451397
0.0168365054
0.0523868352
0.0254466683
0.0320741497
0.0117675262
0.1223124415
0.0116070630
0.0133776898
0.0667574182
0.0250629168
0.0550719947
0.6128136516
0.0140185077
0.0111830514
0.0479445308
0.0302151814
0.0061552092
0.0150591331
0.7558304667
0.0302583929
0.0328019597
0.0075772735
0.0158404373
0.0117183439
0.0307535846
0.0042124139
0.0062172404
0.0036580972
0.0129559888
0.0165214296
0.0759263933
0.0471148528
0.0200931132
0.0079470109
0.0736443177
0.0082108472
0.0081330668
0.6018615365
0.0195753947
0.8608708978
0.0045193140
0.0751000121
0.0175079163
0.0050187646
0.2407848984
0.0553344525
0.0279977974
0.0405879840
0.0185426008
0.0459914319
0.0261124857
0.4534014463
0.0149974823
0.0287256464
0.0423291028
0.0122322664
0.0385805219
0.0163294226
0.0071738157
0.0393555164
0.0116344402
0.1743023247
0.0072288658
0.0157130491
0.0174453892
0.0091264332
0.0131764971
1.1288523674
0.0257526226
0.0159714837
0.0276388042
0.0030148642
0.0139735155
0.0058503211
0.0524159484
0.0102963634
0.0664337054
0.0462313145
0.0241849571
0.0409809574
0.0602439120
0.0381156616
0.0400181748
0.0048988876
0.0101581952
0.0200735405
0.0425892845
0.0518969782
0.0248002745
0.0432226248
0.0032315890
0.0674803630
0.0048466790
0.0443060584
0.0067233061
0.0173618440
0.2096070796
0.0032346025
0.1928169131
1.1153167486
0.0301483963
0.0411862768
1.0664581060
0.0311249197
1.0705274343
0.3858635426
0.0161869004
0.0113955196
1.1160371304
0.0077410666
0.0033511026
0.0336008668
0.0185625814
0.0029937129
0.0083257174
0.0363782123
0.0168094132
0.0379577093
0.0169456191
0.0075773476
0.0107525559
0.1447081268
0.0070029045
0.0034581388
0.0347277299
0.0537198074
0.0134451929
0.0071725482
0.0060166679
0.0175096802
0.0034184847
1.1313683987
0.0107270023
0.0060274871
0.0330221541
0.0074781775
0.0409621075
0.0376883633
0.0045755906
0.0121729141
0.0350641087
0.1063707098
0.0066999733
0.0283581112
0.0062278006
0.0416974090
0.0378582440
0.0332931057
0.0439387299
0.0097429054
0.1676581055
0.0057922625
0.0550823137
0.0640725717
0.0416219234
0.0745428875
0.0285440423
0.0422399789
0.0312083513
0.0060151280
0.0358029045
0.0329135396
0.0111674853
0.0168151520
0.0120171756
0.0529207475
0.0074546440
0.0204907227
0.0657295734
0.0197023284
0.7943015099
0.0153065082
0.0234107058
0.0131366430
1.1456642151
0.0672676191
0.0131252473
0.0512229577
0.0561908856
0.0055386699
1.1037416458
0.0054437704
0.0036748413
1.1408410072
0.0157702863
0.0407524183
0.0300243162
1.0866135359
0.0471671633
0.7785231471
0.0070846137
0.2248781621
0.0538023189
0.0035659093
0.0844566450
0.0054741041
0.1327392608
0.0060270661
0.0897939652
0.0229856223
0.0198473278
0.0088600107
0.0241221841
0.0047274986
0.0499868765
0.0188599769
0.0049708383
0.0107055744
0.0095784124
0.0178461354
0.0245167781
0.1106891483
0.0052216067
0.0029418755
0.0229032785
0.0274537615
0.0058474550
0.0113267228
0.0214649793
0.0164127275
0.0111607658
0.0077192052
0.0118509326
0.0049807974
0.0037232705
0.0216062069
0.0045303102
0.0113030961
0.0047851028
0.0121249892
0.0208647903
0.0043239840
0.0068659876
1.0733762980
0.0230258219
0.0465647765
0.0121091586
1.0896974802
0.0587468185
0.0162681881
0.0213950556
0.7052362561
0.0190220419
0.0148221347
0.0508816205
0.0068297195
0.3049339950
0.0343412645
0.0269739144
0.0032236804
0.0436516032
0.0094904089
0.4682873487
0.3657819331
0.0296813305
0.1402200460
0.0094673075
0.0885724500
0.0566512719
0.8027111888
0.0827506110
0.0431814268
0.0341186933
0.0345698074
0.4151569307
0.0167420134
0.0472450517
0.0083884122
0.0856714845
0.0336470567
0.0111238193
0.0395588949
0.0655920431
0.0219011940
0.0326767676
0.0412008166
0.0414914228
0.1816491187
0.0106980745
0.0389947034
1.1159166098
0.0301355291
0.0801978707
0.0043890392
0.0110399956
0.0446444526
0.0042541381
0.0147522110
0.0095439544
1.1142199039
0.0055561843
0.0108695934
0.0048948550
0.0276154354
0.0617139563
0.0080678957
0.0372791849
0.6486007571
0.0086172298
0.0636602715
0.0063754735
0.0098362286
0.0068250955
0.0042231069
0.0087725725
0.0176815744
0.0029093241
0.0096019572
0.0093442071
0.0325821713
0.0036766606
0.1753488928
0.0029428741
0.0163675826
0.0720089376
0.0271566324
0.1359759867
0.0084869359
0.0161841288
0.0099622374
0.0162805133
0.3084521592
0.0029454662
0.1097079590
0.0502961278
0.0099940328
0.0376133509
0.0093482314
0.0314986520
0.0597224906
0.0133659551
0.2359689176
0.0515858009
0.0078742346
0.0217384510
0.0431247242
0.0083413860
0.0224778876
0.0378407873
0.0524690896
0.0244636945
0.0062636216
0.0323028080
0.0668208897
0.0112661552
0.0159745272
0.1002676114
0.0279613268
0.0393207334
0.0192358922
0.0224353801
0.0041058417
0.0489121862
0.0045787133
0.0135164484
0.0039797276
0.0102921715
0.0171857961
0.0108191054
0.0109758722
0.0063541969
0.0571455657
0.0154236015
0.0489523001
0.0905122310
0.0475547351
0.0092143090
0.0052902456
0.0268344376
0.0403817445
0.0143808629
0.0078165978
0.0531567037
0.0116570061
0.0159866903
0.0030937360
0.0147616826
0.0325243808
0.0429575220
0.0067170351
0.4791351557
0.1469169557
0.0173905287
0.0040667364
0.0076872972
0.0109796198
0.0046724030
0.0482973866
0.0149910348
0.0830237642
0.0364472456
0.0089178570
0.0048801904
0.1356349289
0.0609826110
0.0731068477
0.0916770175
0.0251353253
0.1650460213
0.0383622609
0.0069452552
0.0595735125
0.0607459284
0.5011124611
0.0392824039
0.1353141218
0.0385272875
0.0441904329
0.0074665886
0.0050638821
0.0435126573
0.0106586209
0.0279982761
0.0495140925
0.4043937325
0.0140869403
0.0468646176
0.0692167133
0.0465230867
0.0088788122
0.0057204100
0.0176961534
0.0465693437
0.0506915934
0.0135360993
0.0299152639
0.6665756702
0.0130741373
1.0963099003
0.0870089754
0.0133559974
0.0058687567
0.0197039507
0.0114987921
0.0416479968
0.0432204194
0.1928707212
0.0049523208
0.0411952101
0.0380476564
0.0577228293
0.0246590059
0.0073629450
0.0169410855
0.0266128480
0.4626691341
0.0633620024
0.0035472398
0.1392793506
0.0792288706
0.0051305052
0.5652026534
0.0075540999
0.0332750753
0.0036631383
0.0256379098
0.0095410403
0.0449595489
0.0443624407
0.0549771562
0.0082794148
0.0031731117
0.0076123206
0.0428805575
0.0073456015
0.1058241874
0.1032732427
0.0776369870
0.0049637165
0.6679990888
0.0113358926
0.0128237102
0.0469379611
0.0097604878
0.0599660873
0.0599808060
0.3326382637
0.0176715106
0.0182831697
0.0280874297
0.0029958035
0.0141365509
0.0176787972
0.0033929488
0.0055702240
0.0100121973
0.1578688025
0.0058895666
0.0229702033
0.0224264320
0.0047735171
0.0090091117
0.9075273275
0.0164073221
0.0195575021
1.1129540205
0.0144189708
0.0259881802
0.0091160592
0.0191445593
0.0242563188
0.0335877053
0.0061162198
0.0442848504
0.0042964388
0.0030629206
0.0863591954
0.0373173766
0.0106506692
0.0784430206
0.0067205732
0.0053240531
0.0620448329
0.0380617604
0.0053174822
0.0124710435
0.5479703546
0.0477363952
0.0937003121
0.0583342984
0.0055780392
0.0457420200
0.1673253179
0.0677071884
0.0136880651
0.0051945755
0.0051714396
0.4765311778
0.0708876923
0.0045165061
0.0196939111
0.1490578949
0.2645533681
0.0286958180
0.0293061808
0.2812595069
0.0112724509
0.0308881309
0.0450693257
0.0039223833
0.0414393544
0.0030779764
0.0347675495
0.0159528814
0.0390569046
0.0042160121
0.0144516323
1.1569290161
0.5532109141
0.0429991111
0.0057100123
0.0188643001
0.0050395876
0.1551096886
0.0030464961
0.0656476840
0.0134306438
0.0523951948
0.0503573604
1.1278084517
0.0058510024
0.0647672564
0.0104711028
0.0634670481
0.0420829467
0.0530929267
0.0083101578
0.0045570289
0.1441625506
0.0722060204
0.5279303789
0.0198207367
0.0062577273
0.0158050284
0.0364633985
0.0609446764
0.0498079620
0.0076510333
0.0149626723
0.0040773801
0.0615741909
0.0264797676
0.0218368955
0.0172033217
0.0284545608
0.0181632973
0.0600230806
0.0635285154
0.0034115557
0.0505054407
0.0193080045
0.0436873883
0.0085657155
0.0159567259
0.8313236237
0.0038983782
0.0311964825
0.0041489573
0.0289053489
0.0094162570
0.0408716761
0.0073362309
0.0120543623
0.0250637326
0.0415949896
0.3171523213
0.0408982411
0.2915464342
0.0327513777
0.0086260950
0.0069311936
0.0425182953
0.0099435765
0.0368147567
0.0431311131
0.0409029238
0.0160918422
0.0142121995
0.0094609288
0.0084725656
0.0586362369
0.0295905583
0.2868120968
0.0082065519
0.0206592567
0.0408261232
0.0086013442
0.0054550562
0.0297248214
0.0174469240
0.0228577834
0.0788744316
0.0193351340
0.0117712691
0.0729618818
0.0485034771
0.0144056231
0.0118645225
0.0144164078
0.0409393497
0.0694904551
0.0186564382
0.0460877530
0.0251815189
0.0177702531
0.0545574389
0.0234736782
0.0511746816
0.0574289225
0.0269144159
0.1378211826
0.0075321882
0.8076469898
0.0373990424
0.0096771847
0.0678921938
0.0459258854
0.0086435853
0.0723214969
0.2326764166
0.0096763326
0.0287297200
0.0727031231
0.0037945313
0.0314657353
0.0036602153
0.0369303375
0.0113470033
0.0035935645
0.0091005908
0.0048232945
0.0531298853
0.0215471424
0.0062076631
0.0728294700
0.0065406407
0.2851638496
0.0724107474
0.0049674110
0.0699265972
0.0031385235
0.0098974584
1.1418015957
0.0544422716
0.0207419787
0.0234335698
0.0860241354
0.0196344852
0.1201127023
0.0545247644
0.0278587360
0.0417355374
0.0866748095
0.1739056259
0.0204451047
0.0173912346
1.1255614758
0.0723764449
0.0218495373
0.0618797354
0.0408707745
0.0059579583
0.0029889997
0.0222399589
0.0345931500
0.0172407720
0.0430210792
0.0037458087
0.0133895203
0.0104977293
0.1942597330
0.0671149641
0.0448753722
0.0182443187
0.0044237883
0.0178354755
0.7287624478
0.0230536927
0.0164432731
0.0148445750
0.0240303334
0.0189321637
0.2626675963
0.0089168316
0.0249514095
0.0064486139
0.0249477625
0.0183681864
0.1038357392
0.0038725683
1.1263135672
0.0589426681
0.0342941172
0.0386027545
0.0218534600
0.0053403042
0.0415026918
0.0235927701
0.0075094332
0.0039305361
0.0068039587
0.1213173121
0.0038151024
0.0246525127
0.1127030179
0.0108064432
0.0305732619
0.1277569383
0.0245445427
0.0029276167
0.0560261160
0.0540583320
0.0068674083
0.0130450064
0.0123513211
0.0049736439
0.0233428404
0.0712237060
1.0687137842
0.0582192913
0.0105097415
0.3871212900
0.0240379721
0.0072767246
0.0612406135
0.0031119189
0.0306397714
0.0072054174
0.0197534580
0.0728052706
0.0131545654
0.0217388719
0.0383487418
0.0675620586
0.0103834830
0.0035344255
0.0078525888
0.0292867385
0.0111191301
0.0543381944
0.0720811486
0.0440005437
0.0212176088
1.1143780947
0.0738374367
0.0481000170
0.0583481491
0.2376936078
0.0352038182
0.0176514685
0.1180902496
0.0674382970
0.0057564275
0.0287992414
0.0282439906
0.0578625724
0.0313646123
0.0201054290
0.3273722827
0.0055853217
0.1287172884
0.0140475463
0.0043517412
0.0800976902
0.5538941622
0.0102347638
0.0088074654
0.0029507112
0.0094757695
0.4043220580
0.0310485177
0.0118627185
0.0149132265
0.0211579222
0.0415983871
0.0051319487
0.0032876371
0.0034155140
0.0621633530
0.0066437526
0.0037969749
0.0054205596
0.4253256023
0.0541990623
0.0377915539
0.2610430419
0.0840728432
0.0267985277
1.0975023508
0.0569614097
0.0043285536
0.0596335568
0.0221103169
0.0510391034
0.0117158629
0.0906516165
0.0088542113
0.0112401741
0.0065988679
