0.0311604701
0.0112059265
0.0232374873
0.0084006488
0.0824033692
0.0163000543
0.0357100666
0.0200381074
0.0042928266
0.0208292641
0.0313490033
0.0231771972
0.0454348251
0.0039500482
0.0655818805
0.0515691601
0.0167515874
0.0099545354
0.0221212655
0.1407383531
0.0527324900
0.0123597356
0.0096537452
0.0139732417
0.0205479208
0.0237792321
0.0370503254
0.0056294054
0.0384553708
0.8491564393
0.0590632819
0.0371679999
0.0572601259
0.0078131668
0.0206473488
0.0614184253
0.0324598812
0.0047300984
0.0165066477
0.1156121120
0.0407470614
0.0044789268
0.0405371599
0.0956679359
0.0172529407
0.0494751036
0.0282840673
0.1192732975
0.0380123556
0.0148314238
0.0122827310
0.0105503434
0.0373373218
0.0147853587
0.0301725697
0.0075765117
0.0097958418
0.5480413437
0.0096319038
0.0048008054
0.0698594376
0.0178330019
0.9608558416
0.0058247489
0.0127120372
0.0683823749
0.1977103949
0.0139781339
0.0435868762
0.1002878547
0.0233721454
0.0057396516
0.0577442907
0.0553485788
0.0611328445
0.0108451657
0.0094531588
0.0115672760
0.0065250117
0.0299613308
0.0042865295
0.7099061012
0.0095862616
0.0043612728
0.0214011651
0.0124134300
0.0452867486
0.0054175616
0.0458869822
0.0889170989
0.0298297592
0.0736838356
0.0674724206
0.0494030453
0.6903201938
0.0211422145
0.0377946608
0.0540449359
0.4334065914
0.0646986291
0.0560932346
0.0401982218
0.0172894355
0.9238858223
0.0100248456
0.0257734340
0.0041199503
0.0116571793
0.0078809420
0.0061090966
0.8425021172
0.0338801034
0.0442697741
0.0072120419
0.0129301483
0.0685576797
0.0591427088
0.0805710629
0.0079865195
0.1840901524
0.0164630990
0.3383354545
0.0635348558
0.0273195300
0.0640391484
0.0261381511
0.0357808210
0.0085007148
0.0092441570
0.0031931293
0.0966478959
0.0460285097
0.0455718003
0.0728667825
0.6497867703
0.0684735775
0.0372860469
0.0309694223
0.0069942968
0.7779220939
0.0244434979
0.0290937964
0.0125492141
0.0804812759
0.0077802530
0.0279871095
0.0600835420
0.0127967810
0.0270017181
0.0041516069
0.0034752409
0.0171371140
0.0218019821
0.0076356423
0.0204089638
0.0195216276
0.0176253840
0.0272296742
0.0060599069
0.0506142937
0.0386751443
0.1518720537
0.0268202499
0.0243613906
0.0124237267
0.0104503455
0.4902158678
0.0581244454
0.1166048869
0.0202215333
0.0407070331
0.0365456045
0.0274429750
0.0428676531
0.0089482991
0.0572959296
0.2769756317
0.0360647403
0.1074552760
0.2732467353
0.0133375237
0.0571110807
0.0047483281
0.0299446918
0.0205296054
0.0733591542
0.0085209804
0.0500910282
0.1643485874
0.4009350240
0.0030780446
0.0281853266
0.0401216447
0.0353923291
0.0224494860
0.0068545211
0.0665427744
0.0187085643
0.0961726084
0.0928540230
0.0054056859
0.0414970554
0.0076350602
0.0330671966
0.0166762043
0.0639738366
0.0216707755
0.0179804489
0.0448465496
0.0334301591
0.0527276807
0.0070192954
0.1372770667
0.9395498633
0.0642476082
0.0144429700
0.1029160395
0.0709767714
0.0081515796
0.0057145595
0.0173325613
0.0455250777
0.0242618974
0.0725594163
0.0367122032
0.0051138196
0.0126364445
0.2374882698
0.2438298017
0.1837081760
0.0040337145
0.0177300256
0.0057752854
0.0239450168
0.1804674715
0.0297942013
0.0407315046
0.0589002967
0.0072775711
0.0455305837
0.0074075763
0.0089459755
0.0380770713
0.0480448753
0.0493517667
0.0282395482
0.0125034880
0.0561444201
0.0644926354
0.0094692074
0.0496530533
0.0139639163
0.0681777894
0.8520337343
0.0114575746
0.0717587173
0.1627938747
0.0395283736
0.0097545646
0.0069697700
0.0301048923
0.7143656015
0.0403204933
0.0052822013
0.0392503813
0.0349161252
0.0051872022
0.0740166977
0.0144208549
0.0383053422
0.0168312620
0.0089684809
0.0033175224
0.0293995012
0.0080941906
0.0257321429
0.0068650390
0.0190266259
0.0092694126
0.7539027333
0.0037943413
0.0092613250
0.0236013420
0.1205871329
0.0109739015
0.8197632432
0.0246721264
0.0031508221
0.0178048387
0.1356120855
0.0134025477
0.0157663953
0.3409062028
0.0678631887
0.2968796492
0.0314225368
0.0046975175
0.0109625682
0.0374508649
0.2457547933
0.1092246696
0.0654872432
0.0500975549
0.0031852706
0.0646032393
0.0171626732
0.0302247591
0.0341041945
0.4056484401
0.0070533594
0.0581766032
0.3959392607
0.0850155279
0.0315396897
0.0182623528
0.0163595043
0.3177209198
0.0110473046
0.0035666472
0.0336943902
0.5225295424
0.0196839441
0.1438378543
0.0214391723
0.0758095235
0.2394475937
0.0190627836
0.0680494308
0.0177461132
0.0346383639
0.0169792529
0.1158337072
0.0246534571
0.0111661404
0.0064352700
0.0037220360
0.1163078025
0.0387619361
0.0101363296
0.0352443233
0.0145251546
0.0306879003
0.0683495030
0.0407561809
0.0414140746
0.0250536799
0.0087447185
0.0037021125
0.0209116023
0.7970436811
0.0639779344
0.0050718565
0.0373546146
0.0572809540
0.3421419263
0.0570096634
0.0495906733
0.0064640152
0.0079829162
0.0076944134
0.1169728041
0.0284505896
0.0114342924
0.0217022970
0.0052199662
0.1683780849
0.1699912250
0.0338708945
0.0395607762
0.0283851884
0.0339908823
0.0410640128
0.0456458069
0.0213374346
0.0232918449
0.0393681042
0.7098585963
0.0339612700
0.0818961784
0.0646374673
0.0221289676
0.0289901085
0.0495515727
0.0226882342
0.0214026459
0.8735204339
0.0333309099
0.0205290709
0.0727220103
0.0087872483
0.0258870665
0.0660461783
0.1946124285
0.0635369420
0.0043318649
0.8663694263
0.0119700665
0.7174381614
0.0127951913
0.0123629449
0.0054735304
0.0498769172
0.0223762728
0.0696280897
0.0609637871
0.0101321312
0.0400809273
0.0468817018
0.0044742073
0.0310384836
0.0380300507
0.0347034074
0.0180757064
0.0093874708
0.0312031694
0.0636448488
0.0057029128
0.0048927870
0.1871027499
0.0349115282
0.7988007665
0.0544462614
0.0077774520
0.0881617516
1.0169961452
0.0549387187
0.0158794187
0.0120918173
0.0549291670
0.0041496619
0.0121460222
0.1014161929
0.0692237094
0.0137329800
0.0772010908
0.2805561423
0.0236612521
0.1963028461
0.0285485387
0.7318251729
0.0348760821
0.0681636631
0.0145688690
0.0124112833
0.0578795336
0.1493774056
0.0226883981
0.7080347538
0.0126120904
0.3794418275
0.0274244975
0.4803309143
0.0403343663
0.0065779905
0.0251417067
0.0259134676
0.0072265724
0.0189661179
0.0191820804
0.0636728406
0.0074646557
0.0420978293
0.0419683345
0.0294274595
0.0451344587
0.0324770808
0.0666371360
0.0103926668
0.6822145581
0.0152220298
0.0117161963
0.0047866767
0.0115117906
0.0059131011
0.5973342061
0.8135866523
0.1413099915
0.0233543105
0.0445754379
0.0148321642
0.0610046126
0.0436156057
0.0503558293
0.6529135108
0.0117747793
0.7035521865
0.3646522462
0.0149412816
0.6037204266
0.0084137097
0.0200477242
0.0433861949
0.0381845795
0.0270354804
0.0739917383
0.0050003487
0.0531174578
0.0307883248
0.0054693273
0.0086237909
0.0203169677
0.0292963106
0.0266206823
0.0257599670
0.0108101470
0.0473021530
0.0122783352
0.0141431540
0.0069416659
0.0322593823
0.0159770418
0.0672189742
0.0238604732
0.0144606540
0.1522768289
0.0402202606
0.0190882217
0.0493294820
0.0528249592
0.0126705952
0.0313540548
0.0318644829
0.0510815158
0.0099467197
0.0384821184
0.0183659289
0.0375222117
0.0453007594
0.0088808257
0.0111624971
0.0523448549
0.0114085302
0.0695884973
0.0792753100
0.0076796450
0.0284232907
0.3041795194
0.0391631201
0.0107692853
0.7649099827
0.6035208106
0.0338448994
0.0292112604
0.0566447042
0.0242640600
0.0333307944
0.0074705561
0.0399503857
0.0721666589
0.0202157963
0.0454816818
0.0120832697
0.0331784077
0.0082861492
0.0290544536
0.0075827613
0.0204233490
0.0293243341
0.4902580678
0.0264773723
0.0144260218
0.0176725816
0.0091615571
0.0039250166
0.0055166520
0.0419803858
0.0437164046
0.5907557011
0.6740879416
0.0247253068
0.0325177312
0.0109648528
0.0134093724
0.4497666955
0.0073319012
0.0060591847
0.0246353634
0.0080134515
0.5712674856
0.0508158803
0.0150415394
0.0064666518
0.0478021726
0.0033494884
0.0431221910
0.0430595763
0.0455100425
0.1273244917
0.0029567222
0.1295944452
0.5540357828
0.0444249026
0.0195505396
0.0415315293
0.0444282144
0.9816898108
0.0235947315
0.0577305034
0.0745970905
0.0696704313
0.0210961066
0.0074708653
0.0184285734
0.0692198128
0.0508181415
0.0031535185
0.0130939083
0.9597199559
0.0516683683
0.1539487392
0.0214457456
0.0095428871
0.0028851142
0.0105854012
0.0664175153
0.0636277497
0.1671658754
0.0711082220
0.0572238080
0.7599568367
0.0033664058
0.2583076656
0.0237226058
0.0076910718
0.0033153186
0.0052175610
0.0256241076
0.0075966278
0.0147193419
0.0286845546
0.0056163543
0.0184726492
0.0033698131
0.0420095623
0.0167647321
0.0215339102
0.0211261418
0.0264561437
0.0161208455
0.4957052171
0.0425086282
0.0092381733
0.0125651835
0.0112631517
0.0288997069
0.0215951502
0.0209940448
0.2041147053
0.0242918693
0.0139352689
0.6077479720
0.0595645644
0.0062712538
0.0170162320
0.0378577858
0.0121418955
0.7349539995
0.4937183261
0.0157094542
0.3322609365
0.1679991186
0.0330217741
0.3679804802
0.0677932054
0.0431319326
0.0122560980
0.0045779552
0.0275738388
0.9994994402
0.0248651076
0.0186883193
0.6218981147
0.0106515847
0.0138251726
0.0681579262
0.0629831851
0.6171979904
0.0295233484
0.9623792171
0.0205122828
0.0237542354
0.0137755899
0.0202777497
0.0217851587
0.0167535730
0.0644121990
0.6715471148
0.2828988433
0.0049090949
0.0342987031
0.0373191684
0.0070547536
0.0160961822
0.0554106869
0.0029980897
0.0429424793
0.0094402852
0.0545688681
0.0210300684
0.0599745587
0.0566826947
0.0534551144
0.0831822976
0.0188766494
0.0735808387
0.0713857040
0.0073306374
0.0576384589
0.0141485911
0.0050983778
0.1695514917
0.0519067831
0.0413630940
0.0555864424
0.0846975297
0.0064225192
0.1196803376
0.1564754993
0.0109693576
0.0065755360
0.0029698657
0.0133984303
0.0454905219
0.0941258818
0.0491733104
0.0597260483
0.0143267196
0.0045707007
0.0106452536
0.1314059198
0.0321935043
0.0044392021
0.0292813014
0.0530405939
0.2554225922
0.1486744881
0.0312234759
0.0033072687
0.0232432690
0.0326504372
0.0095531363
0.5295186639
0.0071897572
0.0182834864
0.4908907413
0.0302569792
0.0668551028
0.0122922882
0.0098479297
0.0092011113
0.0367306173
0.0092993965
0.0724556893
0.0295786951
0.4693910480
0.1189794317
0.0057891160
0.1381258965
0.0046197213
0.0354569703
0.0226887912
0.0084483232
0.0305528827
0.0097238813
0.0396548100
0.0073055560
0.0562240370
0.0328482613
0.0037449491
0.0195375104
0.0590094961
0.0543691888
0.0188682713
0.0132262371
0.7709035873
0.0270261802
0.0432167985
0.0392928794
0.0066851638
0.0715168566
0.0908116996
0.0153766340
0.2585206926
0.0146091487
0.0139973760
0.0056007309
0.0138219101
0.3403187692
0.0083200019
0.0067876149
0.0191484243
0.1361246854
0.0336010605
0.0326612666
0.0044346717
0.0029327541
0.0230310336
0.0773417056
0.0181946829
0.0492397659
0.8882559538
0.0439958833
0.0628219396
0.6350442767
0.0826096684
0.0509578735
0.0352168642
0.0033355781
0.1402948052
0.0052668359
0.0142909717
0.0153124239
0.0042194100
0.0035302178
0.0738880411
0.0076273577
0.0567508452
0.0110100657
0.0125492224
0.0295049064
0.0621286817
0.0491733514
0.9184309244
0.0053636488
0.0570948794
0.0534767471
0.0253839009
0.0491977260
0.0702665225
0.0427735113
0.0523147844
0.0117110917
0.0078876205
0.0687611848
0.0469088815
0.0202771947
0.0093913274
0.0037239399
0.0490336567
0.0206088442
0.0078579960
0.0040684608
0.0513271913
0.0718275160
0.0102488212
0.0054702079
0.0112496531
0.0251412373
0.0129918028
0.0089630969
0.0037441291
0.0702483803
0.0146403778
0.0303568095
0.6873074174
0.6487343907
0.0687601343
0.0198022518
0.0456818864
0.0310416948
0.0262320619
0.0074642207
0.0065082898
0.0215787701
0.0180180669
0.1151769310
0.0585938916
0.1331105679
0.0595301166
0.0036774538
0.0129022738
0.0621305555
0.0612862967
0.0339483097
0.0241248477
0.0306343809
0.0088956580
0.3450980783
0.0100013027
0.0039091264
0.0043071704
0.0083991457
0.0071387584
0.0182777625
0.0415686183
0.0338456258
0.0665375888
0.0052143456
0.0254745856
0.0314925425
0.3957493305
0.0142189534
0.0646174103
0.0112286257
0.0088421637
0.0250001214
0.0712110475
0.0430882573
0.0032763169
0.0137977982
0.0131396065
0.0029323697
0.4408741891
0.0183646120
0.2950224578
0.0117802918
0.2161979079
0.0226884037
0.0064064539
0.0203207042
0.0239994880
0.0363923796
0.0106647536
0.0237525441
0.0032679671
0.0390690826
0.2134343386
0.0410356149
0.0031420016
0.0036854243
0.0061992682
0.0367808640
0.0386321470
0.0094477488
0.0101570450
0.7740208507
0.7563366294
0.0406884328
0.0686343387
0.0985712111
0.0098918099
0.0566668734
0.8967781663
0.4762883484
0.0051921401
0.0049775867
0.0252513159
0.0345771126
0.0704020634
0.0187181327
0.0213219821
0.0157428924
0.0336877629
0.0059699533
0.0540217124
0.7473809123
0.0047859512
0.0074983016
0.0836221725
0.1609219313
0.0058963853
0.0566933267
0.1655614525
0.0224539228
0.6842578650
0.0043761767
0.0442252979
0.0060033035
0.0273077898
0.0039448556
0.0230146889
0.0202719364
0.0606687628
0.0459598862
0.0281760581
0.0097087575
0.0202031210
0.0280857570
0.1492547393
0.1585872173
0.0640836507
0.0387028381
0.8784360290
0.0465391390
0.2375382930
0.0032691497
0.4460108578
0.0529656559
0.0604632385
0.0096588386
0.0103096012
0.0050704409
0.0462073311
0.0369296782
0.9004268646
0.0092980908
0.0133981444
0.0194722228
0.0198589712
0.1473717391
0.0730309784
0.0685423762
0.0069904872
0.0680127591
0.0499812849
0.2852360904
0.4872845411
0.0504858717
0.0091215475
0.0221702345
0.0232602116
0.0032275855
0.0031192887
0.2157092988
0.0064048264
0.0293801483
0.0031897763
0.0080812871
0.0533434674
0.0167520400
0.0030279232
0.0034506288
0.0033461368
0.0106691029
0.0046921107
0.0096477093
0.0159723740
0.0278615337
0.0291024223
0.1154914498
0.2830147147
0.0629579350
0.0378772020
0.0262077600
0.0044851368
0.0586986430
0.0989848599
0.0593477525
0.0666440204
0.0647743195
0.0610104129
0.0038405079
0.0434609726
0.0150261559
0.0209714435
0.0035887095
0.0052770162
0.0334467702
0.5629501343
0.5615692735
0.0047403146
0.8359146714
0.0030178081
0.1752135605
0.1155473366
0.0047005634
0.0260039773
0.0031384013
0.0136882942
0.0076972046
0.0547025092
0.0413261503
0.0283896383
0.1321487278
0.1447828859
0.1356470436
0.0031913966
0.0048574163
0.0623433106
0.0295007396
0.0332263038
0.0620804876
0.0563644990
0.0062138038
0.0473571494
0.0080681825
0.0068469783
0.0760191754
0.0280114859
0.0035208752
0.0246678758
0.0262355320
0.0092170462
0.0316775776
0.0146721648
0.0298755635
0.0531409159
0.1617676914
0.0710986555
0.0046511111
0.0116639612
0.0504918732
0.0672593191
0.0073657744
0.0098486720
0.0066222060
0.0707508773
0.0189645160
0.0339883938
0.0583172217
0.0075270790
0.0545622222
0.0164838061
0.0119263567
0.0100335544
0.0876175314
0.0100264316
0.1108524278
0.0404178053
0.0031002085
0.0092550041
0.0251019038
0.0053202827
0.0324715152
0.0690873414
0.0151466429
0.0093435692
0.0040947027
0.0526883751
0.0264022574
0.0572844930
0.0283259675
0.0053475066
0.0042023025
0.5736675858
0.0083352299
0.0615823492
0.0815808699
0.9664195180
0.0207973681
0.7859352827
0.0718998909
0.0156332031
0.0593318194
0.0096793491
0.0141643006
0.0208000392
0.0617832951
0.0561631434
0.0254319329
0.0267578699
0.9886476398
0.0740247145
0.0037519145
0.1472210288
0.0790074021
0.0157018229
0.0167210754
0.0308281295
0.0243590288
0.0097117014
0.0033934710
0.3829807341
0.0135526825
0.0093376599
0.0403142162
0.0109713506
0.0704493523
0.0704147816
0.0149917826
0.0182976723
0.2239630073
0.3239186704
0.0036628672
0.0419993550
0.0096790539
0.0711971894
0.0529810414
0.0662206188
0.0344002806
0.0156429168
0.0050182585
0.0690825731
0.0125735179
0.0585392453
0.0224742498
0.0443864167
0.0216049757
0.0168700460
0.0373480171
0.0122430837
0.0456169881
0.0144460928
0.0585510284
0.0643629432
0.0653090104
0.0169107467
0.0148948971
0.0343932472
0.0425154231
0.0955225751
0.0339126848
0.0357100479
0.0026002377
0.0440186486
0.3029485941
0.0248852409
0.0174805745
0.0185158160
0.0079757078
0.0271178391
0.0065272264
0.9507541656
0.4429737926
0.0483083539
0.3096676171
0.0552994944
0.0704334751
0.0322330818
0.0296360869
0.0097472798
0.0901871771
0.1191928536
0.0183369219
0.0195182487
0.1036343127
0.0586846359
0.0346053354
0.0440699160
0.3013951182
0.0371085927
0.0699892044
0.0230265576
0.0101495134
0.0168744233
0.0181543715
0.0411628634
0.7436010242
0.0175774284
0.0587905906
0.0345131680
0.0407521762
0.0202239268
0.2615764737
0.3188046515
0.0358926132
0.0628500730
0.0206548311
0.0054383762
0.0031585041
0.0133504225
0.0561495274
0.0031337715
0.0285914857
0.1470543742
0.0437728465
0.0375061817
0.0163809098
0.0080335699
0.0163567364
0.0312698781
0.0028322884
0.0179831944
0.0030798591
0.0182859115
0.8348566294
0.0428321175
0.0044278470
0.0295898281
0.0070585744
0.9484595060
0.0142891398
0.0053047566
0.1247645840
0.0357668698
0.0181418490
0.0128099862
0.0088821901
0.0091359923
0.0527384244
0.0082261600
0.0036447770
0.0661300942
0.0499392934
0.2006276101
0.0058335955
0.0426076762
0.0541701093
0.0298706498
0.0339072384
0.0151219191
0.3339531720
0.0048990143
0.0155019518
0.0160599705
0.0125374515
0.0038961628
0.0118776150
0.0681218654
0.0338417217
0.0518617295
0.0408211388
0.0167716201
0.0651837140
0.0123902373
0.0035604583
0.0034622734
0.0379023738
0.0205499679
0.7771973610
0.0488516204
0.0097505590
0.0042255628
0.0433704183
0.5927652717
0.0411552750
0.0099474583
0.0583763644
0.0783597231
0.7291513681
0.0269556101
0.0900267661
0.0427958630
0.0170955937
0.7564606071
0.0274300296
0.0038750467
0.0078134714
0.0123003889
0.0137349190
0.8963056803
0.0164789110
0.0123244599
0.0071941996
0.1605799049
0.0642892495
0.0696482882
0.0106785521
0.0143563701
0.0460003577
0.0135982390
0.0577029735
0.0158321448
0.0109181060
0.0195180029
0.0202125628
0.0293693170
0.0291526187
0.0521934405
0.0045112814
0.0478880331
0.0114493044
0.0259986389
0.0723806247
0.0258015804
0.0206374843
0.0430458151
0.1211012304
0.0276390184
0.0456851982
0.0575408004
0.0053386367
0.0518273637
0.0059595415
0.0432441309
0.3366352618
0.0423158184
0.0324013829
0.0428184941
0.0284529813
0.0143379848
0.0083047273
0.0096029444
0.0443265997
0.0296347216
0.0041919001
0.0030550719
0.0690575838
0.0917856619
0.0407329872
0.0755546167
0.9019122124
0.0404222421
0.0601719171
0.2943888605
0.0141188791
0.0492794625
0.0669690371
0.0329787768
0.0451460965
0.0143194022
0.0145772658
0.0073868418
0.0080843866
0.0206310581
0.0641880557
0.0710940585
0.0423508212
0.0424847454
0.0357479826
0.0034030897
0.0034482463
0.0219600406
0.0242639463
0.0213671997
0.0506999195
0.1430079490
0.0525797494
0.0245031789
0.0029272586
0.0356131867
0.2160239965
0.0327348150
0.0033430881
0.0101277716
0.0115612969
0.0366071910
0.0728033334
0.1115740687
0.0138241267
0.0428283624
0.0032239778
0.0267123785
0.0166544933
0.0153374793
0.0870119631
0.0630783290
0.0664714947
0.0968804732
0.0046662153
0.0562388524
0.8112291694
0.0156614482
0.0101204934
0.0778467134
0.6637354493
0.5662181377
0.0209822431
0.0128886281
0.4860356450
0.0714760795
0.0061429483
0.0135601880
0.9202920794
0.0688988641
0.0631117970
0.0809608474
0.0083241239
0.0329628848
0.0435444713
0.0060986807
0.0526314378
0.0326946527
0.0392219350
0.0380683616
0.0214361809
0.0059301918
0.0335734971
0.0200880393
0.0564588569
0.0145145375
0.0134781878
0.0522493869
0.0030358634
0.0079493551
0.0530270785
0.0550638810
0.0221691467
0.2266077399
0.0055120718
0.0594821796
0.0085278274
0.0293358266
0.0591670498
0.0255486555
0.0496423915
0.0412780978
0.0569587536
0.0317922495
0.0094144568
0.0388446599
0.0205179136
0.0276146755
0.0143973054
0.1146158725
0.0323434584
0.1499847025
0.0121372491
0.0206417739
0.0345407575
0.0238689445
0.0338772461
0.0049296971
0.0111493059
0.0293857995
0.0401788019
0.7597916126
0.0633518845
0.0225317031
0.0106384372
0.0293573588
0.0144835049
0.0209098868
0.0246696733
0.0204360355
0.0231007896
0.0029819263
0.0108167306
0.0394256450
0.4160248041
0.0592181459
0.0157390628
0.0344286859
0.0274389479
0.0037506516
0.9571282864
0.1004991829
0.0480512828
0.6505995393
0.9639695883
0.0052412543
0.0210531317
0.0064805932
0.0438988432
0.0084761344
0.0189750846
0.0393371657
0.0152922124
0.0309975278
0.0246109236
0.0750304013
0.0204593781
0.8244981170
0.0288625062
0.0173714533
0.0257848222
0.0032638360
0.0488130413
0.0890636966
0.0522097498
0.0102768708
0.0311483946
0.0421167873
0.8131301999
0.0543099269
0.0669976100
0.0033611071
0.0266724490
0.0147036426
0.0327925533
0.0683658123
0.0055851317
0.0145468544
0.0718206316
0.0096263345
0.0695046932
0.0045987237
0.3730038702
0.0305674076
0.0445902534
0.0099329036
0.0262291841
0.0494691953
0.0037547310
0.0767052844
0.0130680343
0.0885185301
0.0170075782
0.0537336320
0.0523946993
0.0064032762
0.0381011181
0.0093049202
0.0646352619
0.0047763269
0.0098993862
0.0719770417
0.0182372313
0.0173426084
0.0263468158
0.0154856462
0.0294738822
0.0506010950
0.0213370454
0.5728677511
0.0468810014
0.0309877936
0.0450396016
0.0392556451
0.0435736105
0.0489427224
0.0344355255
0.0229011029
0.0042559649
0.0396369696
0.0469273776
0.0538466051
0.0537833907
0.0302297398
0.8463262320
0.2660207748
0.0119638983
1.0156981945
0.0055554560
0.0084162271
0.0623130165
0.0043291850
0.0406400338
0.0140984068
0.0083399946
0.0392678268
0.0056850603
0.2507450581
0.0105993291
0.1104150116
0.0044449992
0.3784468174
0.0479259863
0.7088036537
0.0263516437
0.0239260532
0.0114703262
0.0305774137
0.0394061431
0.0371726938
0.0691369176
0.0340613313
0.1390349269
0.0617937334
0.0453720279
0.0608747378
0.0170641225
0.0035063119
0.0037891981
0.0036925024
0.7367904782
0.0317658260
0.0033111842
0.0137505857
0.7344542742
0.0032572953
0.0263884943
0.0612305291
0.0246564411
0.5061607957
0.0031994076
0.0039360030
0.0416909680
0.0073929173
0.0665890425
0.3912842274
0.0494708233
0.0045580310
0.0102351820
0.0663933679
0.0409262143
0.0256521888
0.0143444696
0.0554117709
0.8492272496
0.4967127144
0.0360928737
0.0118247997
0.0048344550
0.0415477231
0.1096312180
0.0128425425
0.0046663843
0.0533473417
0.0079019247
0.0301124454
0.0487221926
0.0271218363
0.0054448624
0.0074261618
0.0085018771
0.0681040287
0.1436882168
0.0389548615
0.0491461940
0.0410351790
0.0315068737
0.0035199432
0.0330147520
0.0610765293
0.0267822985
0.0710867792
0.1011528149
0.0336712897
0.7285003066
0.0414106771
0.9027103186
0.0057368972
0.7129493952
0.0372067839
0.0093258275
0.0123680485
0.2251068056
0.0451077856
0.0327823274
0.0062009823
0.0454474166
0.0387937836
0.0721936151
0.0601456091
0.0158841144
0.0909392163
0.0118000759
0.0125732422
0.0073858071
0.0443965979
0.7226759195
0.0483638495
0.0328930281
0.0622709878
0.0252098143
0.0429508872
0.0724430084
0.0642632917
0.0064765913
0.7235436440
0.0260406900
0.0477478877
0.0256136358
0.0073730163
0.3731451929
0.0043990207
0.0033749505
0.8967383504
0.0463604294
0.6752690673
0.0707623661
0.0705404580
0.0091171358
0.0318733118
0.7160131335
0.0313333236
0.0102506047
0.0546773821
0.0643500611
0.0031311051
0.1709694415
0.0355089642
0.0656864569
0.0127494447
0.0552544147
0.0353487320
0.0215542652
0.0035774345
0.1052268520
0.0042280476
0.0080468720
0.0755407959
0.0470435582
0.0698541477
0.0570869483
0.0038612869
0.2068224251
0.0048515690
0.0315975472
0.0057070572
0.0732372180
0.0249729529
0.0410995483
0.0448825546
0.0627890825
0.0042346148
0.0034941658
0.0652584210
0.0141903413
0.0355290920
0.0468410775
0.0429860987
0.0217792057
0.0268795136
0.6736423969
0.0319480672
0.0043106466
0.0647744760
0.0467653126
0.0435101613
0.0365380906
0.0257494263
0.0125343148
0.0426354147
0.8847425580
0.0061942432
0.0200509634
0.0301935729
0.0037323239
0.4278781414
0.0479398333
0.0322532207
0.0214156862
0.0229612626
0.0400303043
0.6761439443
0.0792730898
0.0061096302
0.0465336591
0.0722836107
0.0497615784
0.0668892339
0.0052455273
0.0040597939
0.7643461227
0.0405873619
0.0565338582
0.0311234444
0.0508112386
0.0686060041
0.0191155449
0.0435556918
0.0350560583
0.0076270937
0.0556775518
0.0242722984
0.0448304266
0.0510683879
0.0204056576
0.0112391002
0.0395274572
0.0434501506
0.0068155518
0.0245088264
0.4508923292
0.0186641123
0.3950382471
0.0071785552
0.0083063329
0.0204801708
0.0116019938
0.0263152532
0.6742742062
0.0045398520
0.0300360564
0.0132289464
0.0183648486
0.0617372207
0.0068569193
0.0049302485
0.0539989881
0.0049388479
0.0045592273
0.8171289563
0.0104909800
0.0076594930
0.0564676262
0.0110389246
0.0629548505
0.0318291001
0.0308737308
0.0076020090
0.0045654848
0.0085381018
0.0082920920
0.0189166032
0.3739337921
0.0179094784
0.4141979814
0.1068409458
0.0624355860
0.0601201244
0.0078753270
0.0289606731
0.0119192880
0.0590776429
0.0106104836
0.0168071575
0.0156696253
0.0622728057
0.0466882885
0.0337776467
0.0094313091
0.0261788648
0.0765070617
0.8719938993
0.0188335553
0.0519774333
0.0709651485
0.0420658551
0.0726518407
0.7190175056
0.0162368491
0.0152085740
0.0658078864
0.3846652508
0.0040347823
0.0724040270
0.0412751660
0.0405273363
0.0031071685
0.0525836758
0.8930193782
0.5997369289
0.0466874614
0.9239537120
0.0056155417
0.0588339753
0.0081578987
0.0337112620
0.0483623520
0.9530676603
0.8406376839
0.0063551990
0.7195049524
0.9288213849
0.0074901185
0.0261982158
0.0288728457
0.0727990866
0.0034948259
0.0367252268
0.0032014837
0.0039267875
0.0217975788
0.0754280314
0.0512578152
0.0356406309
0.6036202312
0.4918328524
0.0415332280
0.0128405662
0.0475932956
0.0296497848
0.0384473950
0.0391001403
0.0617264546
0.0031274585
0.1139489338
0.0060580573
0.0374298543
0.0039718561
0.0110127926
0.0157792009
0.0136388177
0.1776407957
0.0642217919
0.0276714377
0.0473310985
0.0234597586
0.0065412251
0.0295885019
0.0712335482
0.0358953960
0.0332439989
0.0091489209
0.0539875254
0.0122773005
0.0362127237
0.0922494382
0.0206326991
0.0322965980
0.0088046389
0.2826781273
0.5061308146
0.4375695884
0.0290975999
0.0058531542
0.0050644944
0.0196912289
0.0098045832
0.0220092852
0.0353293419
0.0195170958
0.0051211873
0.0911653936
0.0031749951
0.6914378405
0.0128185106
0.0056875050
0.0030338573
0.0645499155
0.0681138113
0.0105171511
0.0088888276
0.0698100924
0.8057888746
0.0207065921
0.0156731158
0.0085717384
0.0605074912
0.0096309436
0.0064358725
0.8728190064
0.0259861778
0.0341635272
0.0151331872
0.0647500232
0.0613724403
0.8856100440
0.0083367275
0.0517636314
0.7295950055
0.0285222344
0.0058632139
0.0039275489
0.0070660985
0.0603380762
0.0626213700
0.5531606674
0.5425337553
0.0425872914
0.0170541406
0.0083329976
0.0641921908
0.0123574594
0.6869568229
0.0036041476
0.0290208738
0.0168437175
0.0223346408
0.3326596916
0.0095615583
0.0080272481
0.0920570642
0.0099229543
0.0509373546
0.0726455301
0.0398480892
0.0417929590
0.0189711247
0.0231033526
0.0105692958
0.0376216434
0.4715439975
0.0220607184
0.0424257480
0.0165104419
0.0424837954
0.8198326826
0.0040318430
0.0393439680
0.0456695221
0.0515373386
0.0054519800
0.0364161767
0.8624773622
0.8302409053
0.0302303191
0.0837214515
0.8478220105
0.0103663132
0.0672337487
0.0608281940
0.0054830536
0.0286338720
0.0212967321
0.0363525674
0.0038376621
0.8055087924
0.0613175146
0.0294608139
0.5258911252
0.0384580977
0.6342542171
0.7071930766
0.3701673448
0.0659762248
0.0653597116
0.0703726485
0.0149843320
0.2021470517
0.0623505302
0.0392757282
0.0319899805
0.0296978727
0.0194916613
0.0148528321
0.0383058004
0.0279975832
0.0163779408
0.0106570693
0.0111717759
0.1667563319
0.0180847198
0.7350169420
0.0309067443
0.0199544095
0.0104307542
0.0559362993
0.0722592622
0.0336080380
0.0085925283
0.8379176259
0.0092070680
0.0556493998
0.0231298711
0.0301991366
0.0030256135
0.0659813657
0.0141938953
0.0066576079
0.0078084758
0.0106052347
0.0092938123
0.0653537735
0.0724371821
0.8094897270
0.0170365814
0.0319961570
0.0042870245
0.0619678386
0.9777595401
0.0051403856
0.0065363087
0.8670642376
0.4373573959
0.5936881304
0.0330760665
0.0187497884
0.0211222172
0.0254520364
0.0028832636
0.0059400597
0.0081854286
0.0100553827
0.1770721674
0.5722988844
0.0458780117
0.0387269109
0.0117370216
0.0197124239
0.1038767695
0.7854950428
0.0034119964
0.0084288167
0.0046701026
0.6305174232
0.0063921669
0.0621888898
0.0390034877
0.8846313953
0.0480445959
0.0159065723
0.0709077790
0.2453217655
0.0140406955
0.0303164311
0.0078965053
0.0714420751
0.0647154748
0.0094526950
0.0861110091
0.0251849201
0.1314829141
1.0174636841
0.0117839966
0.0282724872
0.0057898145
0.0070153936
0.7009862661
0.0341809690
1.0100060701
0.0175864361
0.0228484590
0.0504350252
0.0615457371
0.0105415937
0.0120179998
0.0350695997
0.8948854208
0.0680613890
0.0354086161
0.0155812558
0.0216467455
0.0581842102
0.0388059951
0.0172360614
0.0101599162
0.0172490198
0.0133687947
0.0439407080
0.0058291345
0.0560617670
0.0367882848
0.0226576105
0.0201530997
0.0323052071
0.0706622154
0.0049981470
0.0671919882
0.2478343248
0.0341198035
0.0563120022
0.0425543748
0.0666946098
0.0050937324
0.0058599799
0.0098058050
0.0169491731
0.0257585235
0.0433558039
0.1369885206
0.0232831128
0.0068807593
0.0275368169
0.0113165695
0.0038868135
0.0206582155
0.0140336687
0.0102894045
0.0077828499
0.0461058430
0.0666627362
0.0487164296
0.0133310100
0.0454543084
0.0029625390
0.0051429542
0.0588806570
0.0595719591
0.0342129953
0.0050069569
0.2532218695
0.0193784013
0.0142452056
0.3986909091
0.9068880677
0.0129141770
0.0084456922
0.0101686949
0.6455941796
0.0127941547
0.0069365231
0.0247544385
0.9831759334
0.0637447312
0.0099473177
0.0481701791
0.0045547849
1.0165735483
0.0542070270
0.0200996194
0.1294965744
0.0096500413
0.0468624346
0.8851947784
0.0725417286
0.8499782085
0.9004386663
0.0394586213
0.5844190717
0.0488981418
0.0269249249
0.0079343449
0.0317787752
0.7560237646
0.0060506826
0.0086314576
0.0333262645
0.0296695773
0.8814411759
0.0333511569
0.0054442566
0.0410277247
0.0046900408
0.0043812906
0.0059218220
0.0317629576
0.0073258020
0.0828834102
0.0049256193
0.0153540391
0.0082665440
0.0318713486
0.0090702046
0.0635096952
0.0057962798
0.0453238599
0.7164359689
0.0498899519
0.0109682260
0.0767912865
0.0452022739
0.0197345465
0.0251936093
0.0164466109
0.0193321835
0.0149582587
0.0199175365
0.0196272563
0.4521442056
0.0106679425
0.0098878248
0.0046936204
0.0312600359
0.0647929758
0.0135267461
0.0058050738
0.0153444987
0.0264920257
0.0082609011
1.1033120155
0.0037818335
0.0038350415
0.6718686223
0.9087727666
0.0512897633
0.0032993038
0.0677272156
0.0365664922
0.0428594761
0.0039370181
0.0239531528
0.0052881548
0.0601456240
0.0044401279
0.0308162961
0.0388076082
0.0169145297
0.0470304042
0.0038467061
0.0199113972
0.0093001844
0.0052144481
0.0044280100
0.0546509661
0.0032194371
0.0679950044
0.0593312196
0.2175534517
0.0350941196
0.0297581777
0.0646193475
0.0245100837
0.0248423219
0.0121085374
0.0061475122
0.0337450989
0.1508236974
0.3500521779
0.0090849083
0.0220706966
0.0504504964
0.0284447577
0.0065959627
0.0342308246
0.0196435899
0.0057810559
0.0054006386
0.0075071719
0.9218168855
0.0659119785
0.0041115810
0.6684787869
0.0133502940
0.0264386348
0.0038421862
0.0069384142
0.0287182741
0.0480281599
0.0205483083
0.0263365880
0.0469871648
0.0030179233
0.0074069463
0.0227172412
0.0557509549
0.9437436461
0.7160921693
0.0143788746
0.0345185772
0.0408769064
0.0036535119
0.0527820364
0.0037965167
0.0600245185
0.0126261637
0.0492973439
0.0183070805
0.7369159460
0.0111849466
0.6987746358
0.2761389911
0.0126059614
0.0200182218
0.0136564868
0.0450112149
0.0294544101
0.0342614092
0.0216799602
0.3056931198
0.0183609724
0.0569557808
0.0041702464
0.0236767232
0.0180331543
0.0035228671
0.0290575642
0.0203039329
0.2215914726
0.0250902604
0.0355516337
0.0244478546
0.7727791667
0.0347874016
0.0441575274
0.0420100912
0.0062867878
0.0242142864
0.0087057073
0.0059284037
0.0406192727
0.0417525321
0.0204181056
0.0227520596
0.8872805238
0.0212730765
0.0720275864
0.0033697644
0.8615633845
0.0679296181
0.0087940404
0.6923027039
0.0064826244
0.0277918335
0.7733502984
1.0694257021
0.3828965724
0.7475771904
0.0042081987
0.9684067369
0.1447484791
0.0093847243
0.0049118400
0.0326413624
0.0093565611
0.0684861243
0.0546758734
0.0102660581
0.0246795006
0.0197422225
0.0518961921
0.0100549143
0.0129153831
0.0034057382
0.4910731018
0.3521936536
0.0505424440
0.1044848934
0.0072773919
0.0508420356
0.0698506236
0.0400367714
0.0097801602
0.0130578699
0.0188426021
0.0172724165
0.0150494678
0.0168981794
0.0129197175
0.0289520100
0.0115714557
0.8531743884
0.0631520301
0.0420137569
0.0108735524
0.0067943931
0.0039506070
0.0147097372
0.0491473787
0.0089919139
0.7242738008
0.4074591100
0.0556497276
0.0412440486
0.0098169157
0.8709293604
0.0563451946
0.0060500796
0.0055107987
0.0038125194
0.0089981174
0.6052594185
0.0108675668
0.0294887759
0.0079768123
0.0547694974
0.0207923837
0.0573395342
0.5332577825
0.5576916933
0.0105476668
0.0667000860
0.0052450038
0.0515226051
0.0109064300
0.0056312284
0.0322988071
0.0104931658
0.0173456129
0.0293701123
0.0071722837
0.0559696965
0.2280343175
0.0615737140
0.0615416728
0.0029548192
0.0305704977
0.8625294566
0.5304833055
0.0057132253
0.0139285019
0.5512638092
0.0094240541
0.1007166728
0.0051655155
0.0112815248
0.8121006489
0.0063198679
0.0417134501
0.0108719291
0.0210402440
0.0542559586
0.0054079900
0.0036515116
0.0293736327
0.3988611698
0.0125456154
0.0147847375
0.0062787663
0.0083048949
0.2257692516
0.0664153695
0.0508386604
0.0074718911
0.0373169929
0.6813963652
0.0457837507
0.0222103242
0.0321980640
0.0627493933
0.0052859457
0.6302471161
0.0029401404
0.9241061807
0.0354435556
0.0565475747
0.0119103193
0.0717404932
0.0093189897
0.7284281254
0.0028846632
0.0030862179
0.0110762091
0.0500673726
0.0222072341
0.7117127180
0.7973577976
0.0067210873
0.7292306423
0.0037277972
0.0314412005
0.0104029970
0.0408562310
0.2458166778
0.9440544844
0.0077600582
0.0180528369
0.0312153157
0.9640074372
0.9040302634
0.0136639820
0.7661288977
0.0039574169
0.0185939670
0.1338809580
0.0327573456
0.0404431075
0.0119818579
0.0473462939
0.0123819020
0.8058295250
0.0754253715
0.0223983303
0.0227431059
0.0110199805
0.0709084645
0.0309872963
0.0108842533
0.0660351813
0.0228689983
0.0118763242
0.0695687160
0.0727477074
0.0690939799
0.0814244598
0.0197440274
0.7326973081
0.0101406490
0.0232967567
0.6548660994
0.0086618448
0.2649089694
0.1106071025
0.0640074685
0.7588160038
0.5779415369
0.9781274796
0.0032115043
0.0085269194
0.0308095645
0.0033702247
0.0205494799
0.0069738487
0.0212931093
0.0328544118
0.0256461333
0.7004604936
0.8208426237
0.0117925145
0.0148773380
0.0060945703
0.0541097224
0.7614703774
0.0167606361
0.0047878758
0.0150716566
0.0193904862
0.0378848203
0.0551793352
0.0045555248
0.0173345674
0.0199461002
0.1911211908
0.0296556931
0.0462474301
0.0177463498
0.0039084153
0.0177636854
0.0098685930
0.0298861973
0.0630576164
0.0306166280
0.7315124869
0.0460617207
0.0099604251
0.0927987024
0.0275855251
0.4169873297
0.0509880371
0.0182914268
0.0213994738
0.0181138776
0.0731272772
0.0222021937
0.0103579164
0.0150819737
0.0467054434
0.0288460366
0.0114997821
0.0032168955
0.0282382369
0.0063936762
0.1278009564
0.0384997949
0.0137344636
0.8359978199
0.3868502975
0.0343292989
0.0034974224
0.2240604758
0.0227852836
0.0103803696
0.0455373116
0.0485753082
0.0594885163
0.0451618731
0.4727910161
0.0607101209
0.0361885540
0.0241814908
0.8616431952
0.0409897454
0.9227802753
0.0198949166
0.0029290365
0.0281006061
0.0237916876
0.0263548139
0.0601963140
0.0117817456
0.0521598533
0.5851736665
0.0139914667
0.0592397079
0.0218220539
0.0052301688
0.9022655487
0.0398036465
0.0036532176
0.0700909197
0.0282796714
0.0346608125
0.8684226274
0.0193891395
0.0066669285
0.0202552620
0.0944721550
0.0627022907
0.0392705761
0.0300642885
0.4564593136
0.0074094301
0.0225549545
0.0582205020
0.0124853710
0.0255316123
0.0049532335
0.0403492153
0.0229126960
0.0055651451
0.0081333788
0.0058551109
0.0448312722
0.0112607069
0.0237043090
0.1458168179
0.0100778155
0.0478562154
0.0436163060
0.0362114757
0.4741331637
0.0406071395
0.7575688958
0.0080283089
0.0143875116
0.0040289522
0.8028561473
0.7299173474
0.0285224486
0.6612108946
0.0029840893
0.0251031723
0.0687859505
0.1227993891
0.0087370127
0.0462476760
0.0704795942
0.0271292590
0.0345041454
0.0150427101
0.0055919234
0.0198875275
1.0259249210
0.0524498783
0.0497586280
0.0151854036
0.0037204835
0.0140720820
0.0210802890
0.0461416319
0.0055674445
0.8215714693
0.7814959884
0.0576422140
0.8866418600
0.0290519893
0.0493523479
0.7574482560
0.0595680326
0.0103051877
0.0097192088
0.0417674780
0.0278232209
0.0248601120
0.0604256652
0.0147741949
0.0332083330
0.9315814972
0.0189867895
0.0705942586
0.0168252271
0.0359676406
0.0073306649
0.0248297490
0.0078234393
0.0392068550
0.0060183960
0.1134549007
0.0037553990
0.0363892689
0.0274535567
0.0710671693
0.0672947913
0.0845844671
0.0151262814
0.0772018433
0.0538440868
0.0490901060
0.0134174963
0.0115493536
0.0058789970
0.0052441694
0.0469241291
0.0197692495
0.3435589969
0.0433571339
0.0333371535
0.0107650505
0.0303673409
0.0056074006
0.0199224483
0.0036626956
0.0052889395
0.9858273268
0.0068282862
0.8384750485
0.0665952042
0.0664322227
0.0152144376
0.0187902283
0.8369402885
0.0456587598
0.8951484561
0.0056493608
0.0099586798
0.6329331398
0.0181802493
0.0408538282
0.7949687243
0.0123216351
0.0399401300
0.0032894074
0.1368382573
0.0267584641
0.1764474958
0.0637347996
0.0432461165
0.0118514001
0.0179169215
0.0110375108
0.0462688319
0.0541051216
0.0071936720
0.0079968711
0.0077687567
0.8310551047
0.0138123408
0.7640379071
0.0441335998
0.0440500826
0.4578176737
0.0067382450
0.0471658856
0.2986488044
0.0201256145
0.0093357647
0.0521737300
0.0084381159
0.1340660900
0.4317895472
0.0406240039
0.0049364357
0.0149345649
0.0092397081
0.0597580001
0.0032471258
0.0086846380
0.0038766707
0.0555718765
0.0997241512
0.0098427543
0.0260488037
0.0469171628
0.0632137582
0.7186874151
0.0095388964
0.0090471059
0.0185917653
0.0314897373
0.0501891077
0.0217999853
0.0658255741
0.0089907087
0.0082221357
0.0551860109
0.1253293306
0.0177752487
0.0557064675
0.0188842267
0.0503357202
0.0079815965
0.0046438975
0.0388507582
0.0067160795
0.0073531489
0.0108020334
0.0052814027
0.0055575101
0.0145673193
0.0105988104
0.2277475744
0.2838284373
0.1722264141
0.0478340201
0.0350007378
0.0135246962
0.1714013517
0.0591764450
0.7555710673
0.0047223917
0.0039062260
0.0041371495
0.0520619787
0.0931881443
0.0280167628
0.0045786859
0.0126484539
0.3069332540
0.0700979382
0.0036638419
0.0072135394
0.0093676085
0.0715498179
0.0168433506
0.0525860563
0.5365821719
0.0677228197
0.7307536602
0.7421947718
0.0661953762
0.0196459778
0.0268384311
0.0063048992
0.6085023284
0.7197269201
0.0130931213
0.0689880177
0.0554145947
0.0200704206
0.9373898506
0.0295625106
0.2847091258
0.2838672996
0.0187017713
0.0519589707
0.0040706582
0.6607322097
0.0115962829
0.9683023691
0.0034617558
0.0836744905
0.0643696785
0.0282470156
0.0140863340
0.8655291796
0.0173597317
0.0177446697
0.6747732162
0.0150393527
0.1735113710
0.0623511933
0.0352999009
0.0056371186
0.4814916551
0.0802742094
0.0047313697
0.0046177213
0.0120337717
0.3379035294
0.4522315264
0.0627930909
0.0352097936
0.0185226165
0.0534626134
0.0691193640
0.0538820550
0.0044764066
0.0249558929
0.0054723993
0.0044641988
0.0318836123
0.0362447202
0.9144397974
0.3026597500
0.0161097068
0.0037891991
0.0694618970
0.0641808957
0.1050468311
0.0277666878
0.0118220225
0.0375202969
0.6521217823
0.0387871228
0.0259219240
0.0040934393
0.0076234052
0.0046107466
0.0409713611
0.0102587780
0.0701334104
0.0209345799
0.7598115802
0.0186783243
0.0345228016
0.0255755335
0.0318443738
0.9760791063
0.0589609072
0.0663039833
0.0052600447
0.6494036913
0.1079657152
0.0328928269
0.0032971671
0.4123714864
0.0148842093
0.0611849092
0.0208883658
0.0169865452
0.0537938215
0.0532842726
0.0346266627
0.0324062072
0.3161355853
0.0101716705
0.5479749441
0.0094398959
0.4303817153
0.0415125862
0.0087206531
0.0074353591
0.0083479499
0.0103499545
0.0074052676
0.0046107485
0.1605186760
0.0774127021
0.0466144606
0.0380226523
0.0102944095
0.0131862080
0.6824650764
0.0147749614
0.0043020016
0.0046920935
0.0067645865
0.0695789605
0.0158125386
0.0194784235
0.3542358279
0.0330585875
0.0113021964
0.0255613215
0.0903130248
0.0543673225
0.0100274766
0.0348803923
0.0368822031
0.6534658074
0.0382184424
0.0105208037
0.0262263883
0.1639543772
0.0370653421
0.0059276251
0.0149679566
0.0348995589
0.0425539166
0.0308494009
0.0140108950
0.0279714186
0.0146133248
0.0530876629
0.0081308605
0.0099025182
0.0583783872
0.0707487911
0.0209883731
0.0311872400
0.3188309968
0.0086649703
0.0424179062
0.0053235344
0.0307231657
0.0029031376
0.1671999842
0.0289052352
0.4515045583
0.0517219417
0.0084185917
0.1221281365
0.0154240746
0.0248636510
0.0140931681
0.0601327606
0.1247921735
0.0223163106
0.6737294197
0.3094273210
0.0343382172
0.0195695031
0.0794726610
0.1096318066
0.0088944426
0.0106631527
0.0553197302
0.0402683020
0.0179009177
0.1998115778
0.0271812938
0.0515282117
0.1284210980
0.0251511093
0.0284862220
0.0293111689
0.7984156609
0.0342225917
0.0627320111
0.7964344025
0.0470890738
0.0300531723
0.2096928507
0.0164308343
0.0507224649
0.0123972204
0.0450310223
0.0066922409
0.5103321671
0.0665359646
0.0408007242
0.0481499843
0.8632772565
0.0061351773
0.0047759274
0.0616043359
0.0633933768
0.0359907933
0.0199705325
0.0294880364
0.0219852347
0.2460820228
0.0035811341
0.0443232767
0.0089585502
0.0063845855
0.0050004749
0.0044933558
0.8684008121
0.0107351318
0.0421673767
0.0164141655
0.0091859205
0.0597013980
0.1698628217
0.0210400932
0.3339588642
0.0329850465
0.3620432615
0.0221511256
0.0110528152
0.0187114999
0.0427875593
0.0047424305
0.0125320842
0.0622827820
0.0115657840
0.0112751592
0.0122649418
0.3118995726
0.0074057663
0.0050870385
0.7924447656
0.0534543842
0.0408580489
0.0034981277
0.0252390224
0.5378830433
0.0047865552
0.2383323163
0.0432815365
0.0032038237
0.1458828896
0.0620637611
0.0440405719
0.0034842899
0.0072600329
0.0576221310
0.0423025303
0.0161457453
0.8238806725
0.0770752877
0.0970968902
0.0062751267
0.9676576257
0.0095426179
0.2779636681
0.3033717275
0.0381474495
0.1766216904
0.0569026731
0.0065914658
0.1195448115
0.0345243700
0.0217242390
0.1220305637
0.0229476262
0.0033182276
0.0653611422
0.0059151039
0.0184298772
0.0432209633
0.0231779534
0.2791528106
0.0590377375
0.0147997048
0.0729019046
0.0517602637
0.0046646004
0.0139875133
0.0671475455
0.0547258332
0.0459738225
0.0573423170
0.0567297935
0.0529194735
0.0184003245
0.0040613464
0.0385505781
0.0106542148
0.0649734363
0.0529634990
0.0122720674
0.0754712969
0.0111871976
0.0420045219
0.0334418453
0.0037151545
0.0181273222
0.0399252363
0.0411900431
0.0558685958
0.0418824069
0.0239115153
0.0597625859
0.0050437124
0.0746426508
0.0058080517
0.0178313311
0.0379954353
0.0053210175
0.0629754737
0.0097303661
0.0341737010
0.0409296602
0.0080478108
0.0210862830
0.0739762038
0.0177937057
0.7719407082
0.5406731963
0.7125859261
0.0073514101
0.0088734571
0.0474660620
0.0144385230
0.1903018653
0.1172207221
0.9199641347
0.0271791499
0.0340596549
0.0488932282
0.0058752201
0.0037151782
0.3104323745
0.7670935988
0.1516039521
0.3499191701
0.0106553892
0.0336427018
0.0084417509
0.8358756900
0.0038287514
0.0521753207
0.0083676595
0.7290689349
0.0220283736
0.0201779976
0.0081474585
0.0094339792
0.8614590764
0.0379479527
0.0374735147
0.0246131830
0.0058121919
0.0030723237
0.0112114064
0.0206886828
0.0141036389
0.1163915247
0.0378031693
0.0122666461
0.0120422971
0.0476519242
0.0358444676
0.0077115786
0.0523398966
0.0810294449
0.0587306395
0.0220348276
0.0428897180
0.0807446390
0.0229080264
0.0477654450
0.0131873013
0.8157276511
0.4563412666
0.6281542182
0.0237884782
0.0045111883
0.7581591010
0.5230194926
0.0282933395
0.0592238940
0.0090976283
0.0028560928
0.1327899992
0.0304920003
0.7091754079
0.0636733696
0.0103603471
0.9838981628
0.7078185678
0.0047561959
0.9107912779
0.0055080731
0.8458235264
0.0091241086
0.0630234182
0.0048192297
0.0123114446
0.0382692628
0.7536320686
0.0656190962
0.0081631122
0.1366729289
0.0073077818
0.0033357125
0.0082320152
0.0277819280
0.0132467244
0.0309592262
0.4159935713
0.0133876204
0.0132972104
0.0640516952
0.0461237803
0.0165326968
0.0091465963
0.0157633685
0.0167495757
0.0299387034
0.0237799510
0.0116482237
0.0461851619
0.0355353951
0.0392246023
0.0057930322
0.0081157461
0.0683096722
0.0214138720
0.0184610542
0.0686960295
0.0300191641
0.1144175008
0.0175806377
0.0739733428
0.4664208591
0.0204529576
0.0056081461
0.6130545139
0.0608189814
0.0424117632
0.0147570800
0.0920131877
0.0675711706
0.0032421872
0.0384462848
0.2907164693
0.4925257564
0.0665866584
0.0144251641
0.4238593280
0.1755262613
0.0448712148
0.0438843705
0.0582130849
0.0055547613
0.0474109054
0.0031915091
0.0673458427
0.0142888017
0.0310688131
0.0126598785
0.0590695478
0.0186794978
0.0070701395
0.0315629132
0.0161387064
0.0322683975
0.0513162911
0.0062602651
0.0085723354
0.0072444016
0.0153428623
0.0122839669
0.0685806870
0.0365526862
0.0264083091
0.0213752948
0.0432472713
0.1138121262
0.0128556350
0.0034801092
0.0629486367
0.3590847552
0.4154110849
0.0371935219
0.0453033447
0.0421338752
0.0426081680
0.0713712797
0.0833181739
0.0372967646
0.0031836096
0.0038870263
0.0327229835
0.0661397353
0.0039708507
0.0450148322
0.0292764492
0.0639341325
0.0223211516
0.8214443326
0.0107757095
0.0328464732
0.8247762918
0.0072560357
0.0630685166
0.0087108901
0.0126527995
0.0166063104
0.0435644425
0.6696903110
0.0067175892
0.0037794029
0.0474370308
0.8083884120
0.0034304971
0.0393945351
0.0584729984
0.0093576312
0.0344475880
0.0367766842
0.4988694787
0.0059383856
0.0038989608
0.0642646104
0.0154501358
0.9065012932
0.0032315862
0.0583286211
0.0564674921
0.0424750783
0.0790273324
0.0211426709
0.0177823994
0.0594821647
0.0036900744
0.0283349082
0.0251258649
0.8469421268
0.0056223576
0.0381330028
0.0058117807
0.0032665578
0.0143384598
0.0580959544
0.0159918964
0.0240942910
0.0249653943
0.0219089985
0.0314591937
0.0206165873
0.0087506948
0.1024851575
0.0548673756
0.0052100215
0.0416290425
0.0065947599
0.0125323143
0.0337989628
0.0594502538
0.0655484423
0.1968987286
0.0876772627
0.0089824190
0.0475708693
0.0060770237
0.0293649305
0.0065948991
0.0104212826
0.0204747915
0.0436061919
0.0458630472
0.0077398727
0.0302567407
0.0069663450
0.0493714735
0.0083285132
0.8644155264
0.0068228208
0.0355313011
0.0216351841
0.0101770181
0.0254720710
0.0114101795
0.0516258590
0.0084113674
0.0495374203
0.0113624139
0.0480422564
0.0364416055
0.0143830143
0.0036193356
0.0512520298
0.0239568669
0.0541306324
0.0479830056
0.0195163749
0.0069400808
0.0621353611
0.0656124949
0.0306443889
0.0030543779
0.0447345860
0.0462358147
0.1565958411
0.8017684817
0.0266053751
0.0472584926
0.0448027141
0.0408761278
0.0059543708
0.0244642571
0.0325400867
0.0763511509
0.0737896487
0.0328880325
0.0342185237
0.0468606874
0.0039349399
0.0061640888
0.0145981414
0.0066138795
0.5274021029
0.0177759323
0.0118919276
0.1031318530
0.0523553602
0.0248544496
0.0039322074
0.0189268179
0.0068495679
0.0110271806
0.0247408785
0.0502600968
0.0266191047
0.0714771152
0.0345272273
0.0120917764
0.0674491152
0.0068617612
0.0285297539
0.0598478243
0.0331697837
0.0323824622
0.0123705128
0.0121329930
0.0055163084
0.0709852427
0.0079189911
0.0603412092
0.0087488750
0.7380754948
0.0211083964
0.0966955498
0.0201187003
0.0052704518
0.0029430187
0.0170792844
0.0298777912
0.1040828228
0.0047872397
0.0034568259
0.0188682396
0.0050887647
0.0417168140
0.0491658598
0.0645347759
0.0298055615
0.0672960058
0.0198869947
0.0364439413
0.0268318951
0.0089476686
0.0488267839
0.0336430818
0.0435695872
0.0129375765
0.2511422932
0.0519129895
0.0671295002
0.0332635418
0.0538861454
0.0431999937
0.0132867331
0.0931555182
0.0449470952
0.0517986380
0.0117453616
0.0148187177
0.0278811734
0.0129967462
0.0057408134
0.0057914900
0.0246009398
0.0135378521
0.0187502131
0.0451792218
0.0150289172
0.0036308633
0.0123904906
0.8758333325
0.0478023961
0.0513531901
0.0347312428
0.0545575507
0.0074456665
0.0718976259
0.8814726472
0.0155577054
0.0062716929
0.0655597746
0.0046100449
0.0052182982
0.7769707441
0.1805795580
0.0273703504
0.0038882408
0.0097719086
0.0468267687
0.4928978086
0.0449236184
0.0070126145
0.0221446548
0.0344579481
0.0206601452
0.0650722682
0.0299542286
0.0334615633
0.0437980331
0.0154385371
0.0075287763
0.0298421811
0.0147159109
0.0113325492
0.0161280036
0.1040407941
0.0498608090
0.0363408066
0.0079501979
0.0695215687
0.0351770371
0.1594446003
0.0406565629
0.0625125691
0.0493568704
0.0274245292
0.0127317701
0.0735719651
0.0501843169
0.0755980015
0.0356399380
0.0447652526
0.0480644256
0.0347491764
0.0058112261
0.0220366139
0.6611917615
0.0340757705
0.1015228853
0.0188823212
0.0230847597
0.0300845262
0.0473025478
0.0600382537
0.0445884317
0.0368484594
0.0165556204
0.0355266705
0.0187118556
0.0243910924
0.0249696374
0.0330453068
0.0172470473
0.0355347432
0.4402794242
0.0212123021
0.0096882442
0.0323753990
0.0543818921
0.0510829389
0.0646540076
0.0614649281
0.0136849154
0.1465975195
0.0086619863
0.0059826248
0.0276511945
0.0543595664
0.2299858183
0.0277794115
0.0593911000
0.0033516756
0.1937091202
0.0434925519
0.0572425760
0.0287825987
0.7036700845
0.0179020222
0.0125547200
0.1010820717
0.0040152608
0.0317786522
0.0216813311
0.0246214680
0.0553928465
0.1038979441
0.0605678000
0.0145893618
0.0147847496
0.0711553842
0.0078420397
0.0494532138
0.0075444411
0.0059565459
0.0144913718
0.0588401072
0.0064368197
0.0674207807
0.0148595329
0.0582675301
0.0189130213
0.0305555258
0.0046744607
0.0715798363
0.0601649843
0.5853609443
0.0597213209
0.0453370586
0.0569530874
0.0669408515
0.0051347781
0.7213587165
0.0153262205
0.0476642698
0.0145843150
0.0029874591
0.0396189168
0.0643512681
0.0447144024
0.0594111346
0.0057459488
0.0110527277
0.5299652219
0.0242873747
0.0069254003
0.0060280128
0.0036099558
0.0582010932
0.0103572477
0.0150322113
0.0187344719
0.0029354375
0.0031726221
0.0765549839
0.0506379195
0.0529914461
0.0085178092
0.0072196070
0.0050632865
0.0170921497
0.0062117106
0.0162563324
0.0078471471
0.0082810111
0.2553134561
0.0508031957
0.0062471898
0.0303923003
0.0399752110
0.2781651616
0.0320820995
0.0193621796
0.0144757265
0.0054183486
0.0043673813
0.0657239184
0.5795298815
0.0214447267
0.0230308045
0.0437797122
0.0051822369
0.0419706441
0.0476945154
0.0590818003
0.0401939191
0.0262123495
0.0203042850
0.7032557726
0.0549477302
0.0188637935
0.0111906193
0.7043926120
0.1189922765
0.0582554862
0.0117926886
0.7337490916
0.0067592212
0.6640401483
0.0282166246
0.0256859604
0.0328254998
0.0343381129
0.0437604487
0.0052433824
0.0357689336
0.0614772290
0.0490743890
0.0159008857
0.2044356912
0.0147079248
0.1003890261
0.0290999152
0.0690646172
0.0366200730
0.0629404709
0.0062456080
0.0327295363
0.0555765107
0.0673470125
0.7099860311
0.0531772003
0.0261538289
0.0118017951
0.0708969980
0.0321259573
0.0059119673
0.0122365952
0.0083880620
0.0190448761
0.0218922198
0.0737039968
0.0428126529
0.0567528717
0.0525563620
0.0102116112
0.0378247239
0.0323549025
0.0680828020
0.0728425831
0.0033382713
0.0893182531
0.1631608307
0.0461351089
0.0650748163
0.0317901112
0.0598858148
0.0392408222
0.0106164766
0.0375759453
0.0342336558
0.0233904310
0.2994343638
0.1223790348
0.0299952738
0.7860345244
0.0369937606
0.0060553551
0.0207476187
0.0044379216
0.0573370233
0.0357815102
0.0318234712
0.3724146783
0.0114033520
0.0782084316
0.0115358317
0.0469206162
0.0512434356
0.5961062908
0.0621220693
0.0290986225
0.0149641978
0.0073809149
0.0156658869
0.0227449704
0.0044254945
0.0187097341
0.1981876343
0.0074420972
0.0219862778
0.0278229211
0.0030256403
0.0575686954
0.0434121974
0.0293001030
0.0375922658
0.0122246984
0.0237993356
0.0235537589
0.0055889520
0.0322095938
0.0540239252
0.0477793887
0.0655858293
0.0150522385
0.1844909191
0.0130012082
0.6800094247
0.0230331253
0.0237922370
0.0438751541
0.0663270876
0.0259187166
0.1925537139
0.0789748803
0.0056574028
0.0336798579
0.0420249701
0.0454941802
0.0172827449
0.0646493286
0.0135620777
0.0161499102
0.0993496180
0.0323950797
0.0104220510
0.0539868139
0.0053805253
0.0230470300
0.0049675182
0.0107494416
0.0080412710
0.0457196608
0.0392810367
0.0337300040
0.0222270992
0.0100460993
0.0625179261
0.0538595505
0.2419155836
0.0101474654
0.0041716099
0.0588190295
0.0074871434
0.0289847963
0.0391971730
0.0036659013
0.0299134944
0.0087151509
0.8527257442
0.0349745825
0.9108875990
0.1469840407
0.0282690991
0.0254018866
0.0629986376
0.0675297976
0.0107819717
0.0410156995
0.2609214783
0.0127278334
0.0176443029
0.0480743721
0.0044735833
0.0077932491
0.0460951626
0.0638421997
0.0046655992
0.0066774394
0.0155164329
0.0462671071
0.0536131077
0.0189613216
0.1367127746
0.0285413228
0.0372009464
0.0653497949
0.0038691869
0.0626939461
0.0154219428
0.0207551308
0.0068057184
0.0049326834
0.0489453822
0.0303946212
0.0109032551
0.1209600121
0.0313861109
0.0272679459
0.0486101098
0.0246692970
0.0240115710
0.0522780679
0.0456681550
0.0448923856
0.0100330785
0.0227233768
0.0560188666
0.0320022851
0.0657328144
0.0226179697
0.0125560481
0.0058940207
0.1159124672
0.0291767772
0.0234185848
0.0640777573
0.0210471395
0.0482925475
0.1033613905
0.0066341688
0.0555344336
0.0267100465
0.0504247919
0.0408933647
0.0505329557
0.0173700135
0.0339297801
0.0833946392
0.1561612636
0.0056395028
0.0153893121
0.0651973784
0.0048170411
0.9379016757
0.0034052911
0.0312209427
0.0263501275
0.0071488018
0.0243695416
0.0038796773
0.0101845283
0.0051328847
0.0153711839
0.0411245786
0.2836943865
0.0416203886
0.0280502103
0.0722804517
0.0039366740
0.0155340051
0.7321634889
0.0117908567
0.0036697043
0.0057994956
0.0238142200
0.0304181147
0.0119668478
0.0031068609
0.0720196962
0.0065305382
0.0547444969
0.0376557410
0.0134988483
0.0090056108
0.0108354082
0.0164956264
0.0042446610
0.0370160826
0.0572420917
0.0052427268
0.0152633116
0.0457378253
0.0031383180
0.0397369675
0.0404427908
0.0640765354
0.0146303838
0.0125705525
0.0668681487
0.0617538430
0.6799004078
0.0684953853
0.0143475430
0.0605973639
0.0972381309
0.0045919018
0.1644171625
0.0044600130
0.0136248553
0.0681594759
0.0149196750
0.0090298830
0.0556984618
0.0083270557
0.0275328252
0.8926870227
0.3084096313
0.7550730705
0.0154356482
