0.0554604754
0.0259412434
0.0071424898
0.0184710789
0.0037251918
0.0473648980
0.0113961473
0.0325042792
0.0132057760
0.0564301051
0.0526708476
0.0519248769
0.0253143851
0.0056783240
0.0120174820
0.0638843253
0.0078941053
0.0295123123
0.0043946099
0.0042734495
0.0396548845
0.0178004373
0.0619386844
0.0356104970
0.0300571043
0.0464341342
0.0206956584
0.0308409035
0.0194859821
0.0658010989
0.0234076269
0.0311956145
0.0355770141
0.0471209697
0.0329721421
0.0317163281
0.0188257992
0.0125556635
0.0259957537
0.0078517450
0.0060963216
0.0397698246
0.0045233732
0.0365446135
0.0058218753
0.0074232277
0.0080661792
0.0132835526
0.0360513590
0.0156013127
0.0318360142
0.0074123424
0.0280975644
0.0408223346
0.0039693918
0.0398275144
0.0175911523
0.0080456370
0.0145893078
0.0192725416
0.0089161191
0.0533663668
0.0259271152
0.0257863104
0.0494749807
0.0057113781
0.0121220490
0.0450544916
0.0484822579
0.0034802817
0.0248374138
0.0112088826
0.0085502733
0.0258325990
0.0415439941
0.0155486958
0.0250875019
0.0179900005
0.0116744349
0.0388983153
0.0274357218
0.0400038920
0.0413125381
0.0645271167
0.0068112006
0.0229974147
0.0526585020
0.0073154317
0.0567232892
0.0515851788
0.0100728562
0.0156227574
0.0333981402
0.0068990956
0.7795804739
0.0544369221
0.0434406996
0.0307905283
0.0727294311
0.0279406402
0.0397510044
0.0277401973
0.0356008448
0.0266154353
0.0370285287
0.0211379360
0.0510412008
0.0381759964
0.0235044342
0.0564625524
0.0211338699
0.0269443132
0.0595957413
0.0035818669
0.0035361070
0.0514780954
0.0653350651
0.0372424349
0.0239302423
0.0682752207
0.0242741983
0.0160099827
0.0090565560
0.0081220791
0.0068438225
0.0573159568
0.0294554438
0.0064549414
0.0120509192
0.0180063527
0.0727069005
0.0061792796
0.0205311198
0.0390137732
0.0179729164
0.0167630706
0.0347501375
0.0356977619
0.0039883512
0.0657637939
0.0124850962
0.0224194005
0.0085697602
0.0479334109
0.0173669625
0.0451750457
0.0615585707
0.0264287330
0.0068483814
0.0576907359
0.0402637273
0.0579236560
0.0216463245
0.0693936273
0.0088017769
0.0141238198
0.0095901694
0.0040327343
0.0170649905
0.0680449158
0.0563028976
0.0319353007
0.0236949418
0.0028891922
0.0236570947
0.0160101540
0.0286203660
0.0506531522
0.0298129693
0.0218046345
0.0088600079
0.0046001771
0.0540344194
0.0342492647
0.0033930335
0.0284104366
0.0133307930
0.0036375625
0.0586043186
0.0075675184
0.0076142512
0.0069931629
0.0031490768
0.0227934550
0.0296752825
0.0581505112
0.0497740470
0.0241176076
0.0290889330
0.0039269044
0.0315970927
0.0264123585
0.0352956392
0.0061851949
0.0068206443
0.0034019565
0.8665450811
0.0720586926
0.0061737043
0.0469860286
0.0030667549
0.0302650332
0.0242504142
0.0367437378
0.0065533025
0.0456161015
0.0266171172
0.0124775534
0.0564568788
0.0059311264
0.0225559808
0.0395198651
0.0677659437
0.0049740220
0.0180446301
0.0572937317
0.0059889965
0.0124501837
0.0728622079
0.0140851559
0.0481913686
0.0413580500
0.0237296745
0.0534458794
0.0058043590
0.0451249778
0.0134840459
0.0036666209
0.0343614183
0.0569161028
0.0063715959
0.0185329206
0.0715937689
0.0317946188
0.0097732479
0.0493211523
0.0029602323
0.0135834068
0.0581349097
0.0059853494
0.0122382315
0.0155459521
0.0114453631
0.0438648015
0.0095126219
0.0730996430
0.0080037620
0.0041199764
0.0637254864
0.0578397177
0.0263573751
0.0051184469
0.0347787105
0.0065907682
0.0085736327
0.0681250393
0.0155657278
0.0033891017
0.0414492637
0.0226796269
0.0593222566
0.0358205587
0.0138387159
0.0394462384
0.0701484606
0.0173162296
0.0394595563
0.0287870895
0.0044061034
0.0070881331
0.0056469589
0.0457771309
0.0167390816
0.0222487692
0.0036553598
0.0235753618
0.0552089438
0.0055037229
0.0180741176
0.0156396013
0.0072365724
0.0510617681
0.0327738374
0.0711089224
0.0076156594
0.0602258779
0.0296414867
0.0044028950
0.0677014887
0.0685772225
0.0162227321
0.0098356996
0.0106117576
0.0348329134
0.0083550448
0.0179173127
0.0489100777
0.0528174862
0.0166967995
0.0047250516
0.0580131002
0.0035633156
0.0529961847
0.0308865309
0.0111231655
0.0436773412
0.0274580847
0.0191504806
0.0346189253
0.0636073872
0.0293720029
0.0051078093
0.0540365800
0.0126386099
0.0297699738
0.0038326078
0.0032376377
0.0064128558
0.0236247722
0.0332966521
0.0058858842
0.0469894931
0.0029943907
0.0133560179
0.0293839946
0.0435213745
0.0073487060
0.0162653346
0.0302702636
0.0252179690
0.0682350248
0.0544508323
0.0714800656
0.0297827255
0.0184253883
0.0039869407
0.0177456588
0.0063391179
0.0469981320
0.0075891041
0.0435806401
0.0265541002
0.0038584967
0.0143505596
0.0184380971
0.0469757058
0.0326282457
0.0429702476
0.0153596830
0.0057993964
0.0071178195
0.0628728122
0.0058004577
0.0077847932
0.0031283435
0.0231035501
0.0125916516
0.0032714882
0.0037016114
0.0642597899
0.0337388739
0.0499478355
0.0540061817
0.0412641391
0.0174762867
0.0200716928
0.0210652445
0.0415808111
0.0264232457
0.0674300417
0.0485723205
0.0435206443
0.0052178237
0.0141753275
0.0142098302
0.0217767395
0.0690545216
0.0284590274
0.0227766074
0.0120259905
0.0141984364
0.0080760429
0.0400362015
0.0097721759
0.0239405092
0.0032748012
0.0247768983
0.0638474897
0.0059248111
0.0155205466
0.0561988205
0.0638800636
0.0041186451
0.0134715969
0.0545623712
0.0416979603
0.0518493876
0.0361194611
0.0207931846
0.0079307491
0.0234063771
0.0100892056
0.0353072397
0.0567918755
0.0042566005
0.0382850394
0.0348483287
0.0665044636
0.0354666561
0.0211854614
0.0172858853
0.0039708056
0.0395314507
0.0326713175
0.0231935289
0.0051243594
0.0145163704
0.0455703475
0.0029168492
0.0561385974
0.0045324299
0.0057519660
0.0531931110
0.0092960605
0.0037913115
0.0709848776
0.0177050196
0.0546861850
0.0403687358
0.0136469482
0.0464899316
0.0097362343
0.0056141112
0.0146390535
0.0130815152
0.0353128910
0.0503049493
0.0610265881
0.0042536878
0.0240861699
0.0654281527
0.0100095822
0.0085770041
0.0092304870
0.0530276299
0.0522222593
0.0132655464
0.0079263607
0.0034149636
0.0660111234
0.0057907780
0.0247975346
0.0117182834
0.0243332051
0.0678199977
0.0065882755
0.0281061251
0.0238483362
0.0415795594
0.0360863879
0.0186096523
0.0654439479
0.0283726379
0.0269054491
0.0726124719
0.0088024298
0.0399782509
0.0293858610
0.0082502924
0.0295361653
0.0644303784
0.0205440335
0.0088996515
0.0034525378
0.0041219550
0.0298006833
0.0674629956
0.0689683259
0.0313027725
0.0260881353
0.0369398743
0.0358090661
0.0147794131
0.0498126633
0.0414636694
0.0269295946
0.0070395465
0.0258710030
0.0153362080
0.0035979177
0.0194231402
0.0433471389
0.0489795320
0.0146077713
0.0050112987
0.0348407067
0.0615316071
0.0514331236
0.0048815389
0.0180164333
0.0041653081
0.0424961485
0.0076708905
0.0103431130
0.0555402227
0.0062183244
0.0555800907
0.0324906521
0.0443242900
0.0036183565
0.0532892607
0.0551980399
0.0235164743
0.0209810492
0.0524801686
0.0038924082
0.0670624450
0.0125737032
0.0219372902
0.0033100485
0.0234833267
0.0226722993
0.0671231821
0.0109178936
0.0150340181
0.0111865858
0.0034335023
0.0238518175
0.0610246547
0.0186276622
0.0067739072
0.0090245334
0.0041490351
0.0347980782
0.0106007587
0.0268743876
0.0191261098
0.0184659436
0.0351195075
0.0072933300
0.0126457922
0.0056026401
0.0550560430
0.0420169868
0.0050413324
0.0618864112
0.0288667642
0.0184355453
0.0070352722
0.0336450711
0.0093231536
0.0601273477
0.0067037875
0.0135952886
0.0109718814
0.0055420883
0.0536102839
0.0266972966
0.0680142492
0.0249418393
0.0141247595
0.0181627683
0.0087972898
0.0424656719
0.0243164506
0.0234725866
0.0373971313
0.0289983284
0.0122411828
0.0490836054
0.0284486357
0.0251690689
0.0199134797
0.0202184580
0.0302237254
0.0118423896
0.0515109710
0.0108074686
0.0103108427
0.0413726419
0.0391796604
0.0166917276
0.0643120334
0.0123877879
0.0035452941
0.0524932742
0.0169546772
0.0731566921
0.0592641346
0.0370322727
0.0080130761
0.0427155048
0.0206315704
0.0114507023
0.0046424670
0.0373352543
0.0433829837
0.0342233106
0.0497118719
0.0346575156
0.0441534668
0.0258475076
0.0517599843
0.0386321023
0.0642874986
0.0146103585
0.0556461066
0.0049677971
0.0090444405
0.0272052996
0.0043883943
0.0194216855
0.0267589595
0.0465690121
0.0068249758
0.0064092372
0.0110081192
0.0031435261
0.0074586482
0.0377160683
0.0116684260
0.0575223006
0.0091622025
0.0133151114
0.0101149250
0.0134213511
0.0130739203
0.6597847939
0.0061848178
0.0250894055
0.0562870167
0.0036565994
0.0484870896
0.0557491854
0.0713123158
0.0711067542
0.0517965928
0.0499084294
0.0143270744
0.0508340709
0.0420338959
0.0235835258
0.8709651232
0.0375774242
0.0459646285
0.0060144421
0.0257221833
0.0036373676
0.0073725511
0.0340224169
0.0049973372
0.0079167206
0.0701523125
0.0113792559
0.0182245616
0.0096578775
0.0132049629
0.0226940997
0.0455695502
0.0214669351
0.0035584094
0.0125636403
0.0086882757
0.0381859392
0.0107872337
0.0142380297
0.0310964938
0.0437301435
0.0041609956
0.0170594100
0.0460982509
0.0036126156
0.0628499538
0.0310798362
0.0093362033
0.0099729216
0.0189251229
0.0100769214
0.0537310205
0.0241873544
0.0114491275
0.0035734794
0.0078147100
0.0670865849
0.0631872863
0.0208179969
0.0058917468
0.0343305953
0.0142093748
0.0241267625
0.0292252116
0.0029542579
0.0419839360
0.0126802549
0.0576503873
0.0040302803
0.0316085108
0.0288662259
0.0054663280
0.0142124528
0.0441037491
0.0184719656
0.0112743797
0.0049903691
0.0657653064
0.6892638206
0.0071651358
0.0093628159
0.0071996604
0.0164750870
0.0350559838
0.0029237033
0.0088658389
0.0286856163
0.0483221449
0.0079673836
0.0142734954
0.0220849384
0.0349871106
0.0599965751
0.0173149053
0.0409513749
0.0583010130
0.0067773536
0.0214330591
0.0157152191
0.0136209363
0.0549866334
0.0238451976
0.0469615944
0.0084553510
0.0208833460
0.0079081496
0.0238774922
0.0039952234
0.0201498810
0.0284954254
0.0185689162
0.0242821760
0.0055082603
0.0039865286
0.0499923341
0.0034268741
0.0503960736
0.0469610430
0.0339011773
0.0060122367
0.0114296116
0.0046356856
0.0089511499
0.0495868921
0.0031891391
0.0042049955
0.0048801629
0.0608669743
0.0687143505
0.0194627028
0.0346698835
0.0152947847
0.0425726138
0.8933909535
0.0044123288
0.0206678361
0.0093430132
0.0032301096
0.0131333154
0.0047561303
0.0062828208
0.0418731086
0.0070239226
0.0407456160
0.0075578699
0.0034129312
0.0217071157
0.0655971393
0.0082390085
0.0034237416
0.0167296808
0.0204507187
0.0030845203
0.0050077122
0.0172582921
0.0476717241
0.0115791177
0.0244048256
0.0107186539
0.0155569036
0.0328239352
0.0033575075
0.0032849228
0.0106022693
0.0158070326
0.0335258730
0.0473032705
0.0550525039
0.0087245721
0.0083802063
0.0065294895
0.0082806647
0.0180540290
0.3269293606
0.0058761509
0.0443985946
0.0717877150
0.0168186128
0.0693894401
0.0074652461
0.0062983935
0.0547694974
0.0053916732
0.0408640914
0.0175537076
0.0181079078
0.0713598803
0.0203206502
0.0140298586
0.0059706583
0.0717454925
0.0165544506
0.0556678511
0.0674104989
0.0651966855
0.0306423977
0.0162739325
0.0051565859
0.0074028596
0.0123297637
0.0637747124
0.0423168205
0.0440656096
0.0570521057
0.0036458613
0.0329028890
0.0034950534
0.0213147979
0.0330835991
0.0261701699
0.0483405702
0.0029618663
0.0032234790
0.0308591165
0.0125670442
0.0153198466
0.0245273542
0.0441417098
0.0338717438
0.0091078375
0.0238851737
0.0054250099
0.0644461811
0.0082225623
0.0085053463
0.0447176658
0.0061029405
0.0500528105
0.0434234366
0.0062600584
0.0040306835
0.0374211967
0.0385364778
0.0327119157
0.0033295087
0.0333416834
0.0054043694
0.0219530184
0.0067783222
0.0694985688
0.0343493968
0.4909665287
0.0155499913
0.0095857605
0.0204913225
0.0189612787
0.0330117531
0.0164697561
0.0522595420
0.0055720853
0.0163973290
0.0625654906
0.0493201427
0.0227946192
0.0047686249
0.0113748685
0.0057622367
0.0102889528
0.0093323756
0.0361311920
0.0605188981
0.0070546870
0.0647227317
0.0670814365
0.0213959571
0.0052598040
0.0164467711
0.0048505468
0.0606300570
0.0613873079
0.0084368065
0.0087944269
0.0090574929
0.0202463511
0.0046216603
0.0730735883
0.0308655910
0.0652912259
0.0668449402
0.0373741910
0.0399144366
0.0686755851
0.0499592610
0.0086243106
0.0644643232
0.0477111936
0.0232500695
0.0693600401
0.0326847360
0.0061585214
0.0121375900
0.0237443596
0.0136579722
0.0674423426
0.0359377936
0.0302422903
0.0332195759
0.0344715118
0.0625916794
0.0138176307
0.0116329994
0.0043335799
0.0374866016
0.0120123411
0.0076944060
0.0376316123
0.0530038141
0.0624883026
0.0433944538
0.0709950551
0.0079527218
0.0533860810
0.0264253002
0.0316933654
0.0042433180
0.0318951234
0.0043682363
0.0048753829
0.0069326754
0.0316790268
0.0486677103
0.0117134498
0.0267012548
0.0663655996
0.0558955856
0.0198410582
0.0102287587
0.0403128266
0.0283321291
0.0564025864
0.0465150513
0.0132128373
0.0371502079
0.0115953730
0.0149392933
0.0614013746
0.0660882965
0.0679063946
0.0661961660
0.0315340050
0.0036474443
0.0129274391
0.0270530507
0.0121028805
0.0220200978
0.0215492938
0.0034612957
0.0030948704
0.0058830474
0.0281995535
0.0144310296
0.0112527851
0.0067783743
0.0064670686
0.0041394103
0.0714493468
0.0144332917
0.0325311907
0.0453606024
0.0090923719
0.0637030005
0.0523013510
0.0256095249
0.0243279207
0.0526892319
0.0199395102
0.0050657592
0.0099596931
0.0535500273
0.0233443193
0.0152523331
0.0580958463
0.0642073154
0.0252948981
0.0219736341
0.0539590381
0.0417217538
0.0091941385
0.0256017111
0.0036062433
0.0181473549
0.0094928443
0.0356029570
0.0062279156
0.0474768281
0.0372519083
0.0571943447
0.0327687114
0.0106739849
0.0202196110
0.0436882563
0.0083475094
0.0500115901
0.0299368575
0.0536572114
0.0031856475
0.0208956916
0.0082757724
0.0077129439
0.0220963284
0.0095571578
0.0066316882
0.0534242429
0.0317793116
0.0717089772
0.0173579045
0.0093897004
0.0201476924
0.0235968735
0.0875443146
0.0259223301
0.0429784320
0.0198144224
0.0667897612
0.0062377164
0.0568696745
0.0203317348
0.0384163782
0.0235021189
0.9169459343
0.0132915005
0.0234407559
0.7412338853
0.0127423843
0.0486423559
0.0166784022
0.0418242663
0.0716613010
0.0622636378
0.0631183535
0.0314010680
0.0596895702
0.0149002736
0.0136399595
0.0298813563
0.0559009910
0.0660209805
0.0128965294
0.0087387115
0.0300081149
0.0043671727
0.0541406162
0.0126627907
0.0508659147
0.0704819039
0.0168480389
0.0052817184
0.0599589273
0.0231857095
0.0041760784
0.0296014473
0.0671638101
0.0129695293
0.0715128407
0.0408227704
0.0340714268
0.0149903661
0.0636158064
0.0067245276
0.0392719246
0.0100845946
0.0181509107
0.0172520634
0.0144718513
0.0181622412
0.0053216987
0.0085235946
0.0093087079
0.0393521935
0.0554364510
0.0580997914
0.0041997982
0.0539037213
0.0630401522
0.0442342758
0.0536306724
0.0232429709
0.0592905805
0.0273852237
0.0274715517
0.0178408232
0.0141675305
0.0452495068
0.0096387044
0.0391713865
0.0312650725
0.0361030176
0.0447091386
0.0152380066
0.0200932547
0.0427198075
0.0041857692
0.0467814431
0.0055274926
0.0345763862
0.0046468298
0.0475061499
0.0728201047
0.0662771985
0.0029201908
0.0597483926
0.0031275109
0.0219094120
0.0601340160
0.0096967593
0.0632165223
0.0078632561
0.0088195559
0.0308272950
0.0361479521
0.0291786436
0.0030194165
0.0206644777
0.0043249964
0.0149732912
0.0068562529
0.0598000512
0.0147682391
0.0038585558
0.0109753944
0.0055732769
0.0715057775
0.0042564683
0.0088008353
0.0387219042
0.0178708546
0.0416447185
0.0170380287
0.0511320084
0.0120487986
0.0579601713
0.0637154356
0.0183937792
0.0685024485
0.0155786648
0.0033273010
0.0051964317
0.0649722144
0.0045845308
0.0654209107
0.0184901487
0.0717229769
0.0132586295
0.0392746888
0.0093046473
0.0130851110
0.0127312224
0.0328116156
0.0290266145
0.0094042281
0.0525587313
0.0316479690
0.0130044101
0.0695682615
0.0186030045
0.0623510517
0.0036089835
0.0232926998
0.0566739067
0.0485775806
0.9943485856
0.0724456683
0.0295961164
0.0348917022
0.0247946437
0.0551363230
0.5918170810
0.0104847513
0.0095002986
0.0077739819
0.0394701026
0.0338635892
0.0418818891
0.0613628514
0.0064485683
0.0219474938
0.0135291610
0.0123570636
0.0042378050
0.0618456751
0.0330137983
0.0450997576
0.0527567789
0.0051721968
0.0175512582
0.0033748988
0.0455711447
0.0048137032
0.0102248201
0.0058269934
0.0106676994
0.0716606006
0.0265798103
0.0061275852
0.0162049513
0.0403560475
0.0166029911
0.0321391858
0.0575556345
0.0603467375
0.0559348091
0.0038861472
0.0318540372
0.0498029105
0.0078710131
0.0250947680
0.0057810787
0.0073005059
0.0198017061
0.0094380556
0.0543115065
0.0619978830
0.0233552884
0.0183933638
0.0075699156
0.0118853776
0.0612229705
0.0653922483
0.0067091770
0.0043113781
0.0035078423
0.0100063048
0.8590161204
0.0270943362
0.0114532011
0.0047546271
0.0196612943
0.0123984674
0.0481795780
0.0104436604
0.0837842971
0.9694656134
0.0058754617
0.0334651098
0.0046016457
0.0653354600
0.0403794535
0.0168285444
0.0217012987
0.0158747137
0.0080725402
0.0085366843
0.0047872248
0.0055868011
0.0040624551
0.0702138543
0.0110059725
0.0032590586
0.0404515229
0.0089022135
0.0413862094
0.0596048087
0.0069765099
0.0326104723
0.0114141377
0.0038978457
0.0040508620
0.0213095825
0.0219289027
0.0125430552
0.0058097672
0.0074206721
0.0399690270
0.0076072155
0.0541394912
0.0340846591
0.0056843148
0.0507524572
0.0121802334
0.0032240658
0.0233319644
0.0069789337
0.0688186437
0.0045442060
0.0101532629
0.0110123837
0.0070732976
0.0074861143
0.7411904931
0.0495709106
0.0175676774
0.0079288846
0.0367057025
0.0125927683
0.0150816878
0.0292126630
0.0199065730
0.0084042149
0.0240417887
0.0082423054
0.0030588969
0.0273003932
0.0328992344
0.0593033396
0.8606895208
0.0073242434
0.0040209214
0.0098339533
0.0039038807
0.0461591706
0.8313097358
0.0224330444
0.0225977134
0.0417256095
0.0632692948
0.0287769530
0.0119983023
0.0126871811
0.0464436300
0.0392769724
0.0287147164
0.0150513751
0.0398400724
0.0056506684
0.0039733197
0.0131071834
0.0227486268
0.0065836981
0.0491123050
0.0702977553
0.0063668913
0.0589308590
0.0158302393
0.0600742325
0.0496150479
0.0161520634
0.0425891653
0.0319215953
0.0058481051
0.0040082545
0.0277259983
0.0707726181
0.0051732580
0.0102254711
0.0052365498
0.0303829461
0.0050417376
0.0071989871
0.0240425356
0.0147849144
0.0380954891
0.0492834747
0.0057310169
0.0486709587
0.0032611932
0.0193329938
0.0046278117
0.0714361817
0.0029710003
0.0090722665
0.0033614845
0.0557838604
0.0301948227
0.0128792655
0.0191765614
0.0059904121
0.0247251540
0.0313623957
0.0104340874
0.0314211063
0.0118152890
0.0289627165
0.0121265640
0.0093687493
0.0399515964
0.0529393367
0.0042700437
0.0495639406
0.0416869633
0.0235682987
0.0035396328
0.0116081918
0.0141011039
0.0174755603
0.0424050614
0.0035839411
0.0254235882
0.0091798622
0.0440650396
0.0522328243
0.0551225878
0.0186196957
0.0327937230
0.0248761494
0.0226508621
0.0724765882
0.0114146713
0.0038394232
0.0177300535
0.0263205171
0.0465863384
0.0118416687
0.0195047501
0.0043119751
0.0546496212
0.0573926345
0.0209265966
0.0266117714
0.0029352931
0.0102817332
0.0638024658
0.0089053893
0.0180839151
0.0204528663
0.0064237514
0.9063113332
0.0099809142
0.0276789516
0.0172314066
0.0498235784
0.0376015157
0.0199407358
0.0050231898
0.0033495016
0.7893482447
0.0091959136
0.0234225150
0.0099543361
0.0148535063
0.0247090962
0.0653127134
0.0201778151
0.0493482314
0.0447804295
0.0208593402
0.0144395372
0.8193143010
0.0147067560
0.0578244589
0.0514246672
0.0724828839
0.0055323667
0.0367783643
0.0238730926
0.0344906300
0.0261442978
0.0229656734
0.0177770387
0.0042252108
0.0076108552
0.0084277531
0.0488004088
0.0028563850
0.0648420975
0.0082477182
0.0083875665
0.0236531086
0.0209235940
0.0718786344
0.8065754771
0.0398241468
0.0137086380
0.0246502273
0.0153937973
0.0291625001
0.0057055312
0.0387393236
0.0071325679
0.0212375186
0.0251163039
0.0184085593
0.0105997752
0.0170894992
0.0394974761
0.0605638325
0.0030881283
0.0072466880
0.0177178420
0.0154951196
0.0058933436
0.0631540194
0.0188717619
0.0535144471
0.0044579012
0.0087841414
0.0143521344
0.0286950078
0.0100890165
0.0227205232
0.0149805062
0.0127792601
0.0140165752
0.0059190155
0.0053600380
0.0138065573
0.0233720187
0.0245740879
0.0703599602
0.0312268622
0.0113970470
0.0079741264
0.0226736683
0.0464708209
0.0223063212
0.0269407295
0.0569586717
0.0045764525
0.0301957987
0.0096770748
0.0143881738
0.0245374050
0.0072757942
0.0063474197
0.0444916114
0.0168470237
0.0626005754
0.0274100769
0.0100366799
0.0060744737
0.0100713177
0.0377362929
0.0040054885
0.0580847040
0.0031660683
0.0636317879
0.0062513901
0.0426819921
0.0062859301
0.0165004041
0.0331185237
0.0063367370
0.0673243403
0.0415590703
0.0552295931
0.0157989673
0.0163455717
0.0099217836
0.0573514961
0.0261191931
0.0034724229
0.0115018794
0.0454570018
0.0035296308
0.0050203204
0.0340534188
0.0274676252
0.0287354738
0.0063673379
0.0414856859
0.0318729356
0.0727918446
0.0105565926
0.0301563554
0.0264289752
0.0430039093
0.0127979247
0.0029247196
0.0146484002
0.0689045265
0.0149334446
0.0558641776
0.0085774399
1.0383315086
0.0713686720
0.0577551313
0.0091402652
0.0575270131
0.0061986144
0.0465518609
0.0088605033
0.0276965518
0.0443587564
0.0285078418
0.0075983554
0.0258289278
0.0358371660
0.0353929140
0.0290674530
0.0622032583
0.0371833034
0.0046087289
0.0685055479
0.0580212250
0.0375266150
0.0054839035
0.0114323506
0.0037040473
0.0059703263
0.0151394373
0.0078380518
0.0029063066
0.0323497318
0.0225781351
0.0139109176
0.0341266170
0.0211656708
0.0178458095
0.2886386216
0.0519574210
0.5996990800
0.0042173630
0.0701360181
0.0045734812
0.0242980532
0.0611021183
0.0461802930
0.0653065369
0.0537786968
0.0594217815
0.0652992055
0.0332367308
0.0047261375
0.0227041468
0.0412358902
0.0289250109
0.0160248484
0.0334542915
0.0240876824
0.0151962619
0.0201533232
0.0268875379
0.0130603369
0.0038468754
0.0034121075
0.0129711712
0.0036490511
0.0490658209
0.0180535540
0.0218769535
0.0122098457
0.0085096853
0.0617538430
0.0188083649
0.0387693197
0.0179964527
0.0292677712
0.0066840374
0.0119031947
0.0497686267
0.0540465452
0.0037266638
0.0167434774
0.0355997346
0.0036138501
0.0373067632
0.0461932272
0.0141220391
0.0375662930
0.0195216294
0.0291096829
0.0332438834
0.0099335965
0.0121522089
0.0101259472
0.0354917273
0.0184744783
0.0548081920
0.0248170644
0.0152328927
0.0500568189
0.0185699742
0.0691308379
0.0488749370
0.0202927273
0.0035152035
0.0030018738
0.4220628738
0.0131216040
0.0353719443
0.0587680899
0.0374390148
0.0207948238
0.0032486648
0.0472498499
0.0548452027
0.0394951776
0.0496548451
0.0461055674
0.0206453335
0.0289896708
0.0054340200
0.0619997010
0.0080482755
0.0359408483
0.0055513834
0.0263337512
0.0264962856
0.0073819333
0.0034070921
0.0715948939
0.0182451326
0.0063235043
0.0086055882
0.0066603119
0.0314163603
0.0692956150
0.0537290759
0.0061231884
0.0231027994
0.0059572635
0.0510172248
0.0111905932
0.0343270749
0.0096475724
0.0078168875
0.0298050120
0.0475499518
0.0568974577
0.0036747183
0.0216267500
0.0163948610
0.0720091015
0.0365869068
0.0029956794
0.0656634942
0.0504187644
0.0233353581
0.0378894843
0.0063881613
0.0165186599
0.0029872695
0.0688552335
0.0041369903
0.0374889821
0.0172051992
0.8208646178
0.0073471861
0.0563177988
0.0724703223
0.0381992571
0.0073985681
0.0637165755
0.0109265344
0.0478610657
0.0135965785
0.0682883933
0.0615027919
0.0210407078
0.0033721782
0.0349128433
0.0112912655
0.0450256616
0.0058256150
0.0260541812
0.0338439047
0.0032861114
0.0034480293
0.0281729493
0.0547221191
0.0048574647
0.0418956429
0.0251791105
0.0396497063
0.0117247971
0.0050538345
0.0246268194
0.0086080078
0.0102234837
0.0329671539
0.0065855393
0.0454375446
0.0069588176
0.0583787113
0.0649714172
0.0242052339
0.0145630362
0.0333214365
0.0681137219
0.0096528549
0.0291559752
0.0218199715
0.0681586415
0.0077875908
0.0237175077
0.0503158718
0.0229419991
0.0075183064
0.0159998946
0.0596615449
0.0049774880
0.0152224768
0.0293545164
0.0140913147
0.0062120198
0.0041481168
0.0471769162
0.0089455061
0.0115577839
0.0081372969
0.0257769227
0.0617208779
0.0286848098
0.0036810138
0.0196327642
0.0147152338
0.0121209351
0.0402335189
0.0066067548
0.0644475296
0.0214509033
0.0153623587
0.0310040619
0.0619000830
0.0622800477
0.0308398027
0.0227343794
0.0036253494
0.0043554781
0.0149753559
0.0424627662
0.0567356423
0.0139977494
0.0042522158
0.0066586714
0.0674922615
0.0384632647
0.0235379674
0.0064519546
0.0042888266
0.0042256685
0.0048388168
0.0133425007
0.0277440455
0.0220776685
0.0031229060
0.0086867400
0.0120886201
0.0608034730
0.0039190147
0.0437615328
0.0619321503
0.0165191796
0.0249226056
0.0040835305
0.0107110431
0.0065819137
0.0183136463
0.0069001843
0.0122511704
0.0121680927
0.0265951231
0.0115821809
0.0140705407
0.0325344130
0.0194645822
0.2484642863
0.0030838428
0.0045049936
0.0672104806
0.0587997697
0.0398720130
0.0315786079
0.0341624692
0.0368247181
0.0273091085
0.0692626759
0.0457769595
0.0519475006
0.0443584323
0.0695482269
0.0301404614
0.0408269539
0.0578676388
0.0197737012
0.0234317239
0.0049314243
0.0247746371
0.0285922177
0.0056023560
0.7745800018
0.0666456148
0.0054673529
0.0685227588
0.0436676927
0.0048707724
0.0692571327
0.0530754402
0.0041033886
0.0075459718
0.0683770701
0.0260622613
0.0456320010
0.0068171849
0.0084232530
0.0370451994
0.0177304558
0.0151409907
0.0130087817
0.0284854136
0.0125461007
0.0173430610
0.0133956820
0.0088347578
0.0604118481
0.0068577551
0.0088304430
0.0165823493
0.0328644551
0.0489092655
0.0314259380
0.0503367819
0.0180027802
0.0148162991
0.0441636331
0.0691049621
0.0629154146
0.0165319834
0.0407016613
0.0054978160
0.0102971066
0.0352541246
0.0573387370
0.0063278275
0.0073647732
0.0294834711
0.0150384847
0.0313396975
0.0564775988
0.0310669895
0.0260845646
0.0200525187
0.0109991459
0.9163537621
0.0288473163
0.0510508940
0.0077889245
0.0436434932
0.0248570219
0.0116472011
0.0295335725
0.0208502077
0.0178929754
0.0714931786
0.0363429524
0.0579007044
0.0292242449
0.0690561906
0.9281807542
0.0233873278
0.0486542024
0.0592063405
0.0072812806
0.0410054177
0.0171501972
0.0759502798
0.0104711195
0.0125722904
0.0100885238
0.0190470051
0.0266406275
0.0358703658
0.0518445522
0.0153295007
0.0162188448
0.0289964899
0.0121234534
0.0046456121
0.0204954203
0.0131310048
0.0066222851
0.0231191609
0.0187023506
0.0515776165
0.0147872884
0.0121078640
0.0119218240
0.0177272893
0.0090614324
0.0049954541
0.0188532732
0.0191374626
0.0318798982
0.0265002456
0.0453285724
0.0231362395
0.0096236942
0.0104325656
0.0142903533
0.0050770920
0.0067297593
0.0092022996
0.0377960578
0.0137756178
0.0079632783
0.0068033468
0.0721517950
0.0778437331
0.0309604462
0.0428830497
0.0101632383
0.0120484354
0.0100123156
0.0061912793
0.0665304288
0.0057695634
0.0705872029
1.0455741882
0.0690318197
0.0352387540
0.0122622401
0.0126108807
0.0061965338
0.0054681711
0.0340161175
0.0119929081
0.0034204121
0.0279543810
0.0275968015
0.0476695225
0.0242375135
0.0140972538
0.0383406244
0.0495791882
0.0710858852
0.0144778555
0.0186667275
1.0141893625
0.0054685259
0.0054709953
0.0433652587
0.0192089640
0.0633862317
0.0158284493
0.0125972461
0.0219014678
0.0286436658
0.0114428252
0.0063045057
0.0043245922
0.0341524966
0.0168001354
0.0033151193
0.0302985180
0.0139834918
0.0142231341
0.0056685936
0.0467820428
0.0065166904
0.0108373305
0.0403811447
0.0593435057
0.0271943547
0.0093732430
0.0392331220
0.0104974462
0.8970542550
0.0694063753
0.0294423830
0.0185405668
0.3713485301
0.0234763697
0.0098299868
0.0118953073
0.0172024705
0.0252249520
0.0255667046
0.0035231828
0.0436657891
0.0376711749
0.0040054205
0.0595506020
0.0431518778
0.0339751020
0.0210408084
0.0036369790
0.0638356805
0.0159798749
0.0308362916
0.0109422309
0.0377026685
0.0417874381
0.0399043784
0.0545304306
0.0031585831
0.0652627647
0.0065415092
0.0113406535
0.0170367323
0.0716421753
0.0047003804
0.0126794297
0.0215164870
0.0439362340
0.0152215827
0.0081465859
0.0573559143
0.0426902846
0.0310439747
0.0050901482
0.0066224206
0.0038689554
0.0173296463
0.0513636060
0.0250626467
0.0144055551
0.0126245087
0.0033866193
0.0043259617
0.0567806587
0.0153494431
0.0101466477
0.0074287546
0.0337297507
0.0140689760
0.0214837082
0.0099757183
0.0256120525
0.0581369251
0.0321498848
0.0265033729
0.0090913521
0.0035036819
0.0423713289
0.0111538824
0.0090867514
0.0464026146
0.0054084389
0.0187694076
0.0684828013
0.0060257930
0.0504894331
0.0370595120
0.0145552270
0.0116615091
0.0050954893
0.0073813414
0.0563014038
0.0060754921
0.0098816119
0.0397573002
0.0034084930
0.0256340876
0.0629418269
0.0373256020
0.0327498503
0.0077783284
0.0034828447
0.0579729937
0.0717491135
0.0471719690
0.0562403426
0.0502208322
0.0308077764
0.0321050547
0.0171509981
0.0211801715
0.0040075826
0.0046324423
0.0056451992
0.0029775291
0.0046249148
0.0052782237
0.0351694450
0.0135733103
0.0299420096
0.0396816283
0.0281472504
0.0038070960
0.0057712509
0.0111191384
0.0667344183
0.0497255214
0.0227407292
0.0681818873
0.0583607368
0.0114707937
0.0346254483
0.0557194315
0.0453988388
0.0038515956
0.0049234922
0.0061907531
0.0035243127
0.0462700017
0.0030478255
0.0184760187
0.0488443859
0.0448566750
0.0108098490
0.0103630442
0.0065147537
0.0030844621
0.0391699709
0.0446134880
0.0088836234
0.0221407451
0.0083384337
0.0134827048
0.0036221452
0.0186645910
0.0711348951
0.8546350598
0.0252528135
0.0459878072
0.0240313169
0.0244430639
0.0283263773
0.0414487049
0.0098010674
0.0049091647
0.0076170154
0.0373174138
0.0146145755
0.0144407786
0.0707982406
0.0042389166
0.0052863955
0.0592478551
0.0310938619
0.0043567633
0.0080447784
0.0050778356
0.0196888782
0.0612844080
0.0430336706
0.0030845162
0.0030177250
0.0659842193
0.0559931695
0.0248941593
0.0182635896
0.0183662884
0.0032713762
0.0064261127
0.0123000350
0.0058943382
0.0031922760
0.0074739554
0.0064991359
0.0281135291
0.0132975001
0.0044738385
0.0235250220
0.0293484014
0.0537079759
0.0214845166
0.0196284261
0.0263259728
0.0368231386
0.0709097013
0.0120675610
0.0647790655
1.0385843515
0.0198568255
0.0647525042
0.0314614177
0.0080953119
0.0685813352
0.0207774863
0.0715518147
0.0579371154
0.0564963222
0.0455140248
0.0322605632
1.0468788147
0.0087957494
0.0706520304
0.0068281945
0.0449046977
0.0340177678
0.0120118381
0.0115786148
0.0052878750
0.0454861373
0.0040863757
0.0074286903
0.0466856845
0.0459239483
0.0336489826
0.0145351635
0.0336945206
0.0033244658
0.0139213735
0.0264496896
0.0454186536
0.0559470989
0.0218748301
0.0564455539
0.0105889961
0.0209938157
0.0080923932
0.0523071252
0.0058985204
0.0241138730
0.0710574463
0.0079506533
0.0668150857
0.0639743805
0.0077451044
0.0531487800
0.0054455679
0.0351908840
0.0168509968
0.0029216027
0.0063821729
0.7880885005
0.0290793441
0.0037093933
0.0524827838
0.0044833673
0.0213220734
0.0151448539
0.0033674573
0.0056571146
0.0286821593
0.0343603380
0.0036288672
0.0052307690
0.0211516190
0.0407801345
0.0668973178
0.0377692804
0.0364871919
0.0606483221
0.0312065110
0.0328157805
0.0246186312
0.0042872867
0.0336909108
0.0495632105
0.0375357345
0.0668773204
0.0182529874
0.0401205458
0.0636093169
0.0514551140
0.0200689994
0.0328225084
0.0514566600
0.0553648137
0.0105041591
0.0039644181
0.0699323416
0.0322830379
0.0609728992
0.0074073910
0.0497334376
0.0387534238
0.0056121126
0.0052837655
0.0720590353
0.0125879487
0.0690206140
0.0158985928
0.0031682600
0.0064530103
0.0196041502
0.0030911837
0.0085602179
0.0045178006
0.0048359898
0.0158104505
0.0705317184
0.0338797234
0.0097647915
0.0387184620
0.0133609446
0.0357700810
0.0080756331
0.0108465226
0.0230950620
0.0142825413
0.0057670912
0.0313463807
0.0722610131
0.0466051809
0.0377593003
0.0340934731
0.0488753244
0.0587307960
0.0717838407
0.0175277349
0.0426717289
0.0398094766
0.0046299738
0.0300541557
0.0402142890
0.0372553207
0.0052412478
0.0255774539
0.0065035713
0.0473576449
0.0123886755
0.0429944657
0.0130489981
0.0045912121
0.0472622961
0.0125605706
0.0391424894
0.0582546145
0.0084718214
0.0669730678
0.0045141927
0.0712996200
0.0034539420
0.0225404371
0.0400076061
0.0555403493
0.0387975015
0.0039729127
0.0125312340
0.0142468819
0.0083558010
0.0397759639
0.0317652971
0.0054812194
0.0175842047
0.0240142122
0.0063910456
0.0099715451
0.0187859870
0.0036693122
0.0706888437
0.0399995670
0.0331265703
0.0301891286
0.0093278280
0.0293354429
0.0518865101
0.0098851901
0.0031205746
0.0607922487
0.0555786639
0.0437998995
0.0057332153
0.0195444841
0.0156565830
0.0046904674
0.0576827973
0.8016174436
0.0495225936
0.0043180529
0.0086312182
0.0251469444
0.0355403535
0.0039900145
0.0445706211
0.0573810861
0.0230331551
0.0406127572
0.0500869267
0.0038992208
0.0222794898
0.0343441889
0.0477324612
0.0039041939
0.0069941608
0.0477589332
0.0591641515
0.0223096684
0.0398737006
0.0130641637
0.0259772856
0.0063845846
0.0130657852
0.0206729583
0.0309125725
0.0243898463
0.0134139592
0.0213459004
0.0323804691
0.0047070496
0.0202508029
0.0149675049
0.0517398603
0.0262974501
0.0058703888
0.0464723557
0.0075372648
0.0560280792
0.0055349879
0.0643865243
0.0569598526
0.0037778392
0.0427714363
0.0259236190
0.0079069911
0.0667681098
0.0464300439
0.0294856019
0.0246500596
0.0088043716
0.0318227075
0.0083152801
0.0147001026
0.0088891536
0.0567739457
0.0108837364
0.0505377762
0.0177982599
0.0634668544
0.0201563016
0.0228403602
0.0351147875
0.0704890788
0.5945926905
0.0594394170
0.0029120739
0.0437506624
0.0040534628
0.0386628173
0.0045903167
0.0436650924
0.0657619238
0.0560997427
0.0487691425
0.0266669225
0.0051710992
0.0427058637
0.0186631661
0.0634282380
0.0122515131
0.0139107043
0.0230807792
0.0076774061
0.0428699851
0.0080969753
0.0104095787
0.0426453874
0.0103294374
0.0457625724
0.0037204837
0.0059692566
0.0090895519
0.0128353946
0.0711447895
0.0323128141
0.0144680515
0.9629839659
0.9073216915
0.0604218356
0.0181639735
0.0172432736
0.0101561612
0.0513459668
0.0728073493
0.0222295951
0.0553221181
0.0031689070
0.0073684338
0.0235559512
0.0272118151
0.0504250005
0.0585870668
0.0328610577
0.0042675268
0.0263278019
0.0261786636
0.0216928199
0.0077014361
0.0176320467
0.0210974235
0.0264612380
0.0162685998
0.0137871178
0.4683665335
0.0049923509
0.0651964247
0.0339301787
0.0544468574
0.0100690722
0.0124536147
0.0233774539
0.0359213240
0.0078794239
0.0057269749
0.0167151988
0.0111173615
0.0665618330
0.0085290344
0.0185300522
0.0120269004
0.0070926482
0.0065215118
0.0062962649
0.0159820765
0.0641202182
0.0051197093
0.0099551463
0.0128459362
0.0122208688
0.0202533565
0.0453925282
0.0168009866
0.0035673927
0.0033373768
0.0490908399
0.0043885582
0.0280492511
0.0084355138
0.0033997032
0.0649110675
0.0155539885
0.0613759756
0.0094121676
0.0411761068
0.0363619924
0.0590417236
0.0037349148
0.0242308490
0.0049268398
0.0208569653
0.0322327353
0.0262120105
0.0157675222
0.0244901236
0.0382911116
0.0230795871
0.0084021296
0.0091146948
0.0203470737
0.0307652187
0.0397363491
0.0122751072
0.0129615990
0.0651602596
0.0081254784
0.0596895106
0.0398647115
0.0344899409
0.0103758043
0.0140847713
0.0139449714
0.7149255276
0.0127574792
0.0036747165
0.0057529914
0.0208931640
0.0057151462
0.0446781442
0.0406907536
0.0403104052
0.0366363265
0.0296389461
0.0112574082
0.0068758321
0.0197580699
0.0447010882
0.0118643055
0.0042168931
0.0092711383
0.0614197999
0.0341891274
0.0074572326
0.0518102273
0.0495806113
0.9592248201
0.0273031611
0.0494272038
0.6239870191
0.0599575676
0.0031860357
0.0239045247
0.0071903705
0.0385385640
0.0511038043
0.0120310774
0.0325900987
0.0538781583
0.0073407209
0.0624495111
0.0516931079
0.0156588890
0.0453643948
0.0170696229
0.0034024958
0.0427580290
0.0228986833
0.0334564969
0.0195696261
0.0465695374
0.0107340747
0.0101235434
0.0302114636
0.0349633209
0.0530588850
0.0246027205
0.0525970496
0.0061798389
0.0467366576
0.0462216027
0.0243196730
0.0160063524
0.0545812100
0.0036995444
0.0038653114
0.0083917473
0.0033913748
0.0049739666
0.0122109093
0.0168034695
0.0133216940
0.0383060537
0.0377850868
0.0365764052
0.0047325506
0.0400966965
0.0063490621
0.0063437973
0.0090459771
0.0268578585
0.0111696003
0.0155459866
0.0627472326
0.0053441604
0.0484971292
0.0058202720
0.0051499205
0.0679853112
0.0253152698
0.0248835273
0.0212040115
0.0439047553
0.0286906902
0.0037096294
0.0351186544
0.0036593406
0.0163324140
0.7966000438
0.0178892836
0.0179925058
0.0077970298
0.0100120082
0.0300559122
0.0176479798
0.0384822749
0.0232888870
0.0506492145
0.0066042594
0.0157516375
0.0236418918
0.0451125018
0.0065927110
0.0064519518
0.0156746432
0.0682640523
0.0368841998
0.0152028129
0.0096334405
0.0152128665
0.0284797959
0.0057630064
0.0711323842
0.0080621224
0.0617375635
0.0117426114
0.0488017462
0.0376100726
0.0176601689
0.0291529112
0.0363213196
0.0604372844
0.0056323372
0.0370473899
0.7690250278
0.0568800755
0.0286217704
0.0355816297
0.0321998075
0.0246527977
0.0166242588
0.0086828340
0.0030379719
0.0091882618
0.0274551101
0.0268180277
0.0424691401
0.0037759698
0.0101691298
0.0651531667
0.0084640514
0.0283432994
0.0512185842
0.0150864944
0.0304311682
0.0198010020
0.0043009170
0.0153764635
0.0386533067
0.0188429169
0.0318409726
0.0041110986
0.0677033886
0.0263668559
0.0262187626
0.0309102293
0.0190731231
0.0056745093
0.0196915194
0.0076750400
0.0685348064
0.0183971673
0.0040432788
0.0304339901
0.0082377838
0.0075507443
0.0683979541
0.0051353290
0.0370069295
0.0482427701
0.0367244519
0.0391546339
0.0408431850
0.0262309443
0.0545567572
0.0439570211
0.0031723722
0.0546102896
0.0468819961
0.0305348299
0.0501314551
0.0659846589
0.0142771369
0.0038890017
0.0284234732
0.0316168219
0.0328801386
0.0584040545
0.0499281287
0.0086912904
0.0333127007
0.0194316767
0.0335788876
0.0177012570
0.0048420196
0.0426322743
0.0453562289
0.0160641968
0.0542571060
0.0066231014
0.0129146436
0.0033747356
0.0323629901
0.0466209762
0.0039647976
0.0193982497
0.0208432823
0.0089667607
0.9219146371
0.0364413299
0.0170808770
0.0369287506
0.0228970945
0.0209722091
0.0079487469
0.0031964644
0.0423715562
0.0040236786
0.0029194506
0.0080575058
0.0462934226
0.0102966549
0.0339024104
0.0278686304
0.0076023047
0.0108601749
0.0495497435
0.0047673201
0.0133456243
0.0106653078
0.0043569226
0.0030626657
0.0129923243
0.0184513144
0.0729587972
0.0525293611
0.0479677357
0.0443058200
0.0051492904
0.0398464464
0.0062406189
0.0236223172
0.0364927761
0.0123931663
0.0429077223
0.0056752558
0.0499136224
0.0307372473
0.0044977632
0.6287497282
0.0380443484
0.0270761102
0.0059723323
0.0346330702
0.0029654852
0.0077563240
0.0484468602
0.0103869382
0.0224812627
0.0485309325
0.0180597063
0.0056831790
0.0066008549
0.6889513135
0.0294886194
0.0057210643
0.0331839733
0.0391457528
0.0104636839
0.0276025161
0.0475416183
0.0422866270
0.0636624545
0.0141295921
0.0051441807
0.0600280985
0.0036848518
0.0041203103
0.0205394719
0.0196999554
0.0192315057
0.0045721005
0.0064680940
0.0159580838
0.0524326339
0.0524378791
0.0723535791
0.0065483390
0.0203786567
0.0719227120
0.0065201712
0.0355196223
0.0194862038
0.0115081808
0.0080078552
0.0101168845
0.0084433062
0.0651058257
0.0172938425
0.0208165664
0.0659316257
0.0111388378
0.0046782750
0.0052895667
0.0122418031
0.0418752618
0.0051396620
0.0162769146
0.0082775457
0.0051881657
0.0575410910
0.0277570263
0.0179465059
0.0055892328
0.0520822257
0.0694867596
0.0349962711
0.0084198220
0.0292954072
0.0362048633
0.0531804003
0.8329409957
0.0601307116
0.0071780151
0.0644944385
0.0391028114
0.0164585337
0.0297318343
0.0635708049
0.0115846926
0.0053265635
0.0059377737
0.7703977823
0.0312105026
0.0569498651
0.0720921084
0.9361243844
0.0299137160
0.0175179616
0.0485113040
0.0304462202
0.0051349071
0.0060826871
0.0664166883
0.0072771478
0.0234141015
0.0063068415
0.0059306482
0.0204561725
0.0449177176
0.0209153220
0.0225515757
0.0585946999
0.0717734024
0.0220934264
0.0041312575
0.0032783563
0.0064653526
0.0106456680
0.0121813910
0.0404404998
0.0039238520
0.0040976498
0.0196606331
0.0699542090
0.0245151352
0.0660947561
0.0086938702
0.0509891436
0.0088673141
0.0049405536
0.0216883738
0.0283903107
0.0547257885
0.0126130171
0.0046679946
0.0152607244
0.0206358954
0.0067560407
0.0246360376
0.0444073863
0.0375538506
0.0198712144
0.0360953063
0.0037471754
0.0084566856
0.0688656867
0.0509862304
0.0687594488
0.0584425665
0.0352311023
0.0694638193
0.0396405384
0.0076486194
0.0038615654
0.0286022890
0.0120365666
0.0043465761
0.0495451503
0.0122545017
0.0067906198
0.0211400427
0.0046209591
0.0714515075
0.0116196079
0.0075159562
0.0058439183
0.0031141799
0.0253354665
0.0661865026
0.0255580135
0.0597340390
0.0527204089
0.0639700741
0.0681693554
0.0081226071
0.0596868396
0.0367770866
0.0132512962
0.0257124733
0.0052997717
0.0045868973
0.0640917718
0.0234355479
0.0225810092
0.0031686432
0.0623494349
0.0627832264
0.0239039734
0.0100376355
0.0066095139
0.0053217192
0.0323008485
0.0175124034
0.0372042879
0.0143115036
0.0069140187
0.0099733835
0.0310219023
0.0269831717
0.0401973128
0.0036334277
0.0596914142
0.0043816217
0.0198088586
0.0673967302
0.8624511361
0.0241828132
0.0130887376
0.0702247620
0.0656906962
0.0604904070
0.0091241663
0.0635058209
0.0181598682
0.0171237718
0.0417429768
0.0498553291
0.0387977138
0.0168468766
0.9809244871
0.0031166177
0.0207039621
0.3347053230
0.0185000021
0.0831509084
0.0158039052
0.0065448368
0.0312795900
0.0111561539
0.0497466773
0.0610765889
0.0391274691
0.0032282777
0.0384331904
0.0197907593
0.0134669542
0.0072434125
0.0137633504
0.0512886383
0.0427714735
0.0055974470
0.0067713489
0.0152203217
0.0386364684
0.0198134091
0.0076515661
0.0064517935
0.0253641102
0.0504444838
0.0464432687
0.0235038027
0.0472428910
0.0036874623
0.0316087045
0.0045589702
0.0248400476
0.0090580508
0.0219656788
0.0152235348
0.0272419937
0.0327276997
0.0241936818
0.0598749593
0.0115366578
0.0611641183
0.0458448417
0.0127840489
0.0033950571
0.0223256424
0.0135995317
0.0606921092
0.0053897430
0.0112101156
0.0584685542
0.0519659221
0.7928989530
0.0340507329
0.0056382315
0.0042144256
0.0044322424
0.0383442976
0.0520051233
0.0663877726
0.0573998354
0.0034619044
0.0202637594
0.5751969814
0.0710675865
0.0063078296
0.0031227318
0.0050929612
0.0177861694
0.0274095237
0.0401178785
0.0661534891
0.0135752084
0.0077896593
0.0029251762
0.0122659532
0.0060985866
0.0613093525
0.0170336757
0.0135163637
0.0100363567
0.0504128672
0.0052446420
0.0670089126
0.0145677039
0.0302741397
0.0261875018
0.0108596403
0.0254894719
0.0607400052
0.0098426687
0.0379394889
0.0124755455
0.0087401839
0.0163584668
0.0050115474
0.0607589893
0.0068645449
0.0306024197
0.0278256163
0.0380204320
0.0059037744
0.0407598205
0.0092391465
0.0339896716
0.0037420639
0.0100077633
0.0550709590
0.0228295252
0.0289050993
0.0587069094
0.0307498854
0.0137744779
0.0037768548
0.0128699522
0.0309488643
0.0687492490
0.0534651056
0.0089360969
0.0352821909
0.0041511762
0.0149662076
0.0141099487
0.0109980162
0.0386962518
0.0329904519
0.0364177339
0.0337351300
0.0029403404
0.0433347635
0.0244705826
0.0057130195
0.0300441049
0.0425702110
0.0261585005
0.0121094259
0.0385961607
0.0043395450
0.0143396873
0.0327403098
0.0303873438
0.0490330718
0.0034522570
0.0088244462
0.0087942136
0.0214644130
0.0504229590
0.8888507485
0.0098939100
0.0572497025
0.0126570789
0.0155200483
0.0445814021
0.0242490917
0.0069305017
0.0346653871
0.0077647213
0.0035662958
0.0034099657
0.0140471347
0.0327110030
0.0251874495
0.0408979803
0.0168492831
0.0060449522
0.0439925827
0.0092876060
0.0161342360
0.0129205603
0.0183196720
0.0038547905
0.0354122967
0.0423158929
0.0056443382
0.0568879917
0.0122487936
0.0383224264
0.0204128288
0.0674178079
0.0511035360
0.0039942190
0.0397039503
0.0036817205
0.0047292002
0.8259755373
0.0668363646
0.0075198519
0.0074091805
0.0033419929
0.0671406463
0.0146802356
0.0130839702
0.0579062738
0.0474773981
0.0376086123
0.0472139195
0.0497229435
0.0094486279
0.0630863979
0.0391929001
0.0311761182
0.0322228745
0.0496574529
0.0635024980
0.0567202233
0.0139012691
0.0158576891
0.0066653560
0.0151604386
0.0040853098
0.0159018077
0.0129744885
0.0061170780
0.0109556215
0.0179958437
0.0527716652
0.0092971073
0.6942639947
0.0542418249
0.0565937124
0.0615895689
0.0053166137
0.0237067658
0.0283459909
0.0268599186
0.0403353646
0.0180758461
0.0241274983
0.0156003367
0.0378353111
0.0478797257
0.0188657492
0.0076529384
0.0058604567
0.0345372185
0.0052222186
0.0062806495
0.0314545594
0.0500878356
0.0344094560
0.0186935663
0.0158687681
0.0547503680
0.0244413223
0.0557253510
0.0184114426
0.0519276001
0.0436590388
0.0065479851
0.0463809744
0.0305693224
0.0339842886
0.0169110131
0.0311099272
0.0444551408
0.0498184189
0.0039870366
0.0034336129
0.0257531721
0.0630159676
0.0229005758
0.0442575850
0.0039277752
0.0482392907
0.0292071775
0.0079275947
0.0364565402
0.0094507784
0.0031430200
0.0140079437
0.0092933765
0.0048308559
0.0052887071
0.0290966779
0.0236450192
0.0395057276
0.0098512368
0.0519219823
0.0179699901
0.0491706803
0.0355847552
0.0339651667
0.0116908746
0.0550150573
0.0051622894
0.0591676384
0.0485848486
0.0149883730
0.0341441371
0.0305209998
0.0064994683
0.0230321940
0.0058371047
0.0261268727
0.0455535613
0.0306870285
0.0041580698
0.0052224952
0.0712335780
0.0719409212
0.0351712890
0.0110307205
0.0364136361
0.0513983183
0.0045251073
0.0207532477
0.0167537853
0.0136462050
0.0349105969
0.0165918432
0.0115278829
0.0212856699
0.0726856664
0.0229379460
0.8367002010
0.0082715731
0.0076630372
0.0633839816
0.0091014430
0.0266480222
0.0466268286
0.0517361164
0.0548165254
0.0656326786
0.0043935929
0.0319551229
0.0301216319
0.0513994396
0.0275955051
0.0522036925
0.0484348834
0.0459476560
0.0050241710
0.0703751370
0.0714604780
0.0557186306
0.0079339687
0.0044024321
0.0344639868
0.0291723851
0.0050959615
0.0054287883
0.0631599724
0.0056470064
0.0170571748
0.0585160665
0.0411822572
0.0573287308
0.0609419607
0.0479825065
0.0029754362
0.0042766393
0.0196099859
0.0209379680
0.0475021712
0.0618558638
0.0295732934
0.0076850625
0.0375379771
0.0097498205
0.0529276654
0.0453510508
0.0511065200
0.0177185535
0.0139869079
0.0379262865
0.0050388868
0.0522299968
0.0326524004
0.0371902734
0.0038657298
0.0679404736
0.0253928639
0.0443979874
0.0041019162
0.0050748265
0.0061082430
0.0077720261
0.0644956827
0.0588250831
0.0277061779
0.0197473504
0.0188828707
0.0322612002
0.0275969654
0.0240537152
0.0491536669
0.0299308319
0.0086203748
0.0331603698
0.0419464558
0.0044402904
0.0657042563
0.0207700823
0.0252540410
0.0200586803
0.0328910463
0.0702496246
0.0063876458
0.0195327196
0.0537353046
0.0180202983
0.0153417354
0.0223823264
0.0503165387
0.0421762168
0.0724625885
0.0222094655
0.0192470904
0.0040843855
0.0096292701
0.0058357683
0.0068718949
0.0723890215
0.0086349621
0.0388792083
0.0117695918
0.0068969293
0.0046342085
0.0046527204
0.0319325104
0.0053227250
0.0338284150
0.0114773307
0.0053571826
0.0084615517
0.0150166610
0.0343852118
0.0267550871
0.0242058951
0.0032406801
0.0064850855
0.0315045007
0.0114617441
0.0325543657
0.0031526498
0.0705227256
0.0157083720
0.0500164554
0.0360807255
0.0079110181
0.0721508041
0.0283791497
0.0626443550
0.0048590894
0.0215614699
0.0409303941
0.0114255371
0.0173568428
0.0029681344
0.0523301363
0.0195938740
0.0039476827
0.0064542461
0.0366392508
0.0524512865
0.0128459018
0.0178856608
0.0353101157
0.0285126697
0.0496079735
0.0699917302
0.0221854113
0.0600635074
0.0220788755
0.0249102600
0.0119805951
0.0079999333
0.0228000470
0.0346453190
0.0165889002
0.0703655481
0.0077305348
0.0413598940
0.0047715721
0.9119715095
0.0093999486
0.0208334122
0.0060821329
0.0676887780
0.0107638398
0.0078894207
0.0152657721
0.0211087409
0.0058646221
0.0129273525
0.0613431334
0.0091452599
0.0050200517
0.0283684619
0.0032447143
0.0266576353
0.0514919199
0.0106985252
0.0488954000
0.0359370783
0.0383674949
0.0061254520
0.0054183602
0.0314183123
0.0034691084
0.0217266493
0.0453085378
0.0046229982
0.0037014282
0.0213841684
0.0326824784
0.0311252736
0.0412001498
0.0260666274
0.0193022676
0.0411653295
0.0358777903
0.0522833131
0.0674700886
0.0281230398
0.0036873738
0.0103365267
0.0034233178
0.0066952738
0.0286578685
0.0202356018
0.0273035187
0.0671066567
0.0457125343
0.0049426737
0.0572841987
0.0375979915
0.0064059789
0.0132757351
0.0215978548
0.0240814500
0.0233234912
0.0172124803
0.0081434865
0.0059467182
0.0134625062
0.0216420367
0.0180782881
0.0150843197
0.0089841029
0.0058995169
0.0572824702
0.0690239668
0.0098260781
0.0053361924
0.0038949549
0.0068828003
0.0380979367
0.0331023410
0.0434155837
0.0281438250
0.0039273454
0.0709387884
0.0242646728
0.0081038568
0.0067945165
0.0360589772
0.0668230951
0.0459012240
0.0549332649
0.0431351587
0.0532211103
0.0077992803
0.0056655947
0.0109408312
0.0194962602
0.0544158332
0.0358199328
0.0047058179
0.0094977012
0.0565672629
0.0423226170
0.0138915749
0.0309084095
0.0170060247
0.0061581000
0.0109666577
0.0320115089
0.0079010688
0.0205284879
0.0039398354
0.0575353317
0.0293047614
0.0490533933
0.0348791182
0.0141176376
0.0499767102
0.0542395674
0.0375684164
0.0371330120
0.0491343513
0.0662164614
0.0633281395
0.0236999746
0.0271264110
0.0236988738
0.0081539117
0.0297314133
0.0052304240
0.0034445892
0.0263385717
0.0394710079
0.0177034829
0.0097393328
0.0225537345
0.0631189048
0.0037233455
0.0071417862
0.0160672162
0.0434126407
0.0353013277
0.0051364521
0.0211029183
0.0041694264
0.0272307750
0.0059691472
0.0086064069
0.0518753380
0.0216420833
0.0094827339
0.0236085709
0.0057339161
0.0670602545
0.0134895304
0.0524278544
0.0253335238
0.0108183930
0.0338021182
0.0159276072
0.0573881008
0.0107029174
0.0535701737
0.0116883945
0.0058300220
0.0074232006
0.0602069460
0.0044976268
0.0173014030
0.0070342361
0.0345893055
0.0268460736
0.0224654265
0.0034676394
0.0169443022
0.0362875685
0.0180079490
0.0581588298
0.0375235528
0.0586584285
0.0558166616
0.0077305916
0.0711718798
0.0674917027
0.0048924135
0.0033970163
0.0351083577
0.0170656089
0.0302819908
0.0137682445
0.0555848069
0.0085736047
0.0123177050
0.0119973375
0.0117703630
0.0032928335
0.0081215510
0.0208574664
0.0227038749
0.0191713218
0.0067812987
0.0033694315
0.0303997118
0.0155114429
0.0225506481
0.0148414075
0.0390464589
0.0064552790
0.0036988473
0.0719072968
0.0062633813
0.0584575869
0.0121897561
0.0271793026
0.0407442413
0.0164946951
0.0222544726
0.0379415266
0.0370025709
0.0572799221
0.0666635931
0.0075010369
0.0490972735
0.0051493663
0.0359415747
0.0463564470
0.0348663069
0.0106159793
0.0195928141
0.0675888658
0.0045737699
0.0650516748
0.0217014402
0.0701785386
0.0088953348
0.0619754307
0.0482879430
0.0302572027
0.0654262304
0.0229315329
0.0047785835
0.0235318001
0.0885386840
0.0051560886
0.0062596113
0.0060004839
0.0628874823
0.0627759993
0.0185565911
0.0419162326
0.0454533026
0.0126006054
0.0669768155
0.0241514035
0.0411986746
0.0036465290
0.0083276248
0.0196136665
0.0429394543
0.0647806823
0.0690227598
0.0679551363
0.0091027115
0.0124328639
0.0505660772
0.0160232447
0.0494420417
0.0030859080
0.0457285531
0.0281836651
0.0048782001
0.0521517470
0.0658738166
0.0315524563
0.0634759292
0.0308498498
0.0523092374
0.0152212810
0.0121456329
0.0124093471
0.0153461965
0.0654470325
0.0608284697
0.0549326427
0.0289973933
0.0196381994
0.0046032849
0.0148032270
0.0104549890
0.0593917109
0.0527564064
0.0681311116
0.0065356544
0.0041328548
0.0036344237
0.0100541543
0.0240018200
0.0046319906
0.0627946630
0.0355215631
0.0038842985
0.0174078122
0.0198693052
0.0034753077
0.0107283723
0.0047806087
0.0645579621
0.0036011667
0.0358958244
0.0272958390
0.0055324067
0.0457861945
0.0547344796
0.0137654711
0.0497018956
0.0034678050
0.0039412803
0.0681661963
0.0116252182
0.0557666384
0.0051720343
0.0265997294
0.0543606356
0.0064255963
0.8393571377
0.0239943340
0.0422702581
0.0623529814
0.0196254402
0.0263038501
0.0273267962
0.0078802388
0.0570108704
0.0657951012
0.0142332045
0.0088902730
0.0712394193
0.0530726835
0.0501577035
0.0335986540
0.0366931669
0.0435937271
0.0302594919
0.0414758660
0.0358359404
0.0619659647
0.0659651831
0.0425301082
0.0069363937
0.0299521796
0.0357980765
0.0248494148
0.0102095604
0.0225165412
0.0322590023
0.0694704652
0.0334660560
0.0238602608
0.0361141004
0.0585633479
0.0460314415
0.0246908255
0.0144881159
0.0606494583
0.0150345536
0.0640310869
0.0181677174
0.0225387793
0.0128480773
0.0353781097
0.0239510834
0.0541344061
0.0056330096
0.0083001815
0.0148333041
1.0007503033
0.0109662544
0.0512196198
0.0371347368
0.0042205113
0.0153630953
0.0384229496
0.0357457139
0.0537810251
0.0194093753
0.0163978748
0.0141234286
0.0633715987
0.0275779366
0.0053402660
0.0213940963
0.0056975344
0.0035667387
0.0151537508
0.0052583353
0.0246041920
0.0197779927
0.0116869593
0.0400921404
0.0513178483
0.0189557765
0.0271195583
0.0066906922
0.0210619308
0.0069904611
0.0107056536
0.0139913037
0.0093940943
0.0534912832
0.0625636950
0.0085150823
0.0136491461
0.0605517738
0.0137021709
0.0380481370
0.0676951408
0.0640148968
0.0093411617
0.0689697787
0.0662567765
0.0102298446
0.0359102525
0.0510831289
0.0044071022
0.0347530209
0.0117059322
0.0052160635
0.0307109561
0.0176829230
0.0337582231
0.0191728808
0.0193180218
0.0101734791
0.0283473879
0.0403541327
0.0373085327
0.0114453956
0.0682253540
0.0123422854
0.0518798791
0.0282585900
0.0388336964
0.0088942908
0.0209694505
0.0093372120
0.0158700980
0.0509818122
0.0638797805
0.0278179385
0.0722994655
0.0054785828
0.0276157558
0.0431771278
0.0086680567
0.0035032267
0.0225385148
0.0039179064
0.0711421669
0.9627038836
0.0426237658
0.0547337793
0.0255519953
0.0261595882
0.0692500398
0.0717296004
0.0105096223
0.0056356313
0.0101927677
0.0105133494
0.0463852398
0.0097423205
0.0294155870
0.0031299884
0.0051209759
0.0093319817
0.0226011407
0.0099761458
0.0356468074
0.0047006579
0.0213131513
0.0664258227
0.0570512712
0.0446620882
0.0472126305
0.0176352561
0.0179726668
0.0350209512
0.0035682977
0.0274581034
0.0427464545
0.0030308245
0.0087472787
0.0690441579
0.0261833258
0.0153211886
0.0030961086
0.0031157376
0.0625440478
0.0097396653
0.0141746290
0.0102936663
0.0072190342
0.0113860695
0.0143662561
0.0153823383
0.0523013696
0.0154114021
0.0713030770
0.0158683807
0.0227768440
0.0098304823
0.0189969260
0.0180037506
0.0537713654
0.0057087126
