0.0266137216
0.0216615163
0.0077876053
0.0138038471
0.0419942364
0.1148556620
0.0104616741
0.0511385128
0.0509449877
0.0090877293
0.0101802181
0.0546737686
0.0348177068
0.0084521864
0.0095341280
0.0334408060
0.0091143185
0.0646223873
0.0352238528
0.0216501039
0.0345468931
0.0166654177
0.0480822362
0.0654364154
0.0249297693
0.0095023653
0.0150191681
0.0681344345
0.0280371141
0.0613908209
0.0141774984
0.0433234125
0.0410086662
0.0159135573
0.1909480095
0.0283641983
0.0289690960
0.0600762814
0.0688592941
0.0699678063
0.0078957602
0.0606165454
0.2650864422
0.0145232556
0.0195024181
0.0316545032
0.1180311739
0.0051406436
0.0546447374
0.0349073634
0.0035337273
0.0395089090
0.0072464873
0.0768545866
0.0131810261
0.0088841151
0.0850629136
0.7332770824
0.0089518512
0.0389139317
0.0252995286
0.0232287683
0.0197697505
0.0135422144
0.0119526936
0.0318548158
0.0037236109
0.0603336953
0.0056365519
0.2664488256
0.0067370101
0.0436907411
0.0596098490
0.0281991456
0.0439903513
0.0254599936
0.0454004258
0.0402269438
0.0045977365
0.0053889495
0.0101381354
0.0040363967
0.0668178052
0.0076362151
0.0039242990
0.0659483150
0.0165809523
0.0342947543
0.0323082060
0.0422887169
0.0106933406
0.0214024503
0.0175687503
0.0720284209
0.0095317615
0.0142501583
0.0089741312
0.0818135515
0.0069918423
0.4674492776
0.0725906938
0.0035449343
0.0243441984
0.0127026886
0.0076040933
0.0417862199
0.0716754124
0.0591079108
0.0051273406
0.0725476146
0.0072497055
0.0754221529
0.0035117948
0.0299381372
0.0083436156
0.0029956903
0.0195019282
0.0653577298
0.0077915932
0.0040136119
0.0287258029
0.0160156488
0.0032504406
0.0437146649
0.0075812838
0.0358190425
0.0125560835
0.4098987579
0.0103908759
0.0419066511
0.0643875152
0.0125410762
0.0084862821
0.0420452766
0.0298715699
0.0044006081
0.0609138086
0.0301574301
0.0382159241
0.0646384805
0.0434487388
0.0109886248
0.0313343331
0.0573421009
0.0529750288
0.0250749681
0.0245736279
0.0364789665
0.0414947756
0.0723189712
0.7658988833
0.0648631081
0.0036350316
0.0528337024
0.0610413961
0.0488920547
0.0164500531
0.0119683519
0.0463305376
0.0099308752
0.0061549237
0.0047238823
0.0727963224
0.0297806840
0.0368313417
0.0129727097
0.0352056362
0.0324077457
0.0082257949
0.0044529531
0.0107940603
0.0071206191
0.0379130691
0.0403634869
0.0225153361
0.0255892202
0.0235300865
0.0242169537
0.0145055577
0.0359092318
0.0104695978
0.0690903813
0.0190953277
0.0277580656
0.0300023146
0.0092101479
0.0083685638
0.0296649523
0.0294464473
0.0030879923
0.0184825622
0.0093937377
0.0369779132
0.1450794339
0.0525567420
0.0731086060
0.0957446322
0.0253974348
0.0073563028
0.0219818149
0.0109248841
0.0060443701
0.0166121293
0.0394180380
0.0197440684
0.0187026449
0.0536669381
0.0087511484
0.0721992478
0.0158445556
0.0349286757
0.0342698321
0.0062554944
0.0396122225
0.0291125514
0.0239304136
0.0056599244
0.0239146259
0.0537648387
0.0815318823
0.0049461890
0.0185522400
0.0235874373
0.0104030725
0.0048469547
0.0115215890
0.0351430401
0.0619152710
0.1681423336
0.0060377312
0.0068279961
0.0301505234
0.1080438048
0.0111692213
0.0323249921
0.0690679401
0.0449300110
0.0583807938
0.0126505401
0.0635846332
0.0184117276
0.0096214153
0.0622959621
0.0226754826
0.0241715126
0.0092528583
0.0400078371
0.0659767911
0.0107642775
0.0294923522
0.0275440067
0.0118575152
0.0105228089
0.0463941880
0.0175351743
0.0147753162
0.0163568407
0.0298779663
0.0126266908
0.0603100434
0.0338368788
0.0176691450
0.0706827641
0.0699009225
0.0132479081
0.0209931880
0.0154082878
0.0271071717
0.0035793001
0.0041640271
0.0315832160
0.0462625921
0.0082900831
0.0342474543
0.0444458127
0.0648374856
0.0546120442
0.0113172196
0.0159959439
0.0445924252
0.0202060509
0.0105081927
0.0175766833
0.0270160343
0.0064558918
0.0289522428
0.0174422674
0.0415552296
0.0368504971
0.0184919685
0.0125245489
0.0390394814
0.0178728662
0.0361550264
0.0051091886
0.0485605523
0.0350998342
0.0472885929
0.0524219237
0.0032291380
0.0064685862
0.0327232890
0.0313848369
0.0166891925
0.0309738405
0.0077600209
0.0067855436
0.0840385705
0.0096225897
0.0639196187
0.0608676448
0.0051311492
0.0062167840
0.0496654212
0.0133921774
0.0167827457
0.0426160358
0.0033891788
0.0235463027
0.0120778494
0.0330550149
0.0462982245
0.0384200998
0.0107313115
0.0096619595
0.0056443019
0.0536809713
0.0104152458
0.0218157526
0.0122175310
0.0310841203
0.0167822018
0.0274222828
0.0058496203
0.0045123864
0.0328306295
0.0505513996
0.0446335115
0.0056456034
0.0047565624
0.0139675913
0.0132021746
0.0522466563
0.0515592471
0.0039613913
0.0335600413
0.0530894510
0.0158503279
0.0117965108
0.0031923128
0.0646701679
0.0348901823
0.0396219157
0.0397961400
0.6079577208
0.0054435655
0.0203336030
0.0623925328
0.0117992479
0.0111053474
0.0053415992
0.0059904405
0.0539998747
0.0301290639
0.0091646630
0.0136074796
0.0629490837
0.0050890665
0.0233557988
0.0653640255
0.1319411844
0.0077836108
0.0787142590
0.0176528618
0.0089245122
0.0430370308
0.0297841467
0.0151252234
0.0261115618
0.0302388463
0.0087444969
0.0390913449
0.0362383537
0.0222561453
0.0349360704
0.0226853341
0.0282974783
0.0421686210
0.0260885637
0.0144528011
0.0738954395
0.0331984200
0.0584456176
0.0612455755
0.0227985438
0.0251047220
0.0053181876
0.0618933253
0.0030694040
0.0424419492
0.0246589538
0.0189081226
0.0157527048
0.0537843145
0.0059664310
0.0086053954
0.0439089462
0.0391383097
0.0622095130
0.0241231043
0.0557169579
0.4227046371
0.0128047075
0.0166224651
0.0226116925
0.0304897111
0.0623249337
0.0409293510
0.0592836216
0.0519913957
0.0717527792
0.0489676930
0.0390708186
0.0950888619
0.0417464897
0.0160044115
0.0365978926
0.0322613083
0.0287675355
0.0570901148
0.0536637492
0.0030125366
0.0438954271
0.0104726935
0.3964942396
0.0374524519
0.0343769304
0.0500406995
0.0628276244
0.0038672199
0.0571784377
0.0069243163
0.0427446365
0.0540880039
0.0555024929
0.0378892086
0.0137277991
0.0192914084
0.0698295385
0.0035899628
0.0066723945
0.0264442302
0.0335844494
0.0365560241
0.0625783876
0.0175840538
0.0181646515
0.0094061093
0.0597865619
0.0516837128
0.0567663088
0.0229154564
0.0313139074
0.0481998250
0.0316460244
0.0071900049
0.0190191921
0.0093530808
0.0181782618
0.0419583656
0.0553879887
0.0073255668
0.0082051978
0.0186918918
0.0138719482
0.0041687400
0.0237564892
0.9599701166
0.0335292406
0.0440331735
0.0213398244
0.0571745634
0.0279845428
0.0068746726
0.0090674059
0.0062663392
0.0041264608
0.0671461076
0.0452327617
0.0209779199
0.0070253243
0.0573213436
0.0217041448
0.0701601058
0.0288623814
0.3258939981
0.0207397975
0.0655059740
0.0043205563
0.0163870603
0.0717102736
0.0214811787
0.1711120158
0.0162542053
0.0419999287
0.0499215610
0.0325468667
0.0521484427
0.0727837011
0.0504164994
0.0039315294
0.0430146866
0.0250885300
0.0663232207
0.0031861889
0.0887975469
0.1299860179
0.0664729476
0.0081531154
0.0569211431
0.0483197197
0.0048056771
0.0066986741
0.0207310785
0.0060017719
0.0652760938
0.0095315371
0.0679763332
0.0664416105
0.0186937936
0.0157543067
0.0051286039
0.0165012907
0.0259789415
0.0169724487
0.2998654544
0.0050277426
0.0493508875
0.0532112159
0.0039075688
0.0216051340
0.0084909052
0.0403732099
0.0076267938
0.0350538716
0.0076472480
0.7368735671
0.0189144108
0.0278872419
0.0100011770
0.1298764497
0.0034583760
0.0376875736
0.0040328060
0.0216384400
0.0365400948
0.0054496126
0.0588082410
0.1128670126
0.0029227866
0.0041138912
0.1006204486
0.0352603048
0.1728891730
0.0064222617
0.0585789904
0.0152454292
0.0048997700
0.0326666273
0.0136968242
0.0036610069
0.0033796772
0.0047488362
0.0392279923
0.0261182021
0.0486902446
0.0204152968
0.0269835368
0.0432815924
0.0124790594
0.0264650304
0.0307820942
0.0418495275
0.0227027573
0.0529567413
0.0215035696
0.0050060083
0.0489955209
0.0629580244
0.0038195930
0.0123196123
0.0728672370
0.0051277061
0.0174460169
0.0176339038
0.8230462074
0.0057937382
0.0426380113
0.0034642005
0.0183207262
0.0432077721
0.0268404502
0.0396415330
0.0540802330
0.0038821059
0.0729730725
0.0339159407
0.0180478767
0.0122427605
0.0055088266
0.0104378248
0.0300913248
0.0135542639
0.0128825754
0.0263152085
0.0460721552
0.0043141893
0.0032953171
0.0066369157
0.0032197565
0.9516269565
0.0569182672
0.0546992421
0.0102487812
0.0032106184
0.0646867007
0.0273277462
0.0042957468
0.0328225568
0.0138254175
0.0166163165
0.0358599201
0.0050068172
0.0091484636
0.0125175845
0.0234091785
0.0354200415
0.0400585048
0.0073494376
0.0121062789
0.0035654376
0.0192693528
0.0178000685
0.0151021648
0.0112077901
0.0235113744
0.0058049150
0.0688769743
0.0507071801
0.0711193383
0.0030079011
0.0302638113
0.0818734542
0.0036721930
0.0045297910
0.0046489122
1.0384579897
0.0876913965
0.0847081542
0.0147126922
0.0115214530
0.0274498556
0.0449677706
0.0716551468
0.0363012627
0.2859204113
0.0494184792
0.0723126829
0.0351891443
0.0299982000
0.0357981771
0.0643022731
0.0159956533
0.0029295196
0.1292931437
0.0421927795
0.1662785113
0.0231631547
0.0169688072
0.0046515083
0.0471298546
0.0729018152
0.0727522597
0.0186261591
0.0108527783
0.0566651002
0.0122890696
0.0038857858
0.0374717563
0.0171448719
0.0076387771
0.0153269926
0.0120838918
0.0496245772
0.0332477912
0.0069506015
0.0042219479
0.0137331290
0.0489320010
0.0497279204
0.0871359780
0.0065072807
0.0411951989
0.0340652652
0.0073441104
0.0219863839
0.0257727690
0.0066859219
0.0391567759
0.0100754090
0.0626712143
0.0041307602
0.0693075955
0.0383124761
0.0393698961
0.1161245182
0.0044022463
0.0032978817
0.0693716705
0.0146384751
0.0046613920
0.0155263441
0.0054934165
0.0338471010
0.0432698093
0.0815635324
0.0213926006
0.0301155187
0.0676321164
0.0239485037
0.0124820387
0.7279166579
0.0543547571
0.0050292579
0.0261823982
0.0142829474
0.9330297709
0.0037775987
0.0052916231
0.0080011133
0.0370330140
0.0105711920
0.0419694185
0.0040256549
0.0039660106
0.0631870925
0.0256021973
0.0604325533
0.0189897995
0.0151289469
0.0374886505
0.0701927394
0.0314784050
0.0548433438
0.0085695796
0.0106704216
0.0084030246
0.0037141407
0.0324948467
0.0085041886
0.0305208415
0.0365908220
0.0417332873
0.0121052088
0.0088185258
0.0030789233
0.0717440620
0.0250407886
0.0245575886
0.0040344358
0.0598850064
0.0189164579
0.0034306636
0.0879639462
0.1858440489
0.0375713818
0.0306556337
0.0377709828
0.0033461251
0.0403413847
0.0270825829
0.0452470370
0.0155724064
0.0568376891
0.0102688372
0.0540571548
0.0551771149
0.0291246716
0.0080247540
0.0205830019
0.0153906010
0.0184112117
0.0359915346
0.0296884701
0.0708015859
0.0042269239
0.0363744088
0.0071324739
0.0246639494
0.0227578040
0.0285329726
0.0112710148
0.0033007490
0.0242157578
0.0171342380
0.0356486030
0.0232546479
0.0155782411
0.0352572910
0.0366758108
0.0048195100
0.1018890068
0.0124723148
0.0237349030
0.0037286005
0.0714877024
0.0258858427
0.0394792706
0.0148773491
0.0204965435
0.0485528409
0.0635600835
0.0623427890
0.0078645675
0.0744813606
0.0389571190
0.0176330358
0.0574213266
0.0155919427
0.0067765564
0.0583378635
0.0039757174
0.0036898537
0.0157831460
0.0091926269
0.0667495579
0.0689353943
0.0043919114
0.0703610405
0.0206032749
0.0688378066
0.0699221864
0.0554076135
0.0212489441
0.0525663234
0.0157481339
0.0248543955
0.0074952305
0.0038232333
0.0037721468
0.2355797738
0.0085908705
0.0373385809
0.7466089129
0.0575025268
0.0166122001
0.0089735081
0.0112618450
0.0581826605
0.0045683915
0.0039486377
0.0445823520
0.0451346412
0.9503399730
0.0240270644
0.0030119931
0.0042333840
0.0033139684
0.0402463451
0.0400242321
0.0172474366
0.0182004664
0.0035433844
0.0660662577
0.0567394868
0.0176680610
0.0369043909
0.0165354647
0.0188722722
0.0266135894
0.5769515038
0.0217482690
0.0487349369
0.0048768925
0.0036378556
0.0029909133
0.0101465983
0.0582871661
0.0539438762
0.0055863452
0.0286861639
0.0050654295
0.0272330940
0.0044927010
0.0033130145
0.0390326008
0.0276008714
0.0132369213
0.8111922741
0.0046225935
0.0298264790
0.0261336099
0.0064533590
0.0119691473
0.0762204751
0.0463535599
0.0084315622
0.0163924079
0.0688569769
0.0232817996
0.0326385312
0.0204311386
0.0515828729
0.0292922184
0.0113811549
0.0673258603
0.0528298169
0.0528730676
0.9606158733
0.0491404422
0.0078611812
0.0390546434
0.0037022221
0.0317920223
0.0042154300
0.0286934301
0.0618387647
1.0599262714
0.0233948864
0.0033677551
0.0255847629
0.0119282613
0.0342333727
0.0055346237
0.0109758619
0.0035327887
0.0524576008
0.0031175266
0.0032292081
0.0134471618
0.0578457564
0.0374895930
0.0220169220
0.0331912525
0.0211991239
0.0046108351
0.0529008508
0.0290193707
0.0141420551
0.0564187616
0.0051144599
0.0137745254
0.0543855354
0.0308412891
0.0157862566
0.1476876736
0.0122812986
0.0192715265
0.0348494872
0.0223442651
0.0029298856
0.0037721016
0.0090290178
0.0654513985
0.0062846695
0.0433353148
0.0668568090
0.0142981475
0.0360410400
0.0215406530
0.0056531574
0.0615322702
0.0036492422
0.0089815892
0.0718232095
0.0478710607
0.0231060162
0.0033996992
0.0051795337
0.0070935655
0.0234578792
0.0189152975
0.1757007241
0.0044045015
0.1969998330
0.0676602796
0.0477432869
0.0037641157
0.0033353884
0.0313524678
0.0467874855
0.0315891467
0.0359294415
0.0037296826
0.0076854578
0.0410191864
0.0072845584
0.0031786603
0.0318233222
0.4961977601
0.0036560267
0.0252622068
0.0321162008
0.0294786394
0.0553025305
0.0408720039
0.0034466202
0.0051876358
0.0442945063
0.0080295019
0.0037603937
0.0057713012
0.0645915866
0.0401928313
0.0054318896
0.0039620781
0.0257709809
0.0516164973
0.0065475162
0.0393580943
0.0415493548
0.1443077773
0.0594960041
0.0098786904
0.0088155596
0.0284132902
0.0159913879
0.0085456222
0.0125935553
0.0079262974
0.0177765489
0.0037791349
0.1050822213
0.0210469104
0.0169644337
0.0473425910
0.0367058255
0.0689306259
0.0159867983
0.0036214511
0.0331405364
0.0140903555
0.0067700287
0.0051987139
0.0615624785
0.0567357540
0.0652075261
0.0141204400
0.0066378424
0.0191703066
1.0838279724
0.0622790605
0.0438542329
0.0734585524
0.0328582712
0.0123471431
0.0295744427
0.0048530884
0.0300824009
0.0143302428
0.0434290841
0.0042726989
0.0092136031
0.0054483437
0.0460526496
0.0057003149
0.0196407642
0.0639029518
0.0105353082
0.0057440056
0.0132926907
0.0214843675
0.0085069835
0.0097924806
0.0464054570
0.0036159121
0.0592114814
0.0052211899
0.0701932907
0.0479002558
0.0030235490
0.0291818865
0.0655750781
0.2050006986
0.0100227138
0.0284365248
0.0680076927
0.1002355963
0.0070254710
0.0531317033
0.0123580378
0.0061882236
0.0727737918
0.0236180592
0.0221042708
0.0253516883
0.0241214298
0.0267783105
0.0202619694
0.0358439796
0.0151150860
0.0143045299
0.0158360936
0.1152397543
0.0641418248
0.0089613106
0.0136358300
0.0538648255
0.0574901402
0.0084750969
0.0154398987
0.0087238373
0.0059023267
0.0493225120
0.0420457460
0.0107371313
0.0054565948
0.2237188816
0.0343580060
0.0186009407
0.0070835515
0.0054975110
0.0161062926
0.0361627825
0.0260148309
0.0278687887
0.0557896644
0.0101248417
0.0056572198
0.0199323427
0.0039259400
0.0051746042
0.0318257399
0.0052617285
0.0324666090
0.0309932604
0.0460295044
0.0291151237
0.0063353595
0.0181162879
0.0194315203
0.0031475127
0.0199300479
0.0561253913
0.0112503804
0.0524333790
0.0373590924
0.0708381459
0.0135833193
0.0207590871
0.0082497261
0.0970058739
0.0085986564
0.0030680795
0.0039045652
0.0183425639
0.0120447921
0.0449858122
0.0306982417
0.0038208896
0.0670604110
0.0897756964
0.0651708096
0.0657493696
0.0339448862
0.0493527092
0.0692441389
0.0195579883
0.0246799868
0.0238872822
0.0034484337
0.0135737285
0.0124530382
0.0925929993
0.0525928810
0.0574961714
0.0487021320
0.0626892373
0.0641124249
0.0403972231
0.0383623429
0.0054034628
0.0062406850
0.0163378771
0.0046859463
0.0382890850
0.0603086203
0.0148466621
0.0037069723
0.0153033547
0.0308079012
0.0029937166
0.0104803955
0.0299127772
0.0224476326
0.0127794836
0.0357021429
0.0216214191
0.0336688682
0.0713591427
0.0280186757
0.0601544790
0.0164350588
0.0150900148
0.0599446781
0.0060034017
0.0318680368
0.2018487155
0.0208939351
0.0220482703
0.0099814096
0.0527201369
0.0404675975
0.0408394448
0.0052679684
0.0056088082
0.0358224995
0.0348680094
0.0138842482
0.0046895123
0.0056495587
0.0323160999
0.0256831571
0.0730702206
0.0155654140
0.0068540387
0.0107253101
0.0764328539
0.0143454382
0.0097152451
0.0201019272
0.0099425605
0.0446257405
0.0541164726
0.0121887205
0.0357923135
0.0156669244
0.0089965863
0.0070459079
0.0136018619
0.0106222881
0.0336768515
0.0167718474
0.0067000398
0.0657036155
0.0501821674
0.0037076236
0.0031054423
0.0041250880
0.0032419488
0.0367967114
0.0090967519
0.0068367720
0.0094160847
0.0246520489
0.0221515186
0.0110268071
0.0224391036
0.0598441213
0.0196388420
0.0072429916
0.0081517212
0.0213876273
0.0063564754
0.0056097265
0.0150572537
0.0030355228
0.0717682838
0.0105930353
0.0281592198
0.0054877731
0.0044342410
0.0168292429
0.0099280272
0.0414165296
0.0324362814
0.0321705118
0.0105112661
0.0036859594
0.0695139095
0.0532037728
0.0535744578
0.0242404491
0.0264567602
0.0106903417
0.0134146996
0.0056805825
0.0219432060
0.0038496370
0.0041026245
0.0630263165
0.0044155731
0.0698519498
0.0101955375
0.0318826810
0.0062807510
0.0423123166
0.0079325903
0.0146553200
0.0070237792
0.0188763440
0.0108436868
0.0133030899
0.0657055974
0.0453369431
0.0216537081
0.0046817213
0.0110939126
0.0229070410
0.0679208562
0.0287364870
0.0138332685
0.0087838760
0.0086584687
0.0228152536
0.0536408238
0.0160974544
0.0034079482
0.0249723326
0.0135065122
0.0394414179
0.0413828120
0.0597525015
0.0036094589
0.0380000845
0.0625953227
0.0534566157
0.0372478478
0.0714437589
0.0391062051
0.0406171232
0.0155762648
0.0463760123
0.0103798993
0.0100107929
0.0377037749
0.0031962052
0.0446261391
0.0404269695
0.0196286421
0.0666316599
0.0242424067
0.0712959394
0.0095349960
0.0254075397
0.0326234363
0.0139362160
0.0080235982
0.0624090321
0.0310904942
0.0330021977
0.0107392836
0.0406221822
0.0145418970
0.0295653753
0.0466954410
0.0734510794
0.0129623441
0.0046179248
0.0040495852
0.0672272071
0.0412744060
0.0372828618
0.0254049916
0.0091083394
0.0534451604
0.0214328784
0.0404279940
0.0707267299
0.0085273962
0.0074108047
0.0596434809
0.0387653112
0.0433448516
0.0417895541
0.0517774820
0.0338020623
0.0146485614
0.0201148205
1.1187880039
0.0267790891
0.0041793548
0.0265125055
0.0289013851
0.0255242959
0.0325579457
0.0475227535
0.0284187701
0.0444979928
0.0067154281
0.0327636786
0.0120218918
0.0080776475
1.0368925333
0.0076300297
0.0406074412
0.0365407020
0.0122109782
0.0159348268
0.0149696600
0.0029429814
0.0367841721
0.0103539797
0.0074625611
0.0326520838
0.0273764096
0.2492807955
0.0241223257
0.0341691151
0.0778831989
0.0249251947
0.0642059669
0.0623012520
0.0190045908
0.0105483904
0.0718822405
0.0186698828
0.0039482522
0.0228745993
0.0586232841
0.0443943962
0.0316928625
0.0158116501
0.0678588971
0.0127510130
0.0031223460
0.0092952158
0.0106012411
0.0041897856
0.0306994058
0.0663353875
0.0196117051
0.0090207439
0.0383590311
0.0337557718
0.0223164558
0.0054135215
0.0405322872
0.0528453775
0.0273363329
0.0141171403
0.0085868286
0.1292620450
0.0293640196
0.0148793608
0.0040217219
0.0042397017
0.0042000310
0.0544245690
0.0575846098
0.0651933476
0.0803912506
0.0680580214
0.0464894176
0.0087704333
0.0344783179
0.0086579379
0.0141301276
0.0113022346
0.0075567332
0.0151294982
0.0040105167
0.0409304686
0.0341303274
0.0616543442
0.0080525111
0.0199743882
0.5957220793
0.0203624722
0.0267398860
0.0080431588
0.0068107131
0.0421929471
0.0045524063
0.0285817981
0.0534538068
0.0389943086
0.0469431579
0.0041732807
0.0284602735
0.0495966934
0.0844006389
0.0339874290
0.0185359120
0.0399424694
0.0371533111
0.0271484703
0.0678377450
0.0162745677
0.0130697321
0.0065619117
0.0630390197
0.0040649618
0.0049023307
0.0245751832
0.0046476545
0.0164074376
0.0291635711
0.0129793053
0.0044670417
0.0263831764
0.0456917398
0.0040343781
0.0529671796
0.0236560106
0.0258363821
0.0356075019
0.0325475857
0.9412810802
0.0096483454
0.1450805068
0.0185640026
0.0104634315
0.0060942206
0.0156191215
0.0228863303
0.0390693918
0.0564920045
0.0392616615
0.0077337637
0.0234518368
0.0089565618
0.0478802398
0.0629047751
0.0157668795
0.0180236921
0.1925794035
0.0430520102
0.0493287928
0.0038555532
0.0394059010
0.0136164259
0.4015557170
0.0365857631
0.0549436472
0.0095735760
0.0468913279
0.0673132390
0.0666390881
0.0212314054
0.0181959700
0.0058594374
0.0205631293
0.0063565485
0.0063188430
0.0080557410
0.0714484900
0.0927547291
0.0097349780
0.0454098359
0.0539509840
0.0367424339
0.0096345972
0.0176068898
0.0641470626
0.0054664128
0.0167716164
0.0182256848
0.0122105386
0.0639434382
0.0578432418
0.0103463270
0.0399145745
0.0308485404
0.0398390479
0.0230612531
0.0604516715
0.0595044233
0.0043093110
0.0523905195
0.0147073353
0.0443440713
0.0070614787
0.0955687389
0.0127344979
0.0730986893
0.0122280419
0.0517057776
0.1238659471
0.0332546867
0.0168285370
0.0227497611
0.0074800374
0.0475138575
0.0417810865
0.0470483601
0.0453313068
0.0686891675
0.0610694513
0.0334200747
0.0032103064
0.0400324054
0.0545054600
0.0259031877
0.0124242092
0.0192019064
0.0869898945
0.0609419048
0.0050207940
0.0371722691
0.0348697156
0.0525975078
0.0337994881
0.0665133595
0.0230212267
0.4027586281
0.0667520985
0.0106374808
0.0498532839
0.0430676937
0.0526185893
0.0418054424
0.0095003266
0.0707643256
0.0337468907
0.0151308887
0.0035313021
0.0071141962
0.0066709658
0.0035308527
0.0456699654
0.0512404405
0.0319127068
0.0335579962
0.0396992788
0.0631082356
0.0234871507
0.0248126276
0.0118454443
0.0415483490
0.0241229329
0.0038923291
0.0214037728
0.0412760563
0.0049765119
0.0035148738
0.0722424835
0.0040007066
0.0348274931
0.0705622882
0.0127820401
0.0033889839
0.8157947063
0.0039767199
0.0550587140
0.0078957891
0.0045890380
0.0354207121
0.0668938681
0.0049275220
0.0132350186
0.0266891215
0.2085824013
0.0131587554
0.0335930623
0.0098455986
0.0437820815
0.0484825000
0.0061628320
0.0140192322
0.0109528294
0.0812397674
0.0469071567
0.0500466041
0.0419919491
0.0482554734
0.0145583767
0.0446617007
0.0152500002
0.0057975152
0.0291185919
0.0717433617
0.0151641741
0.0442086048
0.0182810351
0.0573235564
0.0050578308
0.0226089153
0.0390506350
1.0424221754
0.0482312851
0.0091060465
0.0030257327
0.0096388599
0.0036174618
0.0610497370
0.0204225089
0.0381699353
0.1487894803
0.0499704070
0.0169724207
0.0257711429
0.0343332812
0.0245542619
0.0525816008
0.0370356366
0.0709996074
0.0599110201
0.0052022180
0.0383425765
0.0472862460
0.0166526102
0.0386671834
0.0035362244
0.0345515050
0.0137523180
0.0079273377
0.0377710573
0.0232883487
0.0382671468
0.0659201667
0.0045779748
1.0730063915
0.0167148784
0.0048730080
0.0053951736
0.0445371717
0.0102849724
0.0033072932
0.0034017779
0.0545600578
0.0256348904
0.0058570444
0.4220767915
0.0405953117
0.0551609732
0.0264046881
0.0529756956
0.0684023201
0.0149833839
0.0459549837
0.1223669127
0.0260728821
0.0761293247
0.0082791336
0.0161257107
0.0141671598
0.9303171635
0.0101396525
0.0045130686
0.0273660067
0.0582543872
0.0036066391
0.0270412192
0.0526670888
0.0131010646
0.0334905833
0.0138183981
0.0185274594
0.0226951670
0.0493798405
0.0522962473
0.0481153093
0.0229612812
0.0287666265
0.0075906492
0.0388080440
0.0089346673
0.0484958068
0.0402282216
0.0115264636
0.0665153265
0.0306743737
0.0058000502
0.0730161592
0.0270869769
0.0270445328
0.0103280963
0.0231932830
0.1057531089
0.0234564971
0.0324234031
0.0500912070
0.0085691372
0.0137411775
0.0449902862
0.0135532729
0.0416974872
0.0045051407
0.0043833605
0.0359134264
0.0223855823
0.0622353554
0.0588338524
0.0275339447
0.0484654047
0.0030560929
0.0373613909
0.0077383718
0.0038927661
0.0651665553
0.0167439133
0.0102044679
0.0288564190
0.0031114572
0.0489581525
0.0626891479
0.0174862966
0.0271274485
0.0105320029
0.0045218319
0.0343184136
0.0189064033
0.0366974771
0.0314278528
0.0230110530
0.0428029671
0.0033173237
0.0055961949
0.0061041452
0.0042289062
0.0139765721
0.0603578575
0.0518333688
0.0149154160
0.0304008201
0.0620852485
0.0105207432
0.0095937420
0.0348335318
0.0060131634
0.0089212824
0.0246456508
0.0346225388
0.0147409039
0.0611037537
0.0055565489
0.0060789417
0.0533211380
0.0066916849
0.0041007823
0.0163165480
0.0240699705
0.0110940896
0.4830541611
0.0195311643
0.0566273332
0.0273867603
0.0044234833
1.0282257795
0.0327896774
0.0431730449
0.0392472968
0.0226355195
0.0081964796
0.0116985645
0.0053723729
0.0437286124
0.6549060941
0.0380366482
0.0368428715
0.0055829864
0.0062502422
0.0104232226
0.0159569569
0.0096944571
0.0108390916
0.0125904260
0.0577153973
0.0249271002
0.0694545433
0.1682923585
0.0103437267
0.0031511728
0.0329278298
0.0352871083
0.0148916291
0.0677040070
0.0044650119
0.0446375795
0.0424296260
0.9551686645
0.0042972700
0.0616071299
0.0054593566
0.0237403810
1.1606326103
0.0194077697
0.0440582111
0.0205033682
0.0053585945
0.0034928713
0.0044728974
0.0048178616
0.0050587873
0.0056257783
0.0205845609
0.0435515456
0.0163170733
0.0666103289
0.0120209632
0.0114726312
0.0317923538
0.0260240231
0.0329613313
0.0039341766
0.0176814292
0.0269933082
0.0039125453
0.0183567517
0.0038895037
0.0374436639
0.0083879903
0.0339157842
0.0257294904
0.0370581634
0.2511353195
0.0372829959
0.0052958988
0.0439279899
0.0059915534
0.0228457004
0.0459014513
0.0318849683
0.0540236048
0.0403439291
0.0099847531
0.0071019647
0.0470354147
0.0161571670
0.0156640541
0.0541366525
0.0033064052
0.0198072810
0.0211751200
0.0071062050
0.0058320491
0.0055459067
0.0174854305
0.0508558974
0.0043954398
0.0562430173
0.0069027375
0.0133259958
0.0633761957
0.0446800403
0.0349771976
0.0192032829
0.0191415027
0.0449472293
0.0443372242
0.0288511887
0.2303713262
0.0310242288
0.0168664660
0.0098959180
0.0143959401
0.0050347117
0.0040261825
0.0030310065
0.0044379435
0.0683811828
0.0689507127
0.0090087345
0.0093004219
0.0136329085
0.0399785973
0.0191510674
0.0263938662
0.0042231972
0.0031840364
0.0135784093
0.0355113149
0.0234850477
0.0401115753
0.0435444228
0.0087608881
0.0169084016
0.0304314680
0.0683491901
0.0103071639
0.0287012197
0.0124398321
0.0032908430
0.0189830195
0.0590681061
0.0668371245
0.0689037219
0.0305759497
0.0030628045
0.0399339683
0.0172797870
0.0241308939
0.0090838885
0.0614398159
0.0125383157
0.0724402666
0.0178218018
0.0071257711
0.0638802201
0.0052930792
0.0068766768
0.0057216138
0.0298952609
0.0279763825
0.0254748631
0.0095239980
0.0137998341
0.0607945509
0.2726204693
0.2395185530
0.0621673390
0.0105193071
0.0055392971
0.0515713133
0.0090024015
0.0466711856
0.0160725154
0.0152685158
0.0199554265
0.0030112485
0.0258807037
0.0499177054
0.0038057158
0.0583407804
0.0116331242
0.0632916540
0.0661626235
0.0521964654
0.0066935341
0.0557258129
0.0148254242
0.0600719899
0.0158186313
0.0343721360
0.0045617181
0.0029866742
0.0457595699
0.0090258466
0.0629741922
0.0627061203
0.0029014491
0.0050062439
0.0033276784
0.0039550895
0.0077126124
0.0399445444
0.0461912639
0.0114997327
0.0068964227
0.1236495152
0.0105224224
0.0119471978
0.0542425886
0.0417232737
0.0226263646
0.0764174312
0.0240401067
0.0243374854
0.0112210549
0.0233519357
0.0413777642
0.0100795524
0.0062305969
0.0055113956
0.0052564442
0.0040200339
0.0160481147
0.0076879379
0.0058731595
0.0203272887
0.0413394831
0.0422117449
0.0040979800
0.0119414832
0.0121944239
0.0329667367
0.0399611779
0.0213261824
0.0683495924
0.0180687010
0.0683921129
0.0713024288
0.0188858137
0.0502295643
0.0064830226
0.0562381782
0.0399325192
0.0592286140
0.0068741213
0.0234494209
0.0296788774
0.0052138418
0.0571249202
0.0172743779
0.0372438729
0.0224340353
0.0061488533
0.0068428754
0.0464471914
0.0407698601
0.0111584384
0.0396050811
0.0145415729
0.0223617926
0.0677428693
0.0258847605
0.0495976284
0.0508564487
0.0086905304
0.0439139120
0.0213227142
0.0119102839
0.0080686370
0.0198194236
0.0073007033
0.0133138755
0.0094979238
0.0751964971
0.0427940935
0.0301269218
0.0043716985
0.0288006514
0.0647529364
0.0360117331
0.0079834713
0.0047036125
0.0598416068
0.0318558477
0.7698544860
0.0150316115
0.0220118407
0.1439150870
0.0683755949
0.0592974909
0.0286789052
0.0139429001
0.0163736288
0.0063663214
0.0282420479
0.0051969308
0.0552141368
0.0046508173
0.0665616766
0.0177233536
0.0089193610
0.0161568560
0.0295311585
0.0592375360
0.0141223203
0.0706772134
0.0689124838
0.0174006131
0.0432688184
0.0167563148
0.0332276747
0.0036138189
0.0040215775
0.0186598711
0.0295362994
0.0550398491
0.0043744165
0.0320034623
0.0649042204
0.0344024189
0.0171973947
0.8464175463
0.0571047068
0.0701417625
0.0093279621
0.0103885978
0.0174791459
1.0617156029
0.0263763927
0.0614292547
0.0050011496
0.0069871759
0.0091704065
0.0401515253
0.0094583854
0.0339972861
0.0392916650
0.0033059176
0.0344096646
0.1097400337
0.0147042302
0.0666777119
0.0988807753
0.0588121861
0.0048750811
0.0467775166
0.0633862019
0.0076060249
0.0398417041
0.0206661504
0.0509208962
0.0224536676
0.7901630998
0.0469875708
0.0268051997
0.0360794254
0.0604112819
0.0468336530
0.9950469732
0.0036716149
0.0156096322
0.0247042999
0.0035116049
0.0034934084
0.0259970464
0.0386391282
0.0325303227
0.0295309965
0.0589501187
0.0107960803
0.0211116038
0.0045310678
0.0080833025
0.0191215649
0.0690980107
0.0316766575
0.0321135484
0.0183936898
0.0579269081
0.0425227247
0.0060336874
0.0065547260
0.0328694470
0.0089188395
0.0052461526
0.0174868796
1.0214149952
0.0032472990
0.0273112282
0.0165828541
0.0325448923
0.0518528670
0.0236742850
0.0091127520
0.0114278812
0.0054485826
0.0617149360
0.0050125713
0.0291442238
0.2545975149
0.7527077198
0.0128597356
0.0169106424
0.0061988132
0.0075126803
0.0731460676
0.0139914015
0.0146571845
0.0278149620
0.0286913980
0.0097677764
0.0247388948
0.0605085455
0.0116655519
0.0298391618
0.0185974948
0.0045774588
0.0034676897
0.0132020349
0.0029499242
0.0379455313
0.0094036497
0.0296056680
0.0601444170
0.0053253509
0.0458589569
0.0350784324
0.0702011660
0.0260371249
0.0199534614
0.0120321447
0.0083911428
0.0150442310
0.0156440232
0.0115499264
0.0062339711
0.0252315048
0.0722560212
0.0101163751
0.0115020536
0.0052450141
0.0120689347
0.0204933751
0.0283975117
0.0719005838
0.0277580675
0.0040320163
0.0274807420
0.0527200550
0.0037745140
0.0050379816
0.0244864114
0.0316842869
0.0044656438
0.0141621223
0.2893676162
0.0030824693
0.0542161576
0.0165362433
0.0485627204
0.0042489865
0.0095171640
0.0086459024
0.0035482976
0.0206089132
0.0576152094
0.0050889957
0.4402650893
0.0405005254
0.0053729024
0.0074954056
0.0078886915
0.0593804792
0.0179657154
0.0649130642
0.0502411798
0.0173143465
0.0469242521
0.0433619544
0.0052728169
0.0201133192
0.0812277272
0.0413038023
0.0655893907
0.0469195545
0.0624580868
1.1302086115
0.0029769798
0.0096370224
0.0486056283
1.0081011057
0.0079373978
0.0255955067
0.0097491061
0.0138831008
0.0078155855
0.0045883874
0.0281902272
0.0424371436
0.0488304757
0.0300277974
0.0692005381
0.0566433817
0.0687374398
0.0207894873
0.0029518381
0.0223200098
0.0120506398
0.0108723929
0.0484973639
0.0258297194
0.0105814626
0.9349001050
0.0061864583
0.0657345578
0.0430056714
0.0034890692
0.0281110480
0.0125449914
0.0168593377
0.0709779412
0.0040384000
0.0052932566
0.0376724377
0.0441581346
0.1694351882
0.0059864353
0.0206412841
0.0642254129
0.0416249149
0.0350901447
0.0227110907
0.0216837954
0.0356748812
0.0614843629
0.0225970242
0.0668344796
0.0125347301
0.0165000129
0.0361159369
0.0048287283
0.0715262294
0.0096316161
0.0372432172
0.2046557963
0.0093768695
0.0093477545
0.0119908396
0.0168404672
0.0121529205
0.0531583577
0.0072928346
0.0310234781
0.0242095962
0.0090033151
0.0106953373
0.0456235670
0.0132823596
0.0045824028
0.0035020949
0.0692297667
0.0107467631
0.0714031383
0.0183351822
0.0202791002
0.0657530949
0.0066261045
0.0039569219
0.0147667807
0.0143510737
0.0347210132
0.0029851799
0.0045206351
0.0065419408
0.0271956846
0.0032906400
0.0307112616
0.0070135039
0.0692489520
0.0568216965
0.0191708002
0.0516952537
0.0326096453
0.0584654398
0.0121906018
0.0367550701
0.0445294753
0.0579735413
0.0632083789
0.8353942633
0.0070044775
0.0041814130
0.0031511192
0.8261559606
0.0479701087
0.0177009534
0.0729313493
0.0247131493
0.0029636351
0.0114856353
0.0044409949
0.0041994108
0.0284414012
0.0580987148
0.0630189553
0.0586700551
0.0392039903
0.1150759757
0.0473890379
0.0353917517
0.0177374389
0.0167881902
0.8257178068
0.0099532371
0.0151044922
0.3992800415
0.0166206136
0.0045624031
0.0694987252
0.0143676577
0.0073913205
0.0074589280
0.0536623299
0.0610164478
0.0098008839
0.0250191540
0.0343251154
0.0061102351
0.0119287809
0.0725631416
0.0358921923
0.0181876961
0.0099362833
0.0277828984
0.0100825019
0.0190740060
0.0359421112
0.0905152559
0.0355082080
0.0716964826
0.0337620154
0.0489036813
0.0231082905
0.9034553170
0.0054109599
0.0819921792
0.9399266243
0.0233804248
0.0087422095
0.0051651923
0.0129020233
0.0184740201
0.0080541996
0.0114833433
0.0039339159
0.0108678676
0.0419887565
0.0073152022
0.0238614734
0.1459793597
0.0203081034
0.0288366731
0.0183695722
0.0791485310
0.0079841232
0.3463857770
0.0433162116
0.0095471935
0.0044643758
0.0481518246
0.9606038332
0.0083597396
0.1655770391
0.0245788880
0.0491906777
0.0041238805
0.0104471631
0.0048416541
0.0290765855
0.0457906537
0.0682403520
0.0117587540
0.0060427748
0.0045748060
0.0293705426
0.0171260834
0.0144901676
0.0063405875
0.0578930117
0.0062555461
0.0727046728
0.0276861116
0.0096744066
0.0114741968
0.0562468395
0.0348800942
0.0678353235
0.0075618709
0.0210428741
0.0114597240
0.0075393738
0.0211096592
0.1495212466
0.0198781714
0.0073698871
0.1290151775
0.0526689403
0.0077749733
0.0058005829
0.0187246166
0.0348170698
0.0169436373
0.0047675385
0.0406026021
0.0521404333
0.0574735887
0.0347017683
0.0383987390
0.0072941040
0.0221729018
0.0191978384
0.0096069239
0.0247662775
0.0689460337
0.1155464351
0.0092373295
0.0030672371
0.0247314442
0.0522689559
0.0162200071
0.0498262160
0.0109774340
0.0668664649
0.0604012571
0.0594410412
0.0070996750
0.2004802972
0.0177429449
0.0044249240
0.0210465956
0.0367174633
0.0567575134
0.0037820174
0.0087979138
0.0369400010
0.0095153246
0.0122487023
0.0365510359
0.0170030333
0.0124871153
0.0038226633
0.0405683070
0.0449404456
0.0090430919
0.0530501492
0.0678438172
0.0080349119
0.0417417176
0.0085168425
0.0193676427
0.0095717618
0.0040374491
0.0615904480
0.0036166518
0.0286844485
0.0372995362
0.0550290868
0.0081839645
0.0085986527
0.0150475632
0.0372358970
0.0064013912
0.0028780592
0.0061186436
0.0513048880
0.1798014790
0.0139493123
0.0723780617
0.0114718731
0.0262862351
0.0036251049
0.0463547818
0.0143680479
0.0366513692
0.4099780917
0.0647423491
0.0684866980
0.0111992760
0.0410525724
0.0110750739
0.0451472923
0.0252959356
0.0250842348
0.0613494553
0.0116587169
0.0517446585
0.0545992739
0.0224096533
0.0239336584
0.0069399537
0.0061508487
0.0048418632
0.0271360166
0.8672311306
0.0472858958
0.0173662081
0.0051447907
0.0068098907
0.0704056621
0.0683284402
0.0200698506
0.0041280831
0.0246065930
0.0151217198
0.0739877671
0.0135801882
0.0589433908
0.0039193030
0.0075834556
0.0084556649
0.0491485558
0.0051595466
0.0109433802
0.0271492489
0.0502062216
0.0197499115
0.0514209680
0.0043275733
0.0677473471
0.0480864458
0.0241034459
0.0363146737
0.0683994591
0.0060566538
0.0215324424
0.0205941759
0.4303696454
0.0148919867
0.0056451196
1.0160561800
0.0470709875
0.0107713984
0.0451149233
0.3009377718
0.0484816357
0.0099317776
0.0644200817
0.0307112914
0.0063020955
0.0072255870
0.0463961102
0.0168032367
0.0373841114
0.0103109386
0.0037246447
0.0618759766
0.0093067847
0.0145712569
0.0508494340
0.0426548198
0.0107768923
0.0615123771
0.0078287711
0.0046372358
0.0064323642
0.0077274488
0.0181933921
0.0582472607
0.0199256316
0.0572118908
0.0430655330
0.0127194868
0.0048515908
1.0750082731
0.0340858027
0.0334557705
0.0287741423
0.0615982302
0.0092837941
0.0079917563
0.0047274581
0.0230935067
0.0103667555
0.0626258031
0.0220916476
0.0355394669
0.0215820633
0.0222444721
0.0058635334
0.0282789096
0.0045638429
0.0863878950
0.0177264046
0.0108295679
0.0050353506
0.0074122581
0.0037504747
0.0064384551
0.0427956954
0.0255185515
0.0202601496
0.0187044088
0.0623033233
0.0615281537
0.0127131036
0.0064878734
0.0492122881
0.0589344501
0.0267030392
0.0314431973
0.0096258884
0.0036943776
0.0672943518
0.0061070779
0.0049493164
0.0077861836
0.0464777239
0.0267883036
0.0060056620
0.0062399558
0.0047087739
0.0211177636
0.0088580716
0.0085699568
0.0242576730
0.7757959962
0.0630479008
0.3841482401
0.0115116872
0.0667936280
0.0082002273
0.0575719401
0.6617623568
0.0481724739
0.0359417573
0.9674149156
0.0641224310
0.0482090004
0.0052793506
0.0353098810
0.0065604094
0.0094754994
0.0219029896
0.0487306975
0.0042996090
0.0631539747
0.0075728754
0.0112364925
0.0213295855
0.0685550123
0.0149703482
0.0718872771
0.0424429588
0.0079973033
0.0056033758
0.0359532684
0.0312906131
0.0530792549
0.0172872376
0.0477629416
0.0090839146
0.0392467566
0.0250946507
0.0115849031
0.3813971877
0.0123626916
0.0726219118
0.0063019549
0.0178831704
0.0112954881
0.0390026122
0.0233066808
0.0194962025
0.0718763024
0.0239600521
0.0075849122
0.0118007977
0.0179553088
0.0232832693
0.0187342726
0.0289827809
0.0053821066
0.0255902447
0.0074276971
0.0197959337
0.0234739706
0.0528347306
0.0250957739
0.0177486409
0.0095403083
0.0079123350
0.0147703569
0.0523199700
0.0386164375
0.0146945138
0.0042484878
0.0278951526
0.0117410179
0.0034906301
0.1365555227
0.0772730410
0.0116448235
0.0083098337
0.0674938783
0.9757016897
0.0352518894
0.0443645902
0.0471385270
0.1342272609
0.0265118629
0.0106151337
0.0603267811
0.0487480834
0.0365832858
0.0220788456
0.0518932529
0.9007256031
0.0420665182
0.0072924290
0.0633832142
0.0551294535
0.0045227134
0.0136371721
0.0051116184
0.0331816487
0.0198976770
0.0601185113
0.0072782752
0.0448349528
0.0041392171
0.0037087521
0.0493931063
0.0239203796
0.0120842075
0.0121758347
0.0258087292
0.0030054608
0.0326877013
0.0184035525
0.0197186079
0.0050403415
0.0229228791
0.0133025721
0.0416845717
0.0197586734
0.0140360985
0.0182966422
0.0360802487
0.0394464545
0.0095730489
0.0067157694
0.0260595679
0.2908751667
0.0094116349
0.0275474172
0.0064311037
0.0255493466
0.0701131374
0.0631705076
0.0443707034
0.0402293615
0.0497215241
0.0198069457
0.0647483170
0.0156102106
0.0280629490
0.0337795354
0.0098326318
0.0115599930
0.0047052354
0.0047826734
0.0292348508
0.0315124542
0.0601421669
0.1824486703
0.0702761337
0.0645539761
0.0055744862
0.0536503270
0.1542755067
0.0214515999
0.0394590981
0.0295709465
0.0340657011
0.0030279241
0.0591323301
0.0075474549
0.0067911861
0.0060432870
0.4761816561
0.0687041879
0.0231685676
0.0717048794
0.0047601331
0.0290495530
0.0342423320
0.0191120580
0.0382239446
0.0164192729
0.0108878212
0.0399435461
0.0066178553
0.0319486856
0.0254778471
0.0900923610
0.0637126863
0.0062293364
0.1114473864
0.0227835532
0.0572763048
0.0120764365
0.0051860283
0.0260546245
0.0149437496
0.0241191294
0.0115379756
0.0289278906
0.0118228914
0.0051862048
0.0351667479
0.0412996858
0.0149753354
0.0036671590
0.5375690460
0.0069844490
0.0501251556
0.0038478924
0.0622353218
0.0785179511
0.0603620633
0.0396800190
0.0338718928
0.0606669560
0.0170029141
0.0086737173
0.0948734581
0.0437889136
0.0082832519
0.0038691051
0.0033782548
0.0628194660
0.0082384180
0.0143847764
0.0035030479
0.0687351152
0.0380514152
0.0564893037
0.0279399715
0.0099197216
0.0226618238
0.0147920949
0.0080423150
0.0608224049
0.0156047167
0.0051971921
0.0096715232
0.0168987028
0.0248938128
0.0079739215
0.0050398479
0.0186105371
0.0442988425
0.0225949883
0.0081740329
0.0225207023
0.0714756772
0.0448869690
0.0187250935
0.0123902243
0.0158562362
0.0166390780
0.0373050086
0.0381945781
0.0056979330
0.0826163888
0.0699417964
0.0210155789
0.0691313595
0.0496282429
0.0220802147
0.0720379800
0.0355511494
0.0182884820
0.0223776214
0.0358887091
0.0652660578
0.0439183563
0.0045437207
0.0222561341
0.0334303677
0.0294564385
0.0243479945
0.1082748547
0.0624921881
0.0385678038
0.0443574674
0.0205851737
0.0143934703
0.0226883888
0.0563663840
0.0476046205
0.0680753514
0.0505123064
0.0254901517
0.0059808153
0.0122585613
0.0213484280
0.0066611487
0.0055908649
0.0136895385
1.0719842911
0.0520812534
0.0489398725
1.0144047737
0.0111716501
0.0917666554
0.2948631942
0.1731676310
0.0135755045
0.0065886006
0.0224843565
0.0059361923
0.0034720199
0.0046029924
0.0119671626
0.0035700570
0.0388247557
0.0297119655
0.0378409475
0.0510765724
0.9971750975
0.0196506027
0.0665038824
0.0059826905
0.0416639782
0.0089531299
0.0172329582
0.0456420183
0.0046032192
0.0191068761
0.0503626205
0.0125142690
0.0691027343
0.0175456535
0.0181345083
0.0240880959
0.0435862690
1.0574220419
0.0231435411
0.0033909280
0.0440795831
0.0335205682
0.0134335812
0.0054057026
0.0054863761
0.0048562870
0.0030443917
0.0295190308
0.0048027528
0.0580900833
0.4363829195
0.0998209938
0.0099168671
0.0144703388
1.0257425308
0.0115414076
0.0407284312
0.0435102358
0.0060690162
0.0101791220
0.0311006494
0.0054763700
0.0347636603
0.0723881125
0.0037621802
0.0178006291
0.0180432983
0.0048326044
0.9923419952
0.0183322839
0.0120399874
0.0153013412
0.0285586640
0.0111160045
0.0112518808
0.0482282154
0.0716781691
0.0055845664
0.0180172380
0.0269247852
0.0514151715
0.0156145254
0.0498704202
0.0129908957
0.0344459563
0.0439375490
0.0491289124
0.0363946445
0.0678068101
0.0265496187
0.0086082341
0.0334697589
0.0032092815
0.0127107911
0.0066419910
0.0034687864
0.0201971736
0.0269482546
0.1288273484
0.0434859507
0.0064315828
0.8709530830
0.0291552544
0.0507746935
0.0282446928
0.0035966046
0.0180300530
0.0179789253
0.0555602200
0.0033309604
0.0423328206
0.0242115483
0.8307434916
0.0103735765
0.9686678052
0.9837307930
0.0171227660
0.0261664838
0.0031370621
0.0112366239
0.0080769360
0.0730586797
0.0441629030
0.0611500703
0.0203484669
0.0082324063
0.0119309295
0.0544793680
0.0507787541
0.0383830816
0.0094325114
0.0031125497
0.0069304663
0.0116889281
0.0182911344
0.0059679528
0.0068432549
0.0359454826
0.0411115363
0.0085908407
0.0037392585
0.0381246805
0.0168857723
0.0506766252
0.0417499542
0.0726853460
0.0182169527
0.0511966497
0.0147697115
0.0242287237
0.0046656565
0.0221951269
0.0441052951
0.0582923554
0.0120043745
0.0034549749
0.0559421740
0.0663442910
0.0208209511
0.0097164996
0.0076043322
0.0722036958
0.0611991063
0.0272893272
0.0631263852
0.0105003584
0.0369051397
0.0079619745
0.1157855541
0.0222517755
0.0073783570
0.0087975124
0.0096269418
0.0062870965
0.0203930419
0.0337474719
0.0537241884
0.0192375798
0.0124453194
0.0041773724
0.0416000523
0.0691379309
0.0544251762
0.0124272713
0.0954763740
0.0045298557
0.0089934589
0.0066682165
0.0244304854
0.0077689406
0.0111316750
0.0252519026
0.0517484285
0.0052914005
0.0035084609
0.0515134372
0.8146083951
0.0054010204
0.0206648838
0.0264320672
0.0409131162
0.0174909271
0.0050465665
0.0317086726
0.0061240429
0.0167220123
0.0040202746
0.0059414925
0.0682196170
0.0065259859
0.0682333037
0.0135369664
0.0056439410
0.0377502032
0.0263422653
0.0320307501
0.0154385595
0.0289444923
0.0229307283
0.0296902433
0.0068566334
0.0086217634
0.0031459481
0.1887593716
0.0313939862
0.0088661499
0.0126620438
0.0158451945
0.0272278450
0.0277027469
0.3139287829
0.0233502984
0.0198353659
0.0144587243
0.0142331282
0.0462642498
0.0118476832
0.0666248873
0.0142142931
0.0484730601
0.0560545437
0.0404830500
0.0199930128
0.0163309667
0.0199976955
0.0629241243
0.0330194868
0.0563443340
0.0035105662
0.1984891593
0.0349524394
0.4957503974
0.0071148896
0.0409752764
0.0359478332
0.0137019176
0.0535039082
0.0104222568
0.0281571783
0.0366156325
0.0039177435
0.0327000879
0.0172099117
0.1060232297
0.0168291088
0.0488547571
0.0097307814
0.0103917429
0.0062992480
0.0140588963
0.0178863984
0.0371372886
0.0133209648
0.0707776621
0.0075950292
0.0542680733
0.0645069778
0.0073454450
0.0291921031
1.0203136206
0.0292937402
0.0440146551
0.0330458805
0.0033171601
0.0707441866
0.0274396725
0.0556256697
0.0102357445
0.0040684999
0.0178885236
0.0059637991
0.0666958541
0.0296467431
0.0568106659
0.0078502810
0.0563744530
0.0659240782
0.0057584513
0.0196960662
0.0290258601
0.0042174221
0.0175033435
0.0121517470
0.0110331979
0.0030114427
0.0130334087
0.0212730542
0.0034857842
0.0632840097
0.0395168401
0.0443531126
0.8907338381
0.0229464844
0.0105488412
0.9096907973
0.0644485056
0.8952884674
0.1143347546
0.0053721541
0.0035810501
1.0393368006
0.0220635813
0.0189359747
0.0271979999
0.0191885252
0.0110224541
0.0554036200
0.0634296611
0.0531830937
0.0690669566
0.0202215966
0.0695812702
0.0323615111
0.0292023122
0.0195805077
0.0148693463
0.0298075508
0.0360853709
0.0034070087
0.0199770071
0.0254870690
0.0628158748
0.0413808934
0.9930759668
0.0049899062
0.0095458208
0.0665406138
0.0692990422
0.0193347465
0.0709157363
0.0228027180
0.0053861020
0.0692626461
0.0111106439
0.0162760913
0.0571711659
0.0076774014
0.0042682295
0.0431215987
0.0040056696
0.0049614958
0.0054008667
0.0323444344
0.0258631986
0.0113141807
0.0181368366
0.0065043038
0.0247391630
0.0052104658
0.0154146105
0.0037005595
0.0043093725
0.0246875137
0.0102830222
0.0116484584
0.0262224413
0.0399481803
0.0680771694
0.0669146702
0.0473737307
0.0038115836
0.0681257844
0.3472816348
0.0194709934
0.0165517721
0.0091647841
1.0063523054
0.0385346822
0.0142867146
0.0379694179
0.0305757672
0.0031338988
0.9907329082
0.0389940217
0.0668868721
0.9130016565
0.0206799302
0.0232177917
0.0299911536
0.9986993670
0.0232466813
0.3548876345
0.0031281016
0.0854788125
0.0058506583
0.0133160129
0.0046713841
0.0454148166
0.0479411222
0.0174633600
0.0175798852
0.0347416475
0.0691775307
0.0472383611
0.0060961135
0.0627337918
0.0047737737
0.0563627928
0.0038821858
0.0566778556
0.0324340835
0.0451302789
0.0390924476
0.0430039801
0.0716297328
0.0061955629
0.0574373491
0.0367031917
0.0297323186
0.0504622385
0.0135425311
0.0052703805
0.0615721531
0.0232238155
0.0414834321
0.0135899531
0.0638542697
0.0274656415
0.0097332811
0.0094649745
0.0226423778
0.0426080190
0.0032572437
0.0231421310
0.0367607251
1.0588872433
0.0080863629
0.0095851962
0.0030393014
0.9048087597
0.0052489107
0.0233708788
0.0305935498
0.3499234915
0.0052654715
0.0154784732
0.0041631255
0.0489285327
0.0750025213
0.0097641433
0.0045732893
0.0548773259
0.0086020315
0.0348178372
0.1070655659
0.0944062620
0.0325449258
0.0685836300
0.0086413398
0.0112463618
0.0078662811
0.3703898489
0.0700313374
0.0505819507
0.0028812457
0.0674412996
0.1231386438
0.0601234585
0.0088838702
0.0602728911
0.0617336221
0.0166390911
0.0236350615
0.0029868686
0.0462461039
0.0202102400
0.0274770651
0.0336387679
0.0131912734
0.0572362617
0.0513928309
0.0052363141
1.0208950043
0.0614637285
0.0263073742
0.0461514071
0.0684670731
0.0038124730
0.0036603597
0.0689278170
0.0307257939
1.1167650223
0.0507418029
0.0072065997
0.0416644178
0.0113117676
0.0592201389
0.0198732018
0.0173090752
0.2081575245
0.0604648851
0.0321960375
0.0239624195
0.0335463881
0.0357216746
0.0220063105
0.0386188589
0.0067474819
0.0035826308
0.0171546787
0.0054015373
0.0029165333
0.0151833789
0.0494778454
0.0391464531
0.0275100917
0.0671076626
0.0074519431
0.0772386715
0.0321076959
0.0620076805
0.0186819434
0.0074814460
0.0628667399
0.0160445347
0.0132946586
0.0058949259
0.0071021770
0.0381863639
0.0202604439
0.0349774770
0.0301733930
0.0516455546
0.0724910200
0.0644656122
0.0429791287
0.0274031907
0.0418189764
0.0717394277
0.0242053494
0.0181107428
0.0142308641
0.0427925698
0.0268568080
0.0178834796
0.0343055464
0.0217582844
0.0392276645
0.0134961689
0.0379075520
0.0035776044
0.0036992370
0.0512039065
0.0659660250
0.0654196441
0.0293084774
0.0394613519
0.0124711730
0.0098348334
0.0075147818
0.0059120413
0.0078410609
0.0414938889
0.0091829151
0.0669220313
0.0502815843
0.0629425868
0.0133827589
0.0708421469
0.0697667822
0.0132594071
0.0068402905
0.0575289614
0.0033750779
0.0337447673
0.0125206616
0.0065416223
0.0038999061
0.0194672830
0.0506465174
0.0122368364
0.0034298752
0.1432502866
0.0797233135
0.0107077332
0.0351867154
0.0071564056
0.0601932369
0.0105489083
0.0611374676
0.0599320270
0.0455856733
0.0424949639
0.0678595081
0.0332413837
0.0638546646
0.0051099272
0.0196509175
0.0272978954
0.0140499892
0.0278569609
0.0113497181
0.0141373212
0.0034346529
0.0088080149
0.1396866292
0.0094881756
0.0792221949
0.0711673200
0.0240790416
0.0037265467
0.0330616422
0.0682827085
0.0236271024
0.0497555435
0.0069119558
0.1159042269
0.0252038725
0.0443873331
0.0628132746
0.0326725394
0.0118140019
0.0652299821
0.0061526913
0.0361017473
0.0205864608
0.0265519656
0.0051425463
0.2781484127
0.0509553924
1.0345513821
0.0405939110
0.0725398585
0.0240052436
0.0184522830
0.0034150644
0.0361267067
0.0044571310
0.0365196802
0.0315136239
0.0191739798
0.0050828438
0.0044763600
0.0552889034
0.0031069305
0.0054829316
0.0109640183
0.1515331864
0.0074779252
0.0137077253
0.0352881625
0.0035460382
0.0221367367
0.1970866472
0.0130338268
0.0160974022
0.0030232745
0.0490480214
0.0042867460
0.0335464254
0.0117244404
0.0059061330
0.0109546520
0.0053639114
0.0534555539
0.0094160950
0.0290652681
0.0210268535
0.0556131043
0.0265632514
0.0587475896
0.2547370791
0.0359842628
0.0121935746
0.0370024852
0.0713957027
0.0093096700
0.0138787394
0.0915869102
0.0463636369
0.0104340231
0.0471467339
0.0192421488
0.0144624934
0.0141431307
0.0034474474
0.0256063771
0.0668629855
0.0225519724
0.0610939972
0.0060160118
0.0329938233
0.0055023278
0.0077984557
0.5228444934
0.0042499667
0.0197569057
0.9320614934
0.0087627880
0.0124840168
0.0296430178
0.0209497847
0.0040507950
0.0210366938
0.0306884144
0.0061808699
0.0157018043
0.0042422498
0.0520675145
0.0176432226
0.0343685448
0.0583485030
0.0154849170
0.0106820092
0.0042424146
0.0168904308
0.0106678270
0.0305711515
0.1557333022
0.0165656302
0.0542291217
0.0134789767
0.0259157270
0.0385129452
0.0498870313
0.0455243662
0.0250995643
0.0042597931
0.0091058835
0.1614160091
0.0101689678
0.0044072489
0.0237972401
0.0263068676
0.0871269405
0.0544632003
0.0076547032
0.0863541290
0.0476999842
0.0230961107
0.0406012051
0.0404675826
0.0348066837
0.0031028707
0.0666734055
0.0626721010
0.0510581173
0.0052899164
0.0270671193
0.9863655567
0.1406838745
0.0040985309
0.0133529995
0.0134582892
0.0208759457
0.0195394959
0.0677119866
0.0406508818
0.0104882875
0.0218653642
0.0034814279
0.8402531743
0.0104075363
0.0056438348
0.0067963060
0.0046563190
0.0493494347
0.0062316521
0.0277052801
0.0558862276
0.0133072184
0.0137012517
0.1721996069
0.0079458347
0.0257661100
0.0037365677
0.0569563545
0.0032635136
0.0363563448
0.0400647223
0.0634730011
0.0055746059
0.0157111175
0.0106717478
0.0323503911
0.0094021652
0.0121641736
0.0537207201
0.0366564468
0.0291672982
0.0029938400
0.0219577402
0.0306485258
0.0216107499
0.0651608631
0.0422641188
0.4121737480
0.0248199180
0.0048821452
0.0604094379
0.0493831933
0.0042414446
0.0068496033
0.0065215020
0.0174747389
0.0398104191
0.0140118608
0.0568014272
0.0277250130
0.1029174626
0.0573254041
0.0053911642
0.0731209815
0.0061022416
0.0238215048
0.0096477419
0.0663286299
0.0154831167
0.0421543345
0.0147361467
0.0258407444
0.0161578190
0.0095919734
0.0047606556
0.0450128801
0.0654279217
0.0431949832
0.0667052269
0.0424372293
0.0042034583
0.0222688336
0.0111321462
0.0158801191
0.0525406301
0.0709749535
0.0113246366
0.0109998221
0.0253159981
0.0284253582
0.0232918430
0.0043227770
0.0144215981
0.0200497601
0.0561049655
0.0500895418
0.0444955826
0.0557943173
0.0675053969
0.0097259125
0.0330620930
0.0341949090
0.0044346913
0.0598286167
0.0499189235
0.4296611547
0.0240380429
0.0043379371
0.0440541580
0.0120918676
0.0151254060
0.0382338390
0.0243819505
0.0631546602
0.0226677470
0.0235235244
0.0058180918
0.0031513814
0.0569629855
0.0078523522
0.0311135873
0.0073397872
0.0563466176
0.0030563583
0.0217748545
0.0072828438
0.0107468478
0.0120571936
0.0672077611
0.0395253338
0.0674374849
0.0219047386
0.0444208905
0.0699702129
0.0032958877
1.0939236879
0.0103852386
0.0049294163
0.0127247358
0.0659287795
0.0131533341
0.0108208396
0.0284125134
0.0040868185
0.0089301178
0.0364532247
0.0215715803
0.0602050014
0.0074088089
0.9502980709
0.0735739917
0.0030675877
0.0519851372
0.0428537205
0.0282139499
0.0251539424
0.0647600517
0.0082212649
0.0156144425
0.0307695176
0.0030704937
0.0042878422
0.0344554111
0.0682681873
0.0088385465
0.0100987507
0.0611703955
0.0407442488
0.0645877570
0.3138091266
0.0673885942
0.0116751920
0.0399397053
0.0347836390
0.0130111249
0.0508087464
0.0103989625
0.0507493354
0.0691851303
0.0382323861
0.0310616512
0.0156526323
0.0449464954
0.8880515099
0.0268918276
0.0104099950
0.0225599110
0.0151757980
0.0274956618
0.0043169814
0.0441435464
0.0066286819
0.0064286254
0.0390430689
0.0550845861
0.0386458151
0.0064330404
0.0345969126
0.0154276891
0.0127828727
0.0287890583
0.0074829631
0.0728633180
0.0334428884
0.0414741933
0.0324121639
0.0038255514
0.0409564301
0.0124497907
0.0554893464
0.0372645296
0.9716047645
0.0131918415
0.0699484944
0.1240617558
0.0692006648
0.0121748103
0.0059883869
0.0634961650
0.0315424986
0.0166341718
0.0343407616
0.0075152335
0.0049966145
0.0208735690
0.0052833227
0.0327267200
0.0706414953
0.0029655427
0.0159284975
0.0302648209
0.0631404147
0.0648874715
0.0046038004
0.0038294676
0.0320340879
1.0110601187
0.0035710873
0.0319678597
0.0063788663
0.0634450316
0.0334418900
0.0623622425
0.0168352593
0.0615249202
0.0531543717
0.0222117472
0.0266325660
0.0115340231
0.0406133980
0.0132405218
0.0793872550
0.0052457876
0.0624292195
0.0637343824
0.0500304848
0.0108123040
0.1852228791
0.0265368354
0.0106886383
0.0049329661
0.0044573047
0.1198332235
0.0035875791
0.0625416413
0.0393283479
0.0331062973
0.0174927469
0.0217152331
0.0207629912
0.0242405068
0.0236852225
0.0030187224
0.0373188183
0.0165924709
0.0925346315
0.0570656657
0.0173219107
0.0574449785
0.0648946613
0.0561047047
1.0042949915
0.0064349757
0.0062336684
0.0277319793
0.0461054184
0.0295455549
0.0233215522
0.0731355101
0.0089852903
0.0129907662
0.0090219975
