0.0047918893
0.0075867735
0.0085472921
0.0043582297
0.0652460977
0.0035364411
0.0406086370
0.0333591923
0.0443906635
0.0227516964
0.0121410983
0.0066545433
0.0497743301
0.0056306035
0.0184724461
0.0555713736
0.0041741277
0.0185511913
0.0100722332
0.0437778831
0.0261022672
0.0316699445
0.0679563805
0.0240055006
0.0042600851
0.0039398046
0.0409256928
0.0077918656
0.0227851253
0.0052045304
0.0163967647
0.0235334821
0.0159138590
0.0054634991
0.0270581320
0.0087359082
0.0721547455
0.0286570173
0.0508206151
0.0147048468
0.0031983636
0.0156347845
0.0205090307
0.0261957571
0.0304905120
0.0465309881
0.0094747879
0.0658432692
0.0036935527
0.0309382901
0.0089203753
0.0143074254
0.0058954107
0.0479048751
0.0305697899
0.0164684858
0.0701332614
0.0495382845
0.0096996240
0.0147457598
0.0485177785
0.0047467141
0.0045705591
0.0571551546
0.0449948385
0.0155769326
0.0759070665
0.0680100918
0.0395093486
0.0424756706
0.0044653397
0.0077716275
0.0684117898
0.0198458657
0.0665317103
0.0664241388
0.0085244430
0.0138378004
0.0033427798
0.0237041730
0.0039867200
0.0602644943
0.0193205774
0.0064653847
0.0497514084
0.0407218188
0.0405321270
0.0096343048
0.0096273869
0.0151266987
0.0076922318
0.0686977804
0.0694843903
0.0568200871
1.0941040516
0.0124642327
0.0253111739
0.0316810943
0.0726180822
0.0387926064
0.0057106721
0.0729616135
0.0700933561
0.0580278598
0.0049012336
0.0104974387
0.0100901034
0.0423475094
0.0067670201
0.0096412003
0.0217830259
0.0288419090
0.0487823524
0.0608734861
0.0670776963
0.0304448809
0.0029553636
0.0094482489
0.0583024286
0.0187270585
0.0265936609
0.0091884853
0.0204449520
0.0628544688
0.0073655187
0.0481176861
0.0198594909
0.0670599490
0.0511359796
0.0146427779
0.0212602057
0.0321400017
0.0468056686
0.0137092657
0.0043038395
0.0055500302
0.0435959175
0.0035183311
0.0035939782
0.1327141821
0.0036701018
0.0199865084
0.0179029759
0.0091259954
0.0439749137
0.0427660085
0.0223202687
0.0081206784
0.0691580549
0.0237761792
0.0099638226
0.0055433367
0.0547959767
0.0775997564
0.0255251918
0.0408555344
0.0067010005
0.0623477027
0.0660249963
0.0406695046
0.0479258783
0.0046465704
0.0096029127
0.0490837581
0.0033475673
0.0135497414
0.0244052298
0.0340927280
0.0357936397
0.0193291400
0.0093352450
0.0054965797
0.0056202780
0.0055270200
0.0521817915
0.0136886202
0.0397446677
0.0162367336
0.0143919354
0.0714766234
0.0369137675
0.0169007573
0.0161191672
0.0265654344
0.0070380038
0.0390119776
0.0119375512
0.0141343549
0.0055921348
0.0056429920
0.0585306883
0.0227859691
0.0041999612
0.0045184903
0.0074248957
0.0328150243
1.1344705820
0.0178875513
0.0625691861
0.1479592770
0.0239933413
0.1262026280
0.0340749994
0.0165239237
0.0039397911
0.0153517956
0.0395716056
0.0082110381
0.0721314251
0.0177281704
0.0349046402
0.0622167215
0.0106342938
0.0063236034
0.0600089952
0.0116365291
0.0681141540
0.0197650008
0.0045958916
0.0588140450
0.0641681626
0.0116468882
0.0691064820
0.0067154774
0.0200431887
0.0104550645
0.0077051562
0.0056067924
0.1085687354
0.0039774170
0.0641150326
0.0304130092
0.0175962951
0.0341815464
0.0669944808
0.0625233650
0.0388494954
0.0098080114
0.0200124383
0.0278861318
0.0674077719
0.0041510132
0.0629038513
0.0285312235
0.0036792792
0.0156394318
0.0034415128
0.0396336876
0.0707216039
0.0818582475
0.0390793122
0.0081323590
0.0478455126
0.0304053295
0.0148558374
0.0391266495
0.0078087845
0.0247519594
0.0629484579
0.0073429355
0.0078912275
0.0232487246
0.0109297177
0.0074198623
0.0049691019
0.0204466973
0.0056627658
0.0268217996
0.0127202971
0.0678384528
0.0048613120
0.0157095492
0.0533942021
0.0605192631
0.0029813661
0.0115524353
0.0035545856
0.0263057686
0.0448591858
0.0101348031
0.0595938936
0.0073196278
0.0128810443
0.0258577820
0.0324031115
0.0444710590
0.0053703785
0.0612072349
0.0519405194
0.0186103974
0.0663728267
0.0553582385
0.0357560292
0.0545306057
0.0054580821
0.0149886105
0.0149908010
0.0163034070
0.0176929515
0.0131443031
0.0062270341
0.0164734460
0.0491991416
0.0668199435
0.0165735688
0.0647681803
0.0612955242
0.0238281582
0.0050540934
0.0367806442
0.0186054297
0.0199513230
0.0485030226
0.0567665994
0.0211431030
0.0237810351
0.0409198739
0.0690553486
0.0219027102
0.0658111572
0.0058072237
0.0544152185
0.0241960641
0.0462400466
0.0212990511
0.0053685727
0.0426593423
0.0492653623
0.0471297726
0.0355966389
0.0397748500
0.0547270700
0.0341180228
0.0257132109
0.0439787097
0.0040520267
0.0444890559
0.0115332920
0.0212691240
0.0294783674
0.0661634728
0.0035790512
0.0240585543
0.0264471527
0.0472355634
0.0063804439
0.0039938455
0.0295252502
0.0090558222
0.0067747370
0.0673288256
0.0058940551
0.0725628734
0.0265312567
0.0179122351
0.0679510832
0.0040154909
0.0460474342
0.0315997638
0.0186373461
0.0728589520
0.0643121675
0.0176487043
0.0328808017
0.0055768187
0.0301579945
0.0046512936
0.0705575123
0.0601788349
0.0397268198
0.0453916602
0.0647581816
0.0729675591
0.0128774336
0.0056388467
0.0305699576
0.0032731378
0.0128087448
0.0445385575
0.0415972881
0.0291924551
0.0074489298
0.0041163070
0.0070557608
0.0633233860
0.0173388235
0.0545611940
0.0259848833
0.0290067345
0.0448232293
0.0169729553
0.0032893254
0.0045372378
0.0553586408
0.0087182224
0.0048289029
0.0122887921
0.0122767286
0.0168190487
0.0192160495
0.0498418473
0.0436931625
0.0070847073
0.0573367998
0.0306826364
0.0041561923
0.0512538776
0.0625873655
0.0060337661
0.0495808236
0.0287970528
0.0063081682
0.0054127700
0.0043352218
0.0106742634
0.0038363622
0.0392347798
0.0093414579
0.0562498793
0.0045007737
0.0073209959
0.0269453470
0.0248531997
0.0777359009
0.0146874953
0.0438123047
0.0047813249
0.0246388409
0.0445089862
0.0218822118
0.2773399651
0.0151502881
0.0151060242
0.0275234245
0.0042755320
0.0623000376
0.0435858965
0.0126377642
0.0060992236
0.0664006695
0.0155852269
0.0089985654
0.0091801714
0.0036621771
0.0219773017
0.0452201888
0.0078321267
0.0411796868
0.0235924628
0.0677400306
0.0107843922
0.0096581150
0.0118070571
0.0069417539
0.0215967763
0.0055106212
0.0120055676
0.0453100689
0.0386674814
0.0199348927
0.0039524799
0.0287765246
0.0247810800
0.0223664381
0.0490826704
0.0333174355
0.0192227103
0.0068117906
0.0363053977
0.0421122871
0.0727667809
0.0731329098
0.0047985590
0.0742635503
0.0705958381
0.0565480925
0.0497004241
0.0166772604
0.0692837536
0.0120261535
0.0090491893
0.0513863973
0.0552405901
0.0739030093
0.0383304656
0.0055592302
0.0063948464
0.0683476999
0.0568232648
0.0185386520
0.0062977867
0.0520941280
0.0126835257
0.0206034314
0.0117758438
0.0395926498
0.0234749671
0.0090121664
0.0471906886
0.0099496255
0.0347373895
0.0274588577
0.0773149654
0.0070509100
0.0310557988
0.0264300834
0.0109724216
0.0441548340
0.0057934835
0.0042486028
0.0101859933
0.0032090559
0.0115537317
0.0049757943
0.0421878546
0.0398642942
0.0459035970
0.0050602886
0.0450724252
0.0180931091
0.0069317785
0.0346210040
0.0069647785
0.0072578695
0.0154327350
0.0596857704
0.0165163409
0.0534121357
0.0104911625
0.0038358625
0.0182145759
0.0185093209
0.0045076218
0.0484653302
0.0064283023
0.0557490140
0.0051272176
0.0699046180
0.0162623450
0.0711675733
0.0281328317
0.0095337210
0.0064703380
0.0278224573
0.0536711812
0.0374041572
0.0173486043
0.0314942896
0.0120281931
0.0140761528
0.0139625883
0.0646646693
0.0795042887
0.0572572351
0.0074936291
0.0070008850
0.0700260028
0.0089608151
0.0307438876
0.0541893095
0.0142506389
0.0596182793
0.0278960355
0.0326188318
0.0106697790
0.0204046033
0.0638903901
0.0048581334
0.0677685365
0.0086237323
0.0354252160
0.0155738974
0.0505240820
0.0085875774
0.0195073988
0.0218369029
0.0267350134
0.0194189660
0.0647424981
0.0116745979
0.0115964403
0.0461983085
0.0125388764
0.0835026801
0.0470378585
0.0244097468
0.0701676980
0.0298504904
0.0439229645
0.0648507625
0.0141876396
0.0112424726
0.0574075542
0.0150694307
0.0114988387
0.0346555822
0.0517973676
0.0109678600
0.0515585467
0.0392688960
0.0294490512
0.0056821411
0.0716369003
0.0041444018
0.0040344046
0.0922734886
0.0145076104
0.0154354293
0.0099778902
0.0164641812
0.0478761494
0.0069884825
0.0115450174
0.0054418007
0.0284369849
0.0032228965
0.0064045419
0.0614708625
0.0634326711
0.0046971426
0.2368390411
0.0690529272
0.0057619228
0.0049497341
0.0698237419
0.0228617750
0.0086790873
1.0552065372
0.0295489132
0.0517278798
0.0035704048
0.0461547524
0.0049312743
0.0224031452
0.0110350205
0.0085617909
0.0268046129
0.0048204893
0.0030525238
0.0055240300
0.0344086625
0.0058332621
1.0789637566
0.0526515022
0.0181415752
0.0623660721
0.0163482539
0.0311038196
0.0521059670
0.0520575494
0.0183882285
0.0578520782
0.0050140205
0.0494047366
0.0066223573
0.0675655901
0.0577563494
0.0064485162
0.0115637779
0.0253974386
0.0523437522
0.1339294016
0.0305205658
0.0325159989
0.0621013567
0.0121132676
0.0087722344
0.0068129762
0.0221532267
0.0672704205
0.0182526670
0.0163883455
0.0044545308
0.0345209911
0.0679574460
0.0382337682
0.0428415388
0.0374302790
0.0089624207
0.0383631065
0.0049326546
0.0338511579
0.0681017786
0.0068722474
0.0049869455
0.0156895351
0.0032387329
0.0187571738
0.0727775469
0.0037827110
0.0606674217
0.0253096614
0.0042032767
0.0117484601
0.0223921090
0.0114439186
0.0645756423
0.0411793999
0.0268916562
0.0338690467
0.0104353093
0.0300452672
0.0385708623
0.0303317104
0.0044475589
1.0252681971
0.0033697765
0.0439588018
0.0481198132
0.0030336578
0.0578516498
0.0044549978
0.0605654307
0.0080233794
0.0092519457
0.0036546565
0.0350167938
0.0061774347
0.0361186452
0.0714982972
0.0090139965
0.0094867023
0.0206236467
0.0261137187
0.0068127229
0.0108981198
0.0138847083
0.0040217806
0.0164367948
0.0399701484
0.0467925929
0.0489139743
0.0408120379
0.0452400148
0.0709240586
0.0105909063
0.0279188789
0.0180440489
0.0298673697
0.0082986616
0.0527690873
0.0160590746
0.0085071111
0.0501877293
0.0028937792
0.0032116231
0.0335235558
0.0627977476
0.0077984277
0.0352003835
0.0457444973
0.0244454797
0.0522039384
0.0572133325
0.0088512441
0.0579586662
0.0422885194
0.0410123281
0.0029228872
0.0072887843
1.0926259756
0.0365933813
0.0471309870
0.0228358284
0.0248311087
0.0448157229
0.0141028957
0.0074495738
0.0048958273
0.0070241019
0.0135195898
0.0382979065
0.0081290398
0.0597835146
0.0041559068
0.0340653509
0.0224040393
0.0198667236
0.0049594026
0.0325885639
0.0106968852
0.0031834007
0.0036272171
0.0501730479
0.0281610377
0.0240687467
0.0384874828
0.0606882833
0.0357743055
0.0114304284
0.0093651302
0.0060280906
0.0056735300
0.0120047145
0.0558560304
0.0130021200
0.0636643544
0.0332416184
0.0035518296
0.0442727655
0.8502869010
0.0190605894
0.0085071838
0.0485208109
0.0310592037
0.0652878955
0.0046724766
0.0034377356
0.0347498171
0.0052241920
0.0201413576
0.0411674604
0.0719006136
0.0071488274
0.0113360519
0.0067277364
0.0108590862
0.0306035466
0.0049211052
0.0050016670
0.0142336329
0.0032597482
0.0058521968
0.0705946013
0.0498860553
0.0264035705
0.0049546463
0.0209847279
0.0140238004
0.0210973788
0.0494000278
0.0216436181
0.0868187547
0.0527009889
0.0674121901
0.0699715689
0.0563860349
0.0585856587
0.0117075732
0.0426721796
0.0311039872
0.0045889830
0.0099623278
0.0068537272
0.0063953120
0.0133117754
0.0448916517
0.0115333386
0.0386192612
0.0287592784
0.0093522491
0.0201219767
0.0062134452
0.0122590885
0.0452326424
0.0653218403
0.0426453613
0.0092906887
0.0079719964
0.3436715603
0.0193787124
0.0426814854
0.0066392277
0.0388769507
0.0114550171
0.0217675176
0.0045795334
0.0096348645
0.9046757817
0.0120858494
0.0120284930
0.0048280484
0.0030881560
0.0511137247
0.0506765097
0.0029665439
0.0131318038
0.0402574949
0.0164546724
0.0546405539
0.0305815674
0.0088617811
0.0114569943
0.0690381601
0.0357616246
0.0044981311
0.0627944395
0.0217447355
0.0117909554
0.0185924731
0.0204658583
0.0037261657
0.0555801727
0.0405281447
0.0476956889
0.0555825159
0.0307350680
0.0401595682
0.0165571906
0.0084002260
0.0362149402
0.0119894687
0.0647033975
0.0245612953
0.0582507104
0.0033438287
0.0299094003
0.0464487076
0.0132089239
0.1667073220
0.0365190729
0.0277333967
0.0351714343
0.0664612502
0.0241310708
0.0249500256
0.0670620501
0.0123487245
0.0730921701
0.0379649736
0.0463004783
0.0075041787
0.0487526357
0.0325221308
0.0212938972
0.0259993337
0.0113986488
0.0205175523
0.0549845323
0.0320855640
0.0593602285
0.0610226430
0.0471934676
0.0088186236
0.0330842547
0.0131872520
0.0617969558
0.0480702668
0.0038177981
0.0702541247
0.0693580881
0.0543599166
0.0230599064
0.0039815209
0.0061444570
0.0035064451
0.0108877141
0.0071525001
0.0164032299
0.0031726055
0.0554864444
0.0382597260
0.0384214446
0.0492561348
0.0060638478
0.0138557255
0.0382942148
0.0225751717
0.0302094538
0.0062135309
0.0220468119
0.0567528568
0.0312321316
0.0045596929
0.0348406173
0.0074054971
0.0232418012
0.0051055956
0.0031583938
0.0269138794
0.0094507700
0.0061921780
0.0633231774
0.0031339158
0.0457896926
0.0284400992
0.0465569347
0.0591290183
0.0232448634
0.0359157361
0.0172787197
0.0185462292
0.0120868757
0.0707613155
0.0036269410
0.0313490108
0.0039718160
0.0699893981
0.0412670746
0.0050045615
0.0078473855
0.0052971602
0.0337413624
0.0385412946
0.0305313114
0.0495671369
0.0181872305
0.0075476230
0.0099547682
0.0279179402
0.2016578615
0.0264018420
0.0560711510
0.0424335971
0.0614081770
0.3133624196
0.0043685646
0.0672706515
0.0085891141
0.0045256135
0.0339867026
0.0623546802
0.0057072849
0.0188167635
0.0295329560
0.0448855422
0.0649309605
0.0394887030
0.0692515671
0.0593552515
0.0329703763
0.0142316762
0.0322150253
0.0418929830
0.0793712065
0.0159727205
0.0726277009
0.0121109663
0.0101250196
0.0279068705
0.0052811946
0.0680556744
0.0222444069
0.0503806248
0.0101666423
0.0175784584
0.6187779903
0.0201551560
0.0062399106
0.0483116843
0.0046430165
0.0709082037
0.0041799652
0.0262490474
0.0430534258
0.0059186616
1.0360289812
0.0192208607
0.0047638062
0.9869194031
0.0064434372
0.0078237848
0.0481626056
0.0715550557
0.0151874088
0.0631696656
0.0057307878
0.0373909920
0.0130601740
0.0107100327
0.0125223426
0.0198204312
0.0608824678
0.0061178082
0.0404097624
0.0053778472
0.0142181944
0.0269495025
0.0381971374
0.0043028188
0.0454836227
0.0352889895
0.0127092218
0.0548224971
0.0041472521
0.0113532003
0.0287318993
0.0098737050
0.0039843237
0.0030486751
0.0345458016
0.0104304710
0.0145939980
0.0283425953
0.0369970053
0.0484613068
0.0520619079
0.0030000762
0.0089119533
0.0704350099
0.0515667275
0.0724277049
0.0111481575
0.0280154720
0.0044477032
0.0795662329
0.0110982060
0.0682251155
0.0311592072
0.0688127875
0.0643899515
0.0307542104
0.0166736171
0.0409259126
0.0166623667
0.0275449585
0.0109647186
0.0088749323
0.0094416747
0.0204263963
0.0076355827
0.0124322902
0.0217751730
0.0481950976
0.0035696852
0.0550405085
0.0363483354
0.0088768229
0.0370707437
0.0144519750
0.0267526694
0.0671586245
0.0033877331
0.0078446753
0.0244645644
0.0671745464
0.0090510463
0.0664202049
0.0477485284
0.0322832055
0.0272996426
0.0395294912
0.0485882126
0.0092317872
0.0244919304
0.0443559587
0.0759599507
0.0099039236
0.0288198218
0.0031400176
0.0633820444
0.0564673655
0.0586464256
0.0073854472
0.0475480184
0.0200325400
0.0206370559
0.0092662591
0.0402355678
0.0464427285
0.0073223654
0.0313643105
0.0131170936
0.0328659602
0.0146234827
0.0317173488
0.0055307345
0.0394151062
0.0596951768
0.0433692485
0.0138256196
0.0058688810
0.0447167903
0.0398926884
0.0221732054
0.0037699700
0.0796093792
0.0557422824
0.0047092000
0.0213355497
0.0033647825
0.0572483093
0.0696050450
0.0344466083
0.0057256916
0.0324861594
0.0392608084
0.0190767404
0.0377167799
0.0049660634
0.0093317935
0.0160305593
0.0314022675
0.0692810118
0.0298129059
0.0714728236
0.0044127558
0.8780812025
0.0308496058
0.0219702926
0.0033335094
0.0314674526
0.0249617882
1.0048720837
0.0264632739
0.0036517768
0.0138930576
0.0448801927
0.0182895400
0.0206352305
0.0038051240
0.0383155383
0.0043271910
0.0153075904
0.0033307469
0.0497387685
0.0593070351
0.0053309435
0.0282839462
0.0058320216
0.0055126967
0.0047401129
0.0129193496
0.0423156731
0.0040025651
0.0210927296
0.0076242476
0.0595184565
0.0087753730
0.0270237289
0.0041348655
0.0133996885
0.0343210883
0.0031107718
0.0569224618
0.0633558631
0.0769711360
0.0076982062
0.0048798253
0.0196435414
0.0109582907
0.0568518713
0.0514109321
0.0349006169
0.0396935120
0.0057687261
0.0678225011
0.0174852535
0.0650089905
0.0508308150
0.0039189947
0.0110105323
0.0185355879
0.0595213696
0.0058950447
0.0097795390
0.0094623286
0.0255155601
0.0417282060
1.0416808128
0.0183943361
0.0036045748
0.0140593816
0.0092184776
0.0173731949
0.0288180634
0.0452320538
0.3330341876
1.0527747869
0.0284938589
0.0394668989
0.0207477529
0.0253674891
0.0349920020
0.0033493224
0.0054448787
0.0059075914
0.0079140505
0.0536397919
0.0447281487
0.0031311556
0.0531177707
0.0429298319
0.0301265456
0.0538085029
0.0042044013
0.0076757167
0.0541675724
0.0275540203
0.0074905795
0.0329120830
0.0370384753
0.0635197759
0.0266000573
0.0684908926
0.0058394354
0.0177730955
0.0063244603
0.0161987301
0.0099360514
0.0031501923
0.0606410354
0.0107630920
0.0518416651
0.0063320310
0.0276698619
0.0198896751
0.0422585532
0.0124550927
0.0380476452
0.0487275310
0.0107530896
0.0620230474
0.0051931748
0.0269913767
0.8511563540
0.0255780723
0.0497938767
0.0133392923
0.0128710009
0.0599991381
0.0362562649
0.0232415553
0.0220169891
0.0164755024
0.0121558262
0.0479389802
0.0045011095
0.0118596479
0.0716977417
0.0303491484
0.8101763129
0.0070144068
0.0707038194
0.0579511262
0.0188593138
0.0127961757
1.0606105328
0.0068653696
0.0069440473
0.0041815741
0.0396275893
0.0061048619
0.0196791198
0.0126116546
0.0058924798
0.0095203305
0.0384765863
0.0030643656
0.0608544238
0.0207074098
0.0660949871
0.0163644142
0.0539025031
0.0034964634
0.0735840052
0.0343779214
0.0095957266
0.0137356613
0.0173648763
0.0121455090
0.0602391921
0.0737436712
0.0111145834
0.0292642899
0.0141169699
0.0048732469
0.0379857831
0.0429044105
0.0054945718
0.0039195502
0.0330579057
0.0329067074
0.0450698845
0.0250677932
0.0076128342
0.0085370885
0.0123881120
0.0423364490
0.0033261862
0.0270090606
0.0567465052
0.0439010002
0.0124620507
0.0259627551
0.0610842146
0.0701835826
0.0318985283
0.0030827003
0.0133598745
0.0286584925
0.0029454059
0.0065072509
0.0143480338
0.0317011364
0.0036636493
0.0631698743
0.0168822072
0.0540669560
0.0034589276
0.0307961646
0.0280059595
0.0251552314
0.0078185117
0.0095238341
0.0042504258
0.0777280927
0.0227160081
0.0047330665
0.0264064074
0.0432409123
0.0658443347
0.0048843883
0.0431579463
0.0062220693
0.0466623381
0.0274966471
0.0391632654
0.0526794046
0.0452192314
0.0574346185
0.0578679666
0.0128671406
0.0316921249
0.0465938821
0.0453609005
0.0614338070
0.0702965781
0.0070449957
0.0055874903
0.0034906082
0.0032163230
0.0163457897
0.0388333797
0.0147626679
0.0044311467
0.0472380966
0.0045842873
0.0201801788
0.0091053639
0.0239209216
0.0388822146
0.8938218951
0.0261325501
0.0423719995
0.0496038273
0.0052697472
0.0482348464
0.0399684496
0.0076770531
0.0467648096
0.9928851724
0.0096566249
0.0327051915
0.0032055895
0.0154009536
0.0185492449
0.0188950542
0.0175121166
0.0038057198
0.0197477378
0.0074512237
0.0692740679
0.9127944112
0.0097863153
0.0551285669
0.0125696808
0.0258753002
0.0124180196
0.0165966209
0.0105915479
0.0170432776
0.0195051748
0.0606247820
0.0132564595
0.0215195753
0.0084651392
0.0061303210
0.0593414754
0.0747052506
0.0428649299
0.0054565696
0.0720215589
0.0573975816
0.0143032596
0.0122459959
1.1095327139
0.0201010294
0.0692582652
0.0516828410
0.0125543484
0.0141286207
0.0414802097
0.0503897592
0.0052512926
0.0722069144
0.0471781269
0.0286213364
0.0344425477
0.0155545361
0.0039012532
0.0075382241
0.0476392768
0.0071750819
0.0211785641
0.0309801307
0.0219207183
0.0292180628
0.0039914493
0.0091503300
0.0259637833
0.0359167755
0.0200945884
0.0470459945
0.0313829295
0.0113564571
0.0095518325
0.0131082023
0.0479141437
0.0492786802
0.0222406555
0.0141264070
0.0366133228
0.0521250330
0.0043039471
0.0158175379
0.0484868772
0.0633157045
0.0029195615
0.0031757774
0.0734755471
0.0133195305
0.0564967915
0.0361285582
0.0769317523
0.0385166109
0.0037884614
0.0279135164
0.0409934446
0.0305911321
0.0077174115
0.0159738120
0.0734597817
0.0383717977
0.0078551667
0.0139323277
0.0674808100
0.0145718120
0.0456646308
0.0796644017
0.0091561005
0.0323801152
0.0029298728
0.0501289926
0.0403595529
0.0598968603
0.0505922697
0.0050057005
0.0050496240
0.0285889041
0.0235950425
0.0074757109
0.0510158278
0.0438888855
0.0166948158
0.0051195119
0.0043415260
0.0106613794
0.0354700126
0.0448220670
0.0250415895
0.0030708779
0.0107660703
0.0121950097
0.0409275517
0.0294554103
0.0722039118
0.0059686541
0.0359597653
0.0671609417
0.0062346701
0.0230769441
0.0207988378
0.0350684188
0.0355564952
0.0155077735
0.0236534663
0.0378823057
0.0148927988
1.0456022024
0.0708790869
0.0193528011
0.0107297907
0.0125325145
0.0051540998
0.0046152296
0.0372398160
0.0390025675
0.0129775163
0.0100507829
0.0052937018
0.0523644723
0.0411911756
0.0155778620
0.0704763681
0.0043415590
0.0059973071
0.0053219423
0.0232436378
0.0043248693
0.0558738671
0.0076393727
0.0174165238
0.0626529157
0.0336216055
0.0471450426
0.0350566506
0.0036036638
0.0204544049
0.0229607467
0.0357033871
0.0059629246
0.0197275579
0.0605574548
0.7454775572
0.0484667234
0.8506305814
0.0689443573
0.0174268689
0.0033443798
0.0107188141
0.0184361432
0.0153722838
0.0640721172
0.0148343723
0.0091718733
0.1042481363
0.0098844720
0.0076884911
0.0042679445
0.0604471937
0.0411282629
0.0180653948
0.0524983108
0.0330873653
0.0452372767
0.0118932733
0.0042028432
0.0501915850
0.0106025431
0.0659350753
0.0320711918
0.0260668937
0.0283614248
0.0296624415
0.0038101736
0.0029425544
0.1570265591
0.0294698551
0.0335119739
0.0379300974
0.0577029847
0.0537819713
0.0088809067
0.0152508151
0.0296051502
0.0070880638
0.0716026500
0.0155379083
0.0117788520
0.0091855917
0.0167645458
0.0030361386
0.0141966520
0.0470219292
0.0109412577
0.0029762120
0.0103745153
0.0328977779
0.0065033869
0.0061684805
0.0231580902
0.0113157360
0.0468773246
0.0032924851
0.0213801116
0.0591577664
0.0159983747
0.0103962403
0.0043037510
0.0045536761
0.0216627084
0.0115420874
0.7814595103
0.0137245245
0.0192338079
0.0620993152
0.0464575216
0.0383375548
0.0031758409
0.0424439982
0.0648705214
0.0524758510
0.0234170090
0.0222577918
0.0537399165
0.0312833786
0.0415756777
0.0190600622
0.0197062306
0.0338708535
0.0162520669
0.0735309646
0.0416184701
0.0151180020
0.0105431359
0.0088165337
0.0108352108
0.0030396569
0.0072780121
0.0722189471
0.0077486415
0.0088228956
0.0053170803
0.0128414119
0.0045582168
0.0063491133
0.0465529412
0.0119036110
0.0339791067
0.0438609421
0.0092631681
0.0175649934
0.0370292291
0.0133396294
0.0104404734
0.0607420430
0.0416008011
0.0416488685
0.0342612863
0.0070210248
0.0153620383
0.0551369824
0.0128601100
0.0288151540
0.0204260461
0.0032503635
0.0109530995
0.0395071022
0.0151692303
0.0365695283
0.0063102762
0.9171443582
0.0097499425
0.0216103438
0.0156251546
0.0269313976
0.0155244377
0.0051034936
0.0476771444
0.0528743304
0.0076265032
0.0066822739
0.0289595276
0.0037693861
0.0698046014
0.0184473433
0.0050926618
0.0470746718
0.0175873693
0.0199086573
0.0142897647
0.0287225917
0.0583813228
0.0480053797
0.0637047812
0.0036232460
0.0032636214
0.0190388765
0.0176231246
0.0212917048
0.0533487611
0.0097536221
0.0056118616
0.0675644800
0.0309358761
0.0030822174
0.0031717145
0.0049270974
0.0418877304
0.0069125718
0.0267206002
0.0208755657
0.0286522713
0.0039269193
0.0646977127
0.0441768616
0.0435235128
0.0059787650
0.0110645499
0.0594571866
0.0109538650
0.0603424907
0.0608121082
0.0392055474
0.0695124716
0.0760848448
0.0692537427
0.0102726482
0.0409335196
0.0153673468
0.0380096510
0.0824309587
0.0661746189
0.0141619835
0.0467589274
0.0602639690
0.0063924179
0.0053581004
0.0148042813
0.0171772540
0.0031480128
0.0525042452
0.0521936938
0.0581017695
0.0341507904
0.0083720637
0.0260611679
0.0498644188
0.0063928426
0.0666848049
0.0182024445
0.0144608449
0.0054995404
0.0539152622
0.0190749336
0.0448995493
0.0370819941
0.0116564687
0.0177100208
0.0127598001
0.0050790422
0.0506839231
0.0062249145
0.0319664590
0.0033678308
0.0624537393
0.0129817380
0.0728075877
0.0060006506
0.0418540463
0.0339379683
0.0358895175
0.0031713620
0.0567568541
0.0412173681
0.0508810468
0.0258194059
0.0573579073
0.0337215513
0.0373313688
0.0602805763
0.0369213931
0.0157236680
0.0427772738
0.0354740210
0.0230112821
0.0092163133
0.0110417129
0.0187525861
0.0397217162
0.0191363283
0.8289983869
0.0056636203
0.0030463671
0.0124013862
0.0133156739
0.0827272013
0.0405489914
0.0514004230
0.0043311361
0.0504626743
0.0037068685
0.0152735421
0.0431417897
0.0483006015
0.0031851719
0.0131748337
0.0127617419
0.0592699833
0.0103788683
0.0297336578
0.0033979532
0.0380773582
0.0489269234
0.0592291877
1.0346561670
0.0166258011
0.0241933279
0.0229476299
0.0417468101
0.0292946510
0.0307375155
0.0042088111
0.0125574879
0.0367653295
0.0283014011
0.0066260318
0.0194081496
0.0207866393
0.0632771477
0.0568639785
0.0056370520
0.0370516591
0.0105263544
0.0544509999
0.0058097774
0.0170895383
0.0035495802
0.0286288466
0.0032506529
0.0342170186
0.0044832472
0.0610876568
0.0081381584
0.0331439935
0.0134456772
0.0407633074
0.0400341749
0.0297090523
0.0191305894
0.0344952084
0.0050514792
0.0048730946
0.0605335534
0.0682172701
0.0126565816
0.0252064839
0.0127793169
0.0152472481
0.0086756609
0.0348410197
0.0030387447
0.0102889445
0.0033221969
0.0054677273
0.0173933860
0.0278428756
0.0512067042
0.9310995340
0.0573551171
0.0583998077
0.0148903830
0.0069917077
0.0571094416
0.0490194894
0.0322895348
0.0427821688
0.0300779175
0.0169463959
0.0033453801
0.0270131789
0.0071644918
0.0488409847
0.8645166159
0.0661660209
0.0087619554
0.0256596431
0.0093739331
0.0360154584
0.0096224453
0.3265070319
0.0111971861
0.0560445338
0.0129834441
0.0038833595
0.0078905551
0.0073983995
0.0507909544
0.0226625167
0.0187573768
0.0678996891
0.0220601168
0.0567184798
0.0031158114
0.0709868595
0.0294073746
0.0325837806
0.0031086127
0.0059254863
0.0223427527
0.0047604321
0.0104454020
0.0192106534
0.0623683594
0.0046357601
0.0331854895
0.0127221234
0.0277661737
0.1201609671
0.0524776243
0.0399671607
0.0046247742
0.0447287261
0.0134942066
0.0732688978
0.0601723343
0.0222785436
0.0602981821
0.0494703576
0.0075369044
0.0107494583
0.0136085097
0.3115345538
0.0162467454
0.0170752760
0.0110482611
0.0414313115
0.0102743860
0.0114933010
0.0464188084
0.0341303125
0.0057280948
0.9581862688
0.0378955938
0.0415473431
0.0362951420
0.0304756369
0.0130460570
0.0474887788
0.0212591235
0.0374199711
0.0528218932
0.0215421394
0.0132611282
0.0030844833
0.0269076712
0.0085342471
0.0226342808
0.0060187755
0.0049738595
0.0041151857
0.0106907813
1.0410294533
0.0400979705
0.0386202410
0.0257801339
0.0207918007
0.0050521516
0.0280895010
0.0333208553
0.0031237917
0.0048299446
0.0118645998
0.0034241988
0.0197440777
0.0078320121
0.0050547402
0.0383470133
0.0703465939
0.0031742842
0.0562872067
0.0163079035
0.0066652517
0.0236306153
0.0048663751
0.0395819508
0.0036166667
0.0035320153
0.0047629895
0.0072520012
0.0041808034
0.8470064402
0.0143757584
0.0639173537
0.0671000928
0.7799959183
0.0063129696
0.0038380160
0.0549553819
0.0148268482
0.0548928604
0.0689720660
0.0440519899
0.0243420452
0.0409430601
0.0379745588
0.0251523703
0.0290538557
0.0217962079
0.0177470036
0.0053913053
0.0111685069
0.0068947626
0.0244729053
0.0130159147
0.0196217354
0.0465877652
0.0665702373
0.0141412560
0.0569035001
0.0071294410
0.0401502475
0.0118818888
0.0274494570
0.0383172296
0.0512011126
0.0535699055
0.0161534119
0.0159797762
0.0429230258
0.0251319036
0.0037388552
0.0110304765
0.0113784866
0.0446292832
0.0092811259
0.0156381503
0.0444200002
0.0400398523
0.0233006440
0.0515124686
0.0094271731
0.0057510044
0.0692222416
0.0342037641
0.0366963744
0.0120250629
0.0081269499
0.0363897346
0.0118628917
0.0097105717
0.0129890088
0.0519494675
0.0040819799
0.0242499653
0.0351157449
0.0033543408
0.0104170945
0.0168637987
0.0716306046
0.0048019686
0.0277567115
0.0059433579
0.0270603448
0.0511559062
0.0225644037
0.0331706256
0.0403612480
0.0451978035
0.0068705343
0.0061911582
0.0185763631
0.0120879123
0.0039879871
0.0103171580
0.0032635485
0.0594895184
0.0077638132
0.0034299255
0.0396844409
0.0154649373
0.0520474538
0.0186926406
0.0038249209
0.0538642518
0.0142094092
0.0711186603
0.0650990009
0.0251060277
0.0050934050
0.0074329823
0.0447674766
0.0275331642
0.0123633808
0.0048391842
0.0681612566
0.0109666558
0.0095650405
0.0321975425
0.0444059074
0.0902926698
0.0190513954
0.0343544297
0.0717067569
0.0411298349
0.0259925239
0.0031340416
0.0284392312
0.0153234517
0.0061920360
0.0038890557
0.0533778518
0.0135122240
0.0034924818
0.0032018197
0.0044630468
0.0429797061
0.0513740517
0.0086412039
0.0038875598
0.0410692245
0.0511940122
0.0068775103
0.0099928165
0.0068228054
0.0510523580
0.0544897690
0.0507308543
0.0587211400
0.0306056440
0.0228005908
0.0607283041
0.0685072169
0.0083459485
0.0272165053
0.0323838890
0.0435238741
0.9714233875
0.0062374719
0.0282450989
0.0522555336
0.0258903727
0.0427855738
0.0097296936
0.0091734333
0.0457214378
0.0058751376
0.0324046761
0.0032762163
0.0702228919
0.0098085143
0.0063356273
0.0169076007
0.0182381738
0.0621441081
0.0084581319
0.0586014166
0.0247010812
0.0063312580
0.0257859565
0.0501856469
0.0388596766
0.0664763898
0.0068474063
0.0043388125
0.0033436392
0.0469496287
0.0036587338
0.0229340289
0.0457307734
0.0272493996
0.0053875144
0.0398724303
0.0645813644
0.0152439326
0.0083710002
0.0046175048
0.0069573894
0.0219996162
0.0165416468
0.5030683875
0.0036604656
0.0177630335
0.0613056645
0.0415909365
0.0168600082
0.0259203482
0.0726234317
1.1213985682
0.0042449753
0.0031500680
0.0279415101
0.0441555977
0.0475436896
0.0167255290
0.0271761138
0.0271716230
0.0338431112
0.0217035990
0.0513524115
1.0530124903
0.0166675523
0.0541159920
0.0269272756
0.0094799567
0.0142538249
0.0227573719
0.0117188571
0.0068553700
0.0366017818
0.0705600753
0.0057991776
0.0270015616
0.0242270045
0.0050515421
0.0031495560
0.0090444405
0.0135324653
0.0641706958
0.0449641570
0.0055328431
0.0033943183
0.0029854935
0.0050943824
0.0074019707
0.0457409173
0.0540369004
0.0272745397
0.0382153429
0.0645273775
0.0208249986
0.0163864698
0.0356823504
0.0361154415
0.0131646423
0.0104957893
0.0055021867
0.0033545252
0.0417063124
0.0183455683
0.0133199915
1.0899600983
0.0211941767
0.0564351864
0.0320944563
0.0392095931
0.0582157634
0.0121609448
0.0095521798
0.0035793011
0.0635307729
0.0335019529
0.0164067484
0.0292427689
0.0043128990
0.0223998800
0.0031178752
0.0233949963
0.0278280880
0.0104422905
0.0126576545
0.0099216904
0.0574015304
0.0055575664
0.0048166383
0.0692799240
0.0511878729
0.0041629211
0.0211110804
0.0561858453
0.0241927020
0.0301679950
0.0173774175
0.0521348491
0.0203676354
0.0670465082
0.0221908484
0.0084436499
0.0051813154
0.0347255953
0.0035694009
0.0349148214
0.0132918227
0.0107527385
0.0251221694
0.0129942466
0.0239455551
0.0147940516
0.0610945784
0.0095401322
0.0274778046
0.0149611551
0.0040628128
0.0089097228
0.0232752431
0.0553931072
0.0434914641
0.0052360450
0.0052887988
0.0029983171
0.0220586788
0.0204388406
0.0293424372
0.0417564362
0.0088810874
0.0675279126
0.0199011043
0.0350457132
0.0187142175
0.0161569770
0.0221729223
0.2419139296
0.0515443757
0.0166180246
0.0459789969
0.0362768248
0.1701033413
0.0089530097
0.0713672489
0.0138600487
0.0042834594
0.0132834986
0.0419790372
0.0105778705
0.0085532749
0.0141660878
0.0370817780
0.0509370267
0.0137439249
0.0565384254
0.0183926634
0.0385790728
0.0347509347
0.0092429370
0.0036568572
0.0224734955
0.0194593016
0.0034362888
0.0669491440
0.0043636272
0.0664680451
0.0137664508
0.0288693029
0.0526745953
0.0084092701
0.0668165311
0.0124071231
0.0514214039
0.0457159020
0.0043176464
0.0627162457
0.0071827262
0.0120704416
0.0048594517
0.0263235029
0.0210191738
0.0352760181
0.0093858065
0.0372638032
0.0665030926
0.0218526740
0.0082998676
0.0557215400
0.0106189018
0.0096107973
0.0136918137
0.0247116480
0.0035831127
0.0474383235
0.0651429892
0.0034406686
0.0049541816
0.0077365311
0.0061532492
0.0154547449
0.8084763288
0.0142358886
0.0339217819
0.0324859396
0.0345495641
0.0047405460
0.0384044684
0.0496370271
0.0493901446
0.0090673026
0.0253310390
0.0038804126
0.0115665225
0.0499335602
0.0636337325
0.0534724407
0.0698051676
0.0123794628
0.0073306914
0.0486602820
0.0064251064
0.0092571648
0.0248649642
0.0166959446
0.0711127147
0.0169560630
0.0077972380
0.0284739230
0.0231532119
0.0356004871
0.0037232642
0.0534828976
0.0234200899
0.0533802398
0.0171799697
0.0154712386
0.0080895796
0.0232421830
0.0523281507
0.0298177339
0.0086185923
0.0287229549
0.0698857978
0.0647251159
0.0534633920
0.0363781489
0.0130992020
0.0432159826
0.0321739689
0.0713726580
0.0993473306
0.0482874699
0.0092197666
0.0041440860
0.0389090851
0.0144200232
0.0297425557
0.0038551099
0.0570756793
0.0036664561
0.0590743944
0.0176827740
0.0270350147
0.0709344670
0.0048076599
0.0513093919
1.0959873199
0.0335176326
0.0104255490
0.0232238173
0.0032292039
0.0062363287
0.0107906396
0.0075550210
0.0629733205
0.0041148742
0.0442879908
0.0035930374
0.0248266496
0.0639483407
0.0505911373
0.0037458700
0.0259076655
0.0074312650
0.0288127959
0.0048413272
0.0139083592
0.0657159090
0.0101977000
0.0168476645
0.0068409708
0.0226232223
0.0200156290
0.0200842582
0.0207999088
0.0305609182
0.0038989629
0.0527202599
0.0604412481
0.9737662673
1.0616208315
0.0226025935
0.0032203798
0.0152002871
0.0187929440
0.0186894126
0.0443677381
0.0233283732
0.0213169679
0.0703823939
0.0215295497
0.0258681662
0.0343028754
0.0270502269
0.0277326927
0.0571502000
0.0212510489
0.0319109522
0.0149302417
0.0061250902
0.0703229681
0.0352855846
0.0097114965
0.0655367821
0.0311459862
0.0437925495
0.9597178102
0.0208940599
0.0038653463
0.0165742114
0.0335182138
0.0172044877
0.0274811089
0.0044616484
0.0424703695
0.0261169821
0.0245664082
0.0054005543
0.0408195145
0.0685434863
0.0508562438
0.0536218546
0.0426704511
0.0697200522
0.0127114868
0.0681407601
0.0037569765
0.0093349190
0.0088463044
0.0055855885
0.0040973127
0.0723162964
0.0028989229
0.0350341313
0.0726562589
0.0117573226
0.0053214165
0.0280910954
0.0446305536
0.0041818451
0.0187085550
0.0095971720
0.0336933360
0.0047656945
0.0037801599
0.0376768783
0.0280714855
0.0196044985
0.0230252873
0.0194165874
0.0111758811
0.0592516959
0.0199444983
0.0209109113
0.0723788068
0.0061326213
0.0065973005
0.0139589207
0.0037101470
0.0222344417
0.0268828999
0.0121468175
0.0080639217
0.0457796380
0.0445443913
0.0081426566
0.0471538082
0.0136559298
0.0432926416
0.0330202430
0.0134664457
0.0056394301
0.0183897261
0.0387763195
0.8380443454
0.0196760576
0.0070584789
0.0130356168
0.0148956627
0.0237813313
0.0396553725
0.0167000610
0.0071113021
0.0188357439
0.0553685203
0.0594706051
0.0571696088
0.0349640585
0.0479101725
0.0043154270
0.0187661350
0.0037579224
0.0282617807
0.0052989414
0.0100901648
0.0362019502
0.0317118429
0.9435208440
0.0607719906
0.0068441741
0.9932204485
0.0093470933
0.0356334113
0.0215761960
0.0105646364
0.0545820780
0.0103487214
0.0174485371
0.0084938379
0.0696687996
0.0691612512
0.0336999111
0.0340213627
0.0098717231
0.0187673662
0.0560935251
0.0380083621
0.0200110301
0.0626734942
0.0693070143
0.0461422876
0.0065041548
0.0045191911
0.0076203113
0.0155181969
0.0041407570
0.0051510930
0.0293510761
0.0061791288
0.0086570140
0.0029835515
0.0349761732
0.0086546401
0.0075169215
0.0229999814
0.0055654482
0.0276192743
0.0097576249
0.0320246853
0.0031265633
0.0280751083
0.0412834063
0.0311296787
0.0135530913
0.0461582728
0.0745966211
0.0060179583
0.0290187672
0.0653596297
0.0208723117
0.0070896358
0.0054111374
0.0088346591
0.0153372074
0.0385769829
0.0094384467
0.0052562659
0.0137720536
0.0065455101
0.0280430503
0.0436553508
0.0615313016
0.0270424541
0.0128494836
0.0639302582
0.0032678756
0.0142247370
0.0430195443
0.0220158845
1.0258048773
0.0112817027
0.0086277770
0.0499750338
0.0247083381
0.0634423792
0.0395347700
0.0185432341
0.0257776324
0.0088254008
0.0215511415
0.0636528879
0.0081541343
0.0411039628
0.0640237704
0.0691769496
0.0162469037
0.0576426573
0.0570052899
0.0082123168
0.0066848793
0.0931501985
0.0036794229
0.0054878774
0.0030618040
0.0045085633
0.0192202367
0.0036701607
0.0414766297
0.0595386587
0.0130809238
0.0624835528
0.0094423434
0.0089518754
0.0034666308
0.0107192229
0.9315526485
0.0043481588
0.0099863689
0.0388212427
0.0042672455
0.0080357986
0.0111267753
0.0038380357
0.0100528700
0.0619110800
0.0057293396
0.0443789959
0.0526208468
0.0096661309
0.0154402778
0.0323186442
0.0214382336
0.0102487700
0.0107705668
0.0034474614
0.0111832358
0.0334419087
0.0229387172
0.0110786660
0.0333133861
0.0454571694
0.0095793521
0.0111009432
0.0478407145
0.0439601019
0.0603098758
0.0032941182
0.0048380136
0.0358594619
0.0212889314
0.0530797616
0.0105734188
0.0052987919
0.0443336479
0.0645962432
0.0137200188
0.0467316285
0.0088732587
0.0120274732
0.0389405973
0.0031069876
0.0349486135
0.0289538186
0.0041240398
0.0659414232
0.0712240115
0.1993669569
0.0038869455
0.0052899299
0.0039599151
0.0141687645
0.0471178703
0.0586395264
0.0652228743
0.0693845078
0.0108539397
0.0307958107
0.0471518822
0.0635330975
0.0050931647
0.0306072962
0.0518813357
0.0627317056
0.0095833438
0.0465511531
0.0259642806
0.0516059808
0.0083621331
0.0175250489
0.0719336718
0.0053831963
0.0048178826
0.0195357613
0.0274407808
0.0056074699
0.0549718626
0.0122148367
0.0102625992
0.0087948758
0.9648381472
0.0284053106
0.0163354427
0.0615672395
0.0036570120
0.0370116718
0.0543899126
0.0146868676
0.0045062755
0.0051965504
0.0441367850
0.0412505642
0.0071022315
0.0216759946
0.0160292760
0.0418298356
0.0339820348
0.0368840620
0.0112234363
0.0114772758
0.0068185595
0.0490513965
0.0035328164
0.0458893776
0.0052617495
0.0057565854
0.0294407904
0.0481915399
0.0510063618
0.0052382043
0.0471283793
0.0406648256
0.0654931068
0.0696696416
0.0035118721
0.0098888334
0.0111772390
0.0490925349
0.0459096991
0.0224589314
0.0708666593
0.9004088044
0.0296745524
0.0597972274
0.0035221784
0.0442708395
0.0029410343
0.0079917321
0.0542325862
0.0054210965
0.0481033735
0.0596895888
0.0703561828
0.0502825603
0.0032421937
1.0000926256
0.0067407084
0.0190517474
0.0129258623
0.0031939293
0.0256642774
0.0716042444
0.0264235213
0.0046162116
0.0703977570
0.0394063145
0.0042184619
0.0035432461
0.0657568872
0.0434430726
0.0297155343
0.0072483481
0.0059297802
0.0609708130
0.0378772691
0.0248304941
0.0349250659
0.0502538420
0.0537726916
0.0457775965
0.0040674484
0.0111840330
0.0088721290
0.0150232567
0.0046594865
0.0193820018
0.0380632915
0.0111158621
0.0536177084
0.0596729331
0.0167202652
0.0723720342
0.0129778786
0.0030603693
0.0671941563
0.0242086723
0.0283150896
0.0581407100
0.0030741913
0.0032736750
0.0123372590
0.0182348937
0.0129211163
0.0176947787
0.0091373231
0.0517857559
0.0727564991
0.0673368052
0.0425254777
0.0205244031
0.0304429047
0.0036760021
0.0154022649
0.9966787100
0.0412956178
0.0195090678
0.0304051209
0.0409446508
0.0356562063
0.0432134718
0.0090627894
0.0169424322
0.0074614664
0.0088273156
0.8539029360
0.0251269061
0.0276465863
0.0665974841
1.0721669197
0.0106113628
0.0083505949
0.0549390949
0.0052271141
0.0285096690
0.0051378789
0.0560274981
0.0146298492
0.0131674018
0.0076721013
0.0033299557
0.0157500599
0.0413316078
0.0248749387
0.0053021815
0.0051026260
0.0523395352
0.0408666022
0.0689201429
0.0030919858
0.0674641877
0.0356647149
0.0100330980
0.0364492424
0.0240243617
0.0356012434
0.0688776150
0.0455718562
0.0949267522
0.0093828356
0.0667977557
0.0081682159
0.0277427714
0.0389325693
0.1596130729
0.0031905621
0.0111624347
0.0561523065
0.0044194469
0.0336300917
0.0374809019
0.0121457241
0.0218023211
0.0349968411
0.0215515383
0.0373386033
0.0692649111
0.0087057827
0.0169145893
0.0253881942
0.0582222417
0.0034331081
0.0218999796
0.0619243644
0.0388432965
0.0349762179
0.0227148291
0.0615774691
0.0685551465
0.0446093827
0.0229361374
0.0635580942
0.0035763849
0.0206558425
0.0290891360
0.0169904735
0.0085794898
0.0254386999
0.0318134911
0.0632839128
0.0113675352
0.0034963978
0.0381352678
0.0406557694
0.0361000039
0.0486622415
0.0060572550
0.0087262262
0.0114483219
0.0449524969
0.0443581641
0.0357212611
0.0054041701
0.0563985258
0.0651956350
0.0031675992
0.0222608838
0.0516982637
0.0565687418
0.0228117071
0.0034793194
0.0389112011
0.0114394519
0.0133796362
0.0409697592
0.0084023969
0.0152975237
0.0235588886
0.0047312859
0.0471814759
0.0031387385
0.0090741711
0.0547676384
0.0095022218
0.0101974243
0.0219779052
0.0160240289
0.0679955110
0.0193978455
0.9695517421
0.0593173653
0.0717478916
0.0082532233
0.0059638321
0.0037565858
0.0152897742
0.0375718139
0.0344528556
0.0176016092
0.0472540595
0.0199318174
0.0673628151
0.0058546294
0.9524475932
0.0511283837
0.0363126993
0.7833651304
0.0297875907
0.1965172887
0.0115050348
0.0321920514
0.0090715392
0.0267467089
0.0406003557
0.0322229974
0.0133932037
0.0286960006
0.0643259436
0.0146533241
0.0167634021
0.0226376709
0.0031934602
0.0248226505
0.0151979513
0.0049036955
0.0108711300
0.0456519499
0.0098307841
0.0252869148
0.0599153824
0.0712369159
0.0077624652
0.0226681847
0.0253995713
0.0103239128
0.0396280587
0.0054869191
0.0153081995
0.0546490699
0.0563707128
0.0033397267
0.0061558625
0.0283310525
0.0760620385
0.0512858890
0.0286140740
0.0561721325
0.0323032737
0.0036146245
0.0604141168
0.0230081677
0.0033089828
0.0077913571
0.0541067421
0.0173501000
0.0473174900
0.0219580699
0.0203818306
0.0580111556
1.0275809765
0.0029354747
0.0322025642
0.0155027360
0.0629268661
0.0275901575
0.0280377660
0.0407980047
0.0049780873
0.0054760757
0.0466985889
0.8495092988
0.0227426849
0.0058437823
0.0075572664
0.0475692749
0.0109240497
0.0693581104
0.0081603061
0.0558582395
0.0212864820
0.0169129334
0.0061342018
0.0046617477
0.0060222102
0.0396104380
0.0072325482
0.0619916022
0.0371662863
0.0690684170
0.0221063346
0.0046763271
0.0173405427
0.0128398770
0.0597975552
0.0136133134
0.0347374976
0.0036169507
0.0046935515
0.0452064872
0.0040052617
0.0418191142
0.0596627034
0.0731177106
0.0834885761
0.0171501059
0.0199713763
0.0103135929
0.0289817061
0.0080969930
0.0276675392
0.0286165420
0.0097768158
0.0043531377
0.0352306701
0.1622758210
0.0331251919
0.0344819315
0.0340061449
0.0075702057
0.0146942362
0.0176345762
0.0041502174
0.0181361102
0.0035983005
0.0041787331
0.0295296852
0.0054540015
0.0547326580
0.0071219676
0.0571110770
0.0569818504
0.0069664349
0.0130563416
0.0237414613
0.0432122312
0.0281701311
0.0034741396
0.0292199925
0.0426747240
0.0090172840
0.0069958102
0.0095675457
0.0102707632
0.0033323390
0.0536854640
0.0033015967
0.0049674497
0.0103372829
0.0222428218
0.0397679023
0.0356197953
0.0244759806
0.0096039027
0.0084729400
1.1414823532
0.0140791107
0.0031174342
0.0231871158
0.0037737212
0.0256259348
0.0084667057
0.0069355369
0.0546486191
0.0057046385
0.0093960213
0.0615192391
0.0087117096
0.0147546045
0.0079622362
0.0050641694
0.0195201300
0.0720855370
0.0064283316
0.0650297031
0.0045357831
0.0499627739
0.0598430149
0.0136655634
0.0391000770
0.0034189506
0.0139174741
0.0669193342
0.0117101390
0.0299213156
0.0316067636
0.0517236963
0.0215171389
0.0475366116
0.0576489866
0.0255834032
0.0098271668
0.8628023863
0.0153182447
0.0086374031
0.0075160838
0.0057420917
0.0420078523
0.0419943221
0.0357018225
0.0706234053
0.0112963803
0.0045403470
0.0350509435
0.0269224737
0.0155973537
0.0907258093
0.0346053280
0.0681414381
0.0054213814
0.0428165644
0.0282363035
0.0397235006
0.0162505265
0.0350226685
0.0034531998
0.0076635177
0.0039118268
0.0063957339
0.0030806458
0.0153162871
0.0359768607
0.0707696527
0.0081520453
0.0473787710
1.0774949789
0.0073110424
0.0074690990
0.0509040691
0.0668838546
0.0109431520
0.0047877920
0.0661124289
0.0138718970
0.0715623647
0.0096426345
0.0418040715
0.0051784171
0.0812962726
0.0147991544
0.0425666682
0.0039874590
0.0432478301
0.0136530912
0.0033169379
0.0033178858
0.0130732162
0.0348217934
0.0197427589
0.0527486652
0.0036135742
0.0375371724
0.0172814354
0.0120138461
0.0147684459
0.0217632018
0.0146707343
0.0081887655
0.0038100712
0.0087463586
0.0082987249
0.0119797857
0.0410263203
0.0049796323
0.0061875721
0.0155860782
0.0155565031
0.0499526300
0.0040132562
0.0071804244
0.0225358978
0.0576931983
0.1224762872
0.0046225335
0.0388553292
0.0066982354
0.0404898934
0.0431282297
0.0394984558
0.0038449152
0.0438091941
0.0061683692
0.0097109424
0.0032598472
0.0678648651
0.0318890922
0.0530759916
0.0075511644
0.0474980734
0.0037308314
0.0050664330
0.0336280018
0.0270078368
0.0040755221
0.0071684071
0.0321756266
0.0136052417
0.0584180169
0.0493412428
0.0464861691
0.0171560738
0.0058280784
0.0455867276
0.0225397088
0.0523101762
0.0265226103
0.0135573344
0.0092919106
0.0098836552
0.0397738405
0.0593360700
0.0137843685
0.0156848729
0.0215678401
0.0201572478
0.0340746827
0.0084675653
0.0388975181
0.0047218543
0.0250947047
0.0093183862
0.0489337109
0.9460278749
0.0472190343
0.0052090082
0.0188420694
0.0469665155
0.0029694131
0.0159381330
0.0134397289
0.0716814697
0.0346735418
0.0466433242
0.0094147166
0.0070091290
0.0170205925
0.0415724181
0.0117919510
0.0724283010
0.0380340144
0.0045490442
0.0247178320
0.0652610660
0.0661489442
0.0187545493
0.0465283245
0.0438130088
0.0042954232
0.0043836636
0.0512515455
0.0132711809
0.0527920164
0.0253597945
0.0191772953
0.0321220718
0.0418208390
0.0676824376
0.0294272155
0.0516011938
0.0446681269
0.0092358263
0.0425963476
0.0159738418
0.0497595668
0.0141429948
0.0508930571
0.0240402445
0.0192491524
0.0064381701
0.0058023902
0.0132000465
0.0115272086
0.0618206933
0.0075407363
0.0420932956
0.0659444705
0.0178222228
0.0032344197
0.0290160943
0.0081336312
0.0422885753
0.0274293609
0.0230507348
0.0130052613
0.0180560928
0.0462274589
0.0517330244
0.0262056123
0.0283987969
0.0517155826
0.0436009578
0.0497245379
0.0097803501
0.0276971664
0.0432934240
0.0074958429
0.0242683981
0.0384783968
0.0107346950
0.0363044105
0.0418957472
0.0255329031
0.0090733459
0.0483648665
0.0029612195
0.0029830108
0.0034494600
0.0685068443
0.0184025206
0.0270930957
0.0079191821
0.0038904923
0.0164662618
0.0109812031
0.0376342796
0.0035399646
0.0054123811
0.0243701190
0.0302608330
0.0698217452
0.0693409294
0.0426681004
0.0127304122
0.0059225205
0.0368210599
0.0275719911
0.0114385691
0.0163045879
0.0657925904
0.0590909794
0.0869966224
0.0329246670
0.0044795889
0.0082833674
0.0566937663
0.0162848923
0.0503503084
0.0053550103
0.0178685691
0.1302750111
0.0065525025
0.0832071826
0.0651802868
0.0056761252
0.0092909895
0.0498254299
0.0054286821
0.0145788472
0.0304326545
0.0155835543
0.0058038812
0.0345170908
0.0455346741
0.0474493317
0.0307479929
0.0279946458
0.0174874924
0.0047362563
0.0070261890
0.0453786589
0.0158193056
0.0497441329
0.0047529098
0.0513810292
0.0291148461
0.0498491600
0.0042556045
0.0510085747
0.0695614517
0.0329214558
0.0182382986
0.0168490969
0.0165312756
0.0232274029
0.0099211093
0.0375846513
0.0529540740
0.0333131664
0.0236430708
0.0130649591
0.0578250401
0.0228883382
0.0572995692
0.9822188616
0.0260280296
0.0107043050
0.0513785556
0.0058031506
0.0030136148
0.0700399652
0.0366682559
0.0085410187
0.0793621913
0.0540718175
0.0073614018
0.0654609725
0.0519450009
0.0065739951
0.0152341519
0.0422866493
0.0367200226
0.0083742980
0.0169624295
0.0061579365
0.0237339158
0.0240561273
0.0332114324
0.0715692267
0.0066099185
0.0085471561
0.0047673364
0.0032537787
0.0304602813
0.0198936854
0.0283343848
0.0580833331
0.0160890222
0.0189863220
0.0271447673
0.0031906930
0.0035570899
0.0158945359
0.0376067311
0.0201243348
0.0152088311
0.0689719021
0.0056520253
0.0193604492
0.0140556414
0.0266024005
0.0102083925
0.0147659983
0.0325799435
0.0156680141
0.1093785465
0.0052032988
0.0129967723
0.0193147361
0.0687680393
0.0452972874
0.0177741628
0.0236269422
0.0617167987
0.0496654920
0.0222201571
0.0130639086
0.0450625420
0.0331644118
0.0071473639
0.0340834036
0.0609990470
0.0042153019
0.0056433049
0.0165818799
0.0540015921
0.0089745279
0.0160614736
0.0516027287
0.0137981279
0.0291539263
0.0304066036
0.0038459392
0.0347092934
0.0065071443
0.0652220622
0.0572918653
0.0040449062
0.0241549946
0.0132940309
0.0029467328
0.0197507087
0.0038942969
0.0064433082
0.0049316827
0.0372524299
0.0289839767
0.0548247099
0.0505123176
0.0263611637
0.0112207048
0.0541473664
0.0593366362
0.0530881956
0.0273610465
0.0654606521
0.0080579212
0.0030370364
0.0047514886
0.0128010223
0.0179622602
0.0140601173
0.0306057688
0.0152137093
0.0161374267
0.0101942681
0.0478178971
0.0553078428
0.0161986779
0.0112266243
0.0059765386
0.0520638265
0.0041499911
0.0187529251
0.0067117950
0.0052732858
0.0043992945
0.0118637811
0.0441914611
0.0415202081
0.0034246568
0.0258320346
0.0064581586
0.0053033647
0.0099347830
0.0222298242
0.0663283691
0.0637257621
0.0034838689
0.0105654588
0.0455621965
0.0528289862
0.0148391919
0.0034718080
0.0089493571
0.0513873883
0.0204706118
0.0039293841
0.0136251114
0.0069746240
0.0037739179
0.0411011651
0.0421743616
0.0173952915
0.0186450053
0.0064308839
0.0046529854
0.0191086307
0.1436902732
0.0351244137
0.0063529825
0.0058995737
0.0167685580
0.0607563853
0.0231419522
0.0153904054
0.0088059250
0.0517472215
0.0355577581
0.0755986497
0.0032041473
0.0370391309
0.0511614047
0.0476456136
0.0391227268
0.0455061011
0.2001442909
0.0190243740
0.0255730469
0.0634717196
0.0427816287
0.0036172762
0.0197946839
0.0039451495
0.0079709264
0.0685568601
0.0053132642
0.0583274513
0.0075392378
0.0393501706
0.0069089727
0.0071594985
0.0370060913
0.0256781038
0.0363942683
0.0593537949
0.0113629019
0.0205500554
0.0763755366
0.0214407798
0.0158855077
0.2100487500
0.0407144576
0.0376549251
0.0450724214
0.0166505557
0.0303768534
0.0561939180
0.0490635522
0.0146765811
0.0316376239
0.0149327591
0.0770556256
0.0283142719
0.0039115692
0.0654215217
0.0115913199
0.0381202661
0.0572057702
0.0505478568
0.0188092981
0.0479447618
0.0615880862
0.0117444955
0.0073844325
0.0102860406
0.0303144585
0.0495743118
0.0162470322
0.0049604299
0.0048172334
0.0104688304
0.0176913384
0.0272085071
0.0241896380
0.0635812357
0.0131975468
0.0493853204
0.0161262061
0.0542520471
0.0248024650
0.5123050809
0.0147298407
0.0629024506
0.0709985644
0.0073620151
0.0034527320
0.0307948478
0.0061849691
0.0480408259
0.0460202545
0.0399821810
0.0035491697
0.0556610152
0.0164025333
0.0572365336
0.0163651500
0.0042067147
0.0292303246
0.0056016156
0.0380102582
0.0039359676
0.0288846698
0.0117585976
0.0479327850
0.0039515654
0.0294507165
0.0109089632
0.0073987329
0.0059401998
0.0192387439
0.0666553378
0.0266845282
0.0251963027
0.0404825546
0.0241164733
0.0045659305
0.0065774787
0.0029764522
0.0654528663
0.0764503255
0.0333980881
0.0062816301
0.0073270886
0.0041833683
0.0620855987
0.0073118145
0.0166420341
0.0088473167
0.0035525209
0.0358791649
0.0313829035
0.0166492183
0.0605915934
0.0528769419
0.0038325419
0.0129608186
0.0417906940
0.0037629346
0.0090988297
0.0136977127
0.0457392707
0.0080977958
0.0392748937
0.0159695707
0.0036517868
0.0683332980
0.0407441035
0.0320574418
0.0191509482
0.0287925210
0.0213630274
0.0210431032
0.0485551879
0.0325354040
0.0730328560
0.0617148206
0.0241299383
0.0165675208
0.0518598706
0.0316188969
0.0076875081
0.0562504679
0.9333984256
0.0586008318
0.0594200268
0.0031212047
0.0055168453
0.0040449277
0.0156121515
0.0500889793
0.0533157103
0.0069402717
0.0055924300
0.0073381532
0.0169017818
0.0213001538
0.0039764741
0.0645000935
0.0037229608
0.0370568894
0.0128668649
0.0601065122
0.0491728969
0.0657338798
0.0853921324
0.0043722433
0.0164043643
0.0030754514
0.0448056385
0.0164472144
0.0162882451
0.0187943615
0.0101764053
0.0029319888
0.0029818441
0.0037183533
0.0140399151
0.0516005196
0.0215891730
0.0373868160
0.0703106299
0.0048098550
0.0419553220
0.0053891325
0.0471258126
0.0317210928
0.0109812645
0.0056357868
0.0117082512
0.0482978784
0.0051184790
0.0111343833
0.0324369669
1.1221661568
0.0345205255
0.0103392610
0.0130162863
0.0080051459
0.0295227636
0.0407835543
0.0573219918
0.0053715366
0.0444008708
0.0236292221
0.0054414328
0.0228775311
0.0174899437
0.0471689515
0.0045585609
0.0294785630
0.0140071269
0.0548592098
0.0065497276
0.0301952027
0.0173132364
0.0032504604
0.0697692409
0.0673373565
0.0593994744
0.0069342102
0.0116612744
0.0056155296
0.0035255137
0.0293539371
0.0108653614
0.0030169371
0.0671933368
0.0268974341
0.0442702100
0.0104997270
0.0053146044
0.0122214453
0.0399810635
0.0275622271
0.0037041742
0.0130367866
0.0235146191
0.0049692518
0.0401204936
0.1357161850
0.0070131379
0.0183114931
0.1191286594
0.0051753344
0.0516063347
0.0125966650
0.0584094077
0.0404788852
0.0251914412
0.0091427751
0.0441103578
0.0182244722
0.0239281766
0.0073180743
0.0062817610
0.0650929287
0.0336278602
0.0513588749
0.0088069616
0.0070088962
0.0615041517
0.0127621265
0.0105693471
0.1156460270
0.0132180927
0.0669762716
0.0359570123
0.0618726313
0.0066694985
0.0497354306
0.0134488270
0.0517992750
0.0035166300
0.0128845684
0.0193386693
0.0148418993
1.1364747286
0.0808765888
0.0393311828
0.0112575600
0.0386761874
0.0471142121
0.0165843945
0.0161135551
0.0165193323
0.0560363531
0.1661632955
0.0344115533
0.0116567034
0.0304863062
0.0188112408
0.0064992835
0.0467639752
0.0089614671
0.0131475860
0.0258780885
0.0210112371
0.0455891527
0.0538782328
0.0184291676
0.0349898413
0.0553663820
0.0537832901
0.0062668221
0.0358352140
0.0057066781
0.0266689230
0.0072408249
0.0629336238
0.0109320106
0.0114821168
0.0439437181
0.0104944520
0.0086898971
0.0272882171
0.0693657026
0.0045107920
0.0239595734
0.0286751464
0.0041489331
0.0337512381
0.0543599017
0.0351737402
0.0499654450
0.0076830867
0.0142865889
0.0031630725
0.0154183377
0.0104969926
0.0171729345
0.0941983163
0.0198543202
0.0106078386
