0.0096851029
0.0621333867
0.0246148352
0.0084703080
0.0562002659
0.0399018861
0.0041499236
0.0054294649
0.0599987954
0.0104414746
0.0046959715
0.0069555868
0.0220149476
0.0038246913
0.0036072475
0.0219628084
0.0112138232
0.0419206992
0.0170221720
0.0280739553
0.0083109094
0.0032718207
0.0127146635
0.0074589248
0.0110389628
0.0064100586
0.0719360635
0.0051188446
0.0344001316
0.0257653240
0.0270964224
0.0174422301
0.0468187705
0.0444481708
0.0862516016
0.0476601645
0.0193552226
0.0508217774
0.0547359101
0.0046981350
0.0535633825
0.0174012352
0.0851173699
0.0444408730
0.0046759201
0.0535014197
0.0154937524
0.0081438683
0.0210831091
0.0637788773
0.0138543909
0.0157015547
0.0646767616
0.0639577135
0.0517292134
0.0504071265
0.0114007862
0.4856189787
0.0205459148
0.0249897949
0.0053017596
0.0538258031
0.0235324372
0.0091620749
0.0127195716
0.0099525405
0.0031689066
0.0195052233
0.0177590605
0.0733103529
0.0682428926
0.0286680162
0.0250336044
0.0391779318
0.0062932912
0.0127720684
0.0182659086
0.0065573719
0.0590531379
0.0073587135
0.0330563746
0.0476942882
0.0070114424
0.0069860914
0.0728533268
0.0301492270
0.0124136545
0.0402043946
0.0036426664
0.0541513339
0.0337242410
0.0149233853
0.0679694116
0.0638669059
0.0196636375
0.0525663160
0.0625752583
0.0382845588
0.0084281154
0.1464265734
0.0625960827
0.0130048366
0.0170799233
0.0102088051
0.0203266889
0.0236212369
0.0208667535
0.0070263599
0.0230463333
0.0550861508
0.0088194925
0.0570800081
0.0038065445
0.0070919553
0.0068099978
0.0094584851
0.0079606939
0.0658029318
0.0061398465
0.0233997069
0.0128710791
0.0353270583
0.0234046485
0.0280311648
0.0226211194
0.0039071133
0.0245350171
0.0926618576
0.0078823650
0.0050787064
0.0064754868
0.0295213144
0.0092038736
0.0702375025
0.0255219657
0.0088243457
0.0337876342
0.0365300179
0.0673534200
0.0359504968
0.0087413797
0.0122219436
0.0029523137
0.0098980330
0.0347756222
0.0077968356
0.0209870487
0.0424144417
0.0055893655
0.0497037545
0.3481674790
0.0406077243
0.0201684721
0.0380343609
0.0078554181
0.0484503806
0.0558476746
0.0171227772
0.0117312316
0.0064496794
0.0163205247
0.0206435695
0.0351533964
0.0076769893
0.0570457615
0.0283151865
0.0031238059
0.0138938567
0.0520696528
0.0151029909
0.0059550777
0.0192041583
0.0029722929
0.0705679059
0.0301467665
0.0077865701
0.0694913715
0.0381132774
0.0127013894
0.0523049980
0.0647283494
0.0300291479
0.0700033903
0.0162787084
0.0630523488
0.0127445338
0.0249839518
0.0030997833
0.0090084551
0.0100192046
0.0361257493
0.0191268791
0.0102651240
0.0727457330
0.0521368720
0.0377154574
0.0286436453
0.0045032343
0.0153484857
0.0333647542
0.0541784167
0.0254158061
0.0367625207
0.0096303802
0.0402257517
0.0248640217
0.0529380664
0.0692452863
0.0542328842
0.0132452641
0.0209838822
0.0701702908
0.0128485989
0.0522205308
0.0251259916
0.0637174323
0.0465946980
0.0288425330
0.0146949375
0.0065250075
0.0340107158
0.0180415232
0.0164517984
0.0147617590
0.0097935842
0.0552911609
0.0033172702
0.0497870222
0.0255063623
0.0220508426
0.0488033630
0.0077841701
0.0701101199
0.0347617529
0.0454593040
0.0681957901
0.0374200419
0.0648076683
0.0458287299
0.0639535487
0.0392853022
0.0057110782
0.0147699127
0.0205436349
0.0609750003
0.0457962193
0.0077592847
0.0440954827
0.0120999347
0.0112680951
0.0437165089
0.0716515630
0.0174985025
0.0472386107
0.0177029818
0.0221196786
0.0152006857
0.0667586997
0.0290363468
0.0531792268
0.0053016543
0.0334633775
0.0564527921
0.0188041348
0.0306211617
0.0063806693
0.0329834409
0.0081520202
0.0141750323
0.0049618836
0.0385751501
0.0566677898
0.0072366223
0.0577301234
0.0069102976
0.0170215666
0.0520238094
0.0648225844
0.0214335136
0.0226827003
0.0073887142
0.0449284241
0.0161827430
0.0643827021
0.0152233317
0.0635670424
0.0195894018
0.0427206010
0.0029343795
0.0031199192
0.0306019783
0.0100745764
0.0130288862
0.0654646158
0.0590685308
0.0670888424
0.0347020477
0.0267042127
0.0032338111
0.0272713881
0.0145306643
0.0686386079
0.0378268696
0.0368154831
0.0608180575
0.0105749592
0.0175517350
0.0247207228
0.0428627953
0.0423974209
0.0678077936
0.0177814718
0.0057219770
0.0100207208
0.0399613120
0.0297001489
0.0258299466
0.0611286275
0.0084790103
0.0107685579
0.0159814004
0.0386274196
0.0341640003
0.0089142872
0.0097576752
0.0151542658
0.0145824011
0.0313885808
0.0074549685
0.0060351561
0.0380409695
0.0137121202
0.0382246375
0.0633950755
0.0374305099
0.0082489196
0.0136267459
0.0199310798
0.0100862179
0.0123411454
0.0052617611
0.0147044193
0.0127808228
0.0340385810
0.0383994170
0.0310673863
0.0122642750
0.0327457078
0.0208267588
0.0070790905
0.0032513819
0.0159806777
0.0041777729
0.0159558207
0.2864458859
0.0452919044
0.0126868468
0.0046134712
0.0120227952
0.0318768471
0.0549016595
0.0610310286
0.0634136572
0.0283065569
0.0344098285
0.0507750250
0.0029203310
0.0034899584
0.0037219373
0.0109197097
0.0478056073
0.0296537336
0.0534443557
0.0122487340
0.0492367223
0.0404345319
0.0669341385
0.0043541654
0.0283609964
0.0138800219
0.0580675863
0.0063269082
0.0561712869
0.0151940696
0.0328206122
0.0039954260
0.0032931864
0.0189996175
0.0055938503
0.0550508611
0.0108069684
0.0412684940
0.0426117405
0.0172648113
0.0126409102
0.0332971662
0.0037182141
0.0093669770
0.0033715621
0.0713999942
0.0029666421
0.0724245906
0.0382593796
0.0156907588
0.0067282063
0.0157956798
0.0107214693
0.0458702333
0.0053246724
0.0049132914
0.0043142214
0.1414754391
0.0451066159
0.0336083062
0.0058400724
0.0045908540
0.0245982464
0.0092077125
0.0077625383
0.0369236022
0.0057512727
0.0622162819
0.0121046007
0.0590093918
0.0499162078
0.0117506068
0.0328348130
0.0526533611
0.0114374086
0.0042508380
0.0686844736
0.0154370954
0.0037107202
0.0046877032
0.0970725790
0.0591795556
0.0072322679
0.0399780311
0.0134600429
0.0096485224
0.0185377002
0.0597557724
0.0040367874
0.0132723702
0.0090505229
0.0439298637
0.0048301150
0.0038081247
0.0322171412
0.0294128675
0.0040732506
0.0379695781
0.0154298758
0.0056235986
0.0040694387
0.0610771216
0.0126175871
0.0661662519
0.0555126667
0.0463191494
0.0205484629
0.0201698933
0.0552857667
0.0428607427
0.0626465604
0.0132504851
0.0183427930
0.0234638322
0.0600364767
0.0062694699
0.0141965905
0.0296048690
0.0405409150
0.0150960200
0.0506031848
0.0444033816
0.0425798297
0.6217500567
0.0227514654
0.0663773715
0.0141834319
0.0142098712
0.0124726379
0.0363655686
0.0250925180
0.0047804955
0.0134200603
0.0240036603
0.0545173027
0.0410772637
0.0602465160
0.0618901141
0.0311544444
0.0578028448
0.0033737577
0.0529592186
0.0108077005
0.0225451831
0.0604554079
0.0601846650
0.0108686537
0.0159222614
0.0618455857
0.0250023287
0.0629067570
0.0620951131
0.0134356692
0.0051552402
0.0418606550
0.0592037737
0.0372580439
0.0140606379
0.0110876188
0.0143854208
0.0101724546
0.0175433345
0.0755999759
0.0524103567
0.0447478481
0.0317818783
0.0296644289
0.0115001397
0.0509759113
0.0166146718
0.0274235681
0.0666105747
0.0037699013
0.0237973519
0.0320381150
0.0210532565
0.0081508467
0.0207340755
0.0040760534
0.0433874726
0.0425691791
0.0573614836
0.0061699641
0.0395160615
0.0276862234
0.0091509977
0.0421513543
0.0233594794
0.0203283057
0.0559444204
0.0054058009
0.0411793552
0.3119990230
0.0334991179
0.0049093380
0.0212387964
0.0532183722
0.0098921815
0.0245696269
0.0122865038
0.0036818627
0.0252213012
0.0193709470
0.0669618547
0.0368172601
0.0047377599
0.0117601994
0.0233880766
0.0299677197
0.0213882867
0.0317699499
0.0064114919
0.0120719308
0.0120380856
0.0161639024
0.0110710878
0.0034741636
0.0325653441
0.0216386132
0.0422994085
0.0425055027
0.0504803732
0.0653876588
0.0346893780
0.0260021817
0.0195950232
0.0122208465
0.0448140427
0.0707319304
0.0178868808
0.0101129180
0.0053046532
0.0087012174
0.0095710326
0.0053693727
0.0241066162
0.0525946170
0.0298937541
0.0444420576
0.0105486549
0.0580008812
0.6061966419
0.0289848540
0.0729484335
0.0076045995
0.0072046216
0.0065330639
0.0158172213
0.0449026972
0.0086052129
0.0476652719
0.0058999942
0.0126400208
0.0286044329
0.0202976353
0.0088556306
0.0228203479
0.0135911079
0.0566485263
0.0346722081
0.0355708972
0.0070719589
0.0526072606
0.0594956093
0.0481539555
0.0697684661
0.5495516062
0.0168551207
0.0500253215
0.0108755138
0.0695652291
0.0194627848
0.0365205258
0.0184721556
0.0192425568
0.0083508287
0.0316787288
0.0189801529
0.0113984244
0.0302762389
0.0500129834
0.0628817379
0.0577279627
0.0131110437
0.0100840051
0.0500147901
0.0573055521
0.0048194411
0.0267300084
0.0349206552
0.0070131365
0.0595193803
0.0058584339
0.0426561497
0.0143404119
0.0278740525
0.0046647196
0.0152757932
0.0609870255
0.0078281965
0.0181010477
0.0205030423
0.7797203064
0.0102125732
0.0313689150
0.0084761251
0.0387870334
0.0530108847
0.0167833772
0.0254185963
0.0033466765
0.1023458615
0.0065432983
0.0576720387
0.0234126262
0.0263421368
0.0174143370
0.0080011562
0.0074192556
0.0195327420
0.0206406396
0.0095227202
0.0738427117
0.0292838402
0.0499383472
0.0100952452
0.0271115620
0.0078159943
0.0043509449
0.0044746613
0.0184207465
0.0271375496
0.0121124191
0.0422328822
0.0173993781
0.0482181534
0.0317075886
0.0094334092
0.0261387713
0.0276601706
0.0593662597
0.0075564440
0.0058716428
0.0173161589
0.0130236708
0.0555848703
0.0517410971
0.0480198748
0.0403427593
0.0467696860
0.0291649159
0.0178096388
0.0138412565
0.0087698214
0.0084350714
0.0650922656
0.0267458111
0.0273625087
0.0111204963
0.0644900650
0.0417606682
0.0523352660
0.0613889731
0.0179332290
0.0275795460
0.0112023298
0.0029889923
0.0114326430
0.0032363157
0.0287130941
0.0107895499
0.0490872189
0.0222833753
0.0422508568
0.0598345771
0.0041789887
0.0596811250
0.3399772048
0.0533452444
0.0584165342
0.0640164390
0.0161863379
0.7137436271
0.0188332181
0.0302261375
0.0485282168
0.0229408760
0.0331754573
0.0697095022
0.0051844656
0.0277630314
0.0438894667
0.0530042425
0.0255869105
0.0623963550
0.0627114102
0.0660147816
0.0072115702
0.0492109917
0.0053344718
0.0078958943
0.0351953581
0.0141937016
0.0051035313
0.0323819779
0.0649899915
0.0563145615
0.0429003760
0.0461275540
0.0565756075
0.0169399325
0.0423974283
0.0363483801
0.0071839178
0.0364863537
0.0204987619
0.0186540522
0.0226251371
0.0061105201
0.0180044547
0.0187424794
0.0063157207
0.0142219467
0.0346900746
0.0351112373
0.0068022809
0.0124259535
0.0505028069
0.0515848063
0.0363964550
0.0069712857
0.0069354787
0.0285645686
0.0720568448
0.0495281555
0.0135988025
0.0160068218
0.0515535027
0.0206456427
0.0159645714
0.0215777960
0.0567922555
0.0432410501
0.0204388127
0.0319596827
0.0127205737
0.0146851484
0.0446102284
0.0163999870
0.0133290952
0.0290173907
0.0035063566
0.0624159500
0.0613187365
0.0360086299
0.0481246226
0.0061789420
0.0580069982
0.0300594289
0.0351329744
0.0121973343
0.0623538904
0.0132135926
0.0618275963
0.0625779480
0.0064441455
0.0053285528
0.0643196106
0.0596549474
0.0365969911
0.0151631068
0.0251686666
0.0073260204
0.0552246757
0.0601710528
0.0198504869
0.0342476740
0.0534079447
0.0065429816
0.0159059372
0.0126208505
0.0699868053
0.0347047187
0.0264121145
0.0030037966
0.0080274697
0.0106211929
0.0335301533
0.0177432969
0.0515350178
0.0188831761
0.0124321785
0.0413147621
0.0455974676
0.0587199703
0.0307386853
0.0313273743
0.0227626059
0.0719355419
0.3905293941
0.0480857231
0.0235740282
0.0040384517
0.0073764403
0.0612394884
0.0310834963
0.0281031542
0.0363074727
0.0078523885
0.6455388665
0.0030090639
0.0487205833
0.0109395748
0.0579773486
0.0361278988
0.0229042601
0.0139339874
0.0724186674
0.0620909631
0.0670185238
0.0066944296
0.0079220049
0.0077993469
0.0179787446
0.0674238130
0.0036848753
0.2303571552
0.0163622126
0.0528435931
0.0430497639
0.0034156980
0.0053356010
0.0201964043
0.0277630445
0.0381186604
0.0150405243
0.0722752064
0.0308822840
0.0151020363
0.0192485992
0.0474381819
0.0667541400
0.0098801935
0.0143769281
0.3863618374
0.0056099533
0.0471199118
0.0161048770
0.0697091818
0.0310348384
0.0475636944
0.0201019663
0.0056297998
0.0058216201
0.0074327788
0.0326267295
0.0111167952
0.0479618497
0.0163575951
0.0172450244
0.0715943724
0.0304652583
0.0257825330
0.0057903212
0.7365388870
0.0216113180
0.0106546897
0.0714228153
0.0662814602
0.0684843883
0.0424350724
0.0074959784
0.0388462804
0.8200480342
0.0100589944
0.0030066476
0.0029330808
0.0447488129
0.0484658927
0.0356371589
0.0311061423
0.0253318213
0.0344640240
0.0522184558
0.0108580422
0.0351505280
0.0154692559
0.0156468041
0.0306158513
0.0112686660
0.0498714559
0.0135344723
0.0389447473
0.0303171929
0.0050831963
0.0404135063
0.0126745384
0.0120235132
0.0722324476
0.0718904361
0.0512181669
0.0498265848
0.0291655269
0.0311640855
0.0556819513
0.0728821307
0.0239603184
0.0270009730
0.0152029926
0.0454545319
0.0228843577
0.0258198958
0.0045925579
0.0037522311
0.0110619282
0.0165253263
0.0113979559
0.0579961017
0.0569183230
0.0505382605
0.0110382130
0.0563009419
0.0686545298
0.0556831807
0.0254680011
0.0404325798
0.0500015467
0.0112993764
0.0231586471
0.0251793340
0.0181108173
0.0379441194
0.0363319255
0.0327194221
0.0294778086
0.0743249804
0.0473898165
0.0041161040
0.0042527933
0.0034167529
0.0033689328
0.0054467563
0.0400555581
0.0428248607
0.0066264989
0.1409615874
0.0195878055
0.0072537716
0.0183776356
0.0051922170
0.0078606261
0.0073743709
0.0169953816
0.0116147418
0.0091586495
0.0444086678
0.0674141198
0.0595749579
0.0035556569
0.0350530744
0.0646591932
0.0098182494
0.0712590739
0.0068071270
0.0193758663
0.0149360774
0.0065497966
0.0625436381
0.0043582683
0.0074806190
0.0319800042
0.0350287780
0.0098742219
0.0141654368
0.0072895680
0.0299991947
0.0176036973
0.0434791073
0.0136686554
0.0675206184
0.0240064654
0.0616770908
0.0079564294
0.0272427499
0.0395826176
0.0034043896
0.0433080494
0.0647664145
0.0106059797
0.0144517999
0.0314072259
0.0329833813
0.0141615896
0.0073826886
0.0378556289
0.0061479653
0.9874791503
0.0412223972
0.0101962090
0.0466377102
0.0043338239
0.0505986772
0.0090899346
0.0712307617
0.0109700840
0.0719496831
0.0681618899
0.0045961142
0.0107255951
0.0060520945
0.0047843140
0.0321442634
0.0147601562
0.0381940603
0.0093867201
0.0453729071
0.0412434675
0.0081216656
0.0447071604
0.0539329983
0.0098468205
0.0124430051
0.0039373417
0.0044522849
0.0537538454
0.0350160673
0.0204105750
0.0230385121
0.0103417663
0.0440644771
0.0087088011
0.0057076211
0.0073306239
0.0211502723
0.0084581450
0.0460706688
0.0712591708
0.0107622501
0.0258716084
0.0078998692
0.0315486044
0.0338331275
0.0180507042
0.0725759268
0.0099000419
0.0677784979
0.0110368337
0.0070362110
0.0301549342
0.0295691527
0.0611491539
0.0036870115
0.0246057324
0.0174370538
0.0421606191
0.0112080071
0.0168771464
0.0187361985
0.0570182279
0.0075020986
0.0209339745
0.0067703305
0.0130710583
0.0530166365
0.0081589064
0.0415834263
0.0532891080
0.0638020784
0.0451334603
0.0716195852
0.0226137619
0.0391930416
0.0074014296
0.0061345324
0.0347362421
0.0724477991
0.0595766865
0.0303563327
0.0051161218
0.0153516941
0.0137364361
0.0124069061
0.0036098224
0.0117586767
0.0077242316
0.0102997413
0.0045173084
0.0357526615
0.0470516495
0.0472035110
0.0071993023
0.0109949121
0.0507376269
0.0169587769
0.0034803124
0.0537487343
0.0697944462
0.0110919094
0.0037427610
0.0111173252
0.0528746061
0.0622903220
0.0237175729
0.0087573761
0.0176811256
0.0099755013
0.0320429094
0.0623931773
0.0722944960
0.0035259563
0.0070978482
0.0528257005
0.0064827339
0.0167099331
0.0048525264
0.0238043386
0.0658539534
0.0648100004
0.0137767121
0.0056186519
0.0328616574
0.0129827615
0.0174724869
0.0058703064
0.0214016605
0.0122417510
0.0069365366
0.0147787668
0.0085925087
0.0410161875
0.0182460416
0.0036038640
0.0035514974
0.0035206864
0.0540631711
0.0522812903
0.0366237722
0.0259318091
0.0688826293
0.0234045032
0.0044944105
0.0312378109
0.0702985004
0.0569739453
0.0083759604
0.0155203585
0.0044290596
0.0073962202
0.0077387509
0.0727136806
0.0133829666
0.0122184148
0.0116978101
0.0663023815
0.0470171794
0.0349252596
0.0043630428
0.0128145916
0.0717575699
0.0412890762
0.0482279733
0.0053799762
0.0048287371
0.0518545397
0.0095996261
0.0219367240
0.0055610668
0.0051910863
0.0644219294
0.0090870680
0.0318937339
0.0076312190
0.0305750184
0.0086956015
0.0310745630
0.0056392066
0.0651630163
0.0527135134
0.0061340686
0.0637189746
0.0501662940
0.0516652390
0.0100985309
0.0404968224
0.0455293767
0.0172044076
0.0073910328
0.0274512898
0.0151463207
0.0164384991
0.0408149064
0.0148437237
0.0053223884
0.0175230578
0.0251745153
0.0522389188
0.0031007135
0.0525283404
0.0399224609
0.0173167344
0.0157916378
0.0077314763
0.0116292592
0.0048498292
0.0513347015
0.0207140669
0.0224856958
0.0193641987
0.0249437597
0.0303891581
0.0167761687
0.0660171807
0.0711541921
0.0543484688
0.0398947261
0.0340715609
0.0185349323
0.0367982090
0.0031696912
0.0114946030
0.0646867305
0.0134672699
0.0349265635
0.0064486749
0.0132172620
0.0616713129
0.0053760619
0.0057549221
0.0050061126
0.0101084672
0.0248371605
0.0550837666
0.0136880213
0.0086799273
0.0524048544
0.0120296134
0.0580754429
0.0303002577
0.0558299087
0.0182269588
0.0078359907
0.0403401293
0.0373477601
0.0234885272
0.0181131326
0.0040610125
0.0514243245
0.0031250305
0.0271335393
0.0212821979
0.0131025789
0.0678173006
0.0035183888
0.0052459971
0.0682586804
0.0035798836
0.0661011860
0.0635383204
0.0416862443
0.0226144381
0.0154624125
0.0114394613
0.0190498456
0.0157334972
0.0040749405
0.0174998231
0.0274323188
0.0374490693
0.0402641892
0.0078887530
0.0216574967
0.0721788704
0.0034504475
0.0031514794
0.0168253649
0.0390230231
0.0662569553
0.0691507757
0.0509631522
0.0078151654
0.0377446041
0.0120445527
0.0667786747
0.0044561196
0.0370027013
0.0080956789
0.0123662250
0.0435752720
0.0257313531
0.0218297075
0.0145659158
0.0377332121
0.0461925305
0.0144372666
0.0572348461
0.0086449515
0.0258770753
0.0045644972
0.0050023608
0.0058746566
0.0100406948
0.0282688215
0.0284905620
0.0685546473
0.0081104683
0.0037201431
0.0086343205
0.0211975276
0.0427078567
0.0460507423
0.0542005152
0.0096874917
0.0130041502
0.0030806500
0.0089665242
0.0327576026
0.0057615736
0.0420089848
0.0213576760
0.0228943154
0.0071252482
0.0256844144
0.0397170372
0.0214785952
0.0646646395
0.9491586685
0.0070249620
0.0206236914
0.0510617085
0.0323483534
0.0241751596
0.0338516347
0.0142425941
0.0103602670
0.0098912613
0.0063783713
0.0637498274
0.0040314365
0.0621768199
0.6600251198
0.0627108738
0.0187174547
0.0124084782
0.0396061763
0.0043037552
0.0136610949
0.0050636088
0.0215221532
0.0159325227
0.0281994101
0.0086133946
0.0341244973
0.0323653892
0.0359220654
0.0054928274
0.0754295588
0.0053294026
0.0397439040
0.0092676021
0.0105776861
0.0449122004
0.0510810986
0.0582357533
0.0220286977
0.0676779896
0.0030207743
0.0622639395
0.0039224136
0.0405055434
0.0306682382
0.0168532301
0.0216921810
0.0177837517
0.0195749439
0.0206404570
0.0066084643
0.0301661659
0.0089942301
0.0433335416
0.0158353839
0.0479641557
0.0080981366
0.0588348806
0.0413042642
0.0394175984
0.0334995911
0.0229834765
0.0701666698
0.0258686785
0.0163164716
0.0506544188
0.0493413620
0.0252282768
0.0416286588
0.0711302236
0.0353158899
0.0267754067
0.0138038574
0.0568044968
0.0250505060
0.0113451825
0.0050222450
0.0141507816
0.0233506057
0.0693606064
0.0165497921
0.0069978274
0.0536134019
0.0686143041
0.0534363650
0.0083910041
0.0649842471
0.0360537805
0.2125975937
0.0687929913
0.0220206268
0.0530185178
0.0459394455
0.0400979184
0.0147441067
0.0034093759
0.0533800460
0.0677270740
0.0447605960
0.0696743950
0.0281669945
0.0693355054
0.0090448661
0.0093933018
0.0203981828
0.0515369810
0.0060296934
0.0076293219
0.0093414159
0.0041531734
0.0113890432
0.0045205704
0.0170478523
0.0389226228
0.0116363280
0.0085721053
0.0067080599
0.0525380820
0.0375328325
0.0428272970
0.0482908823
0.0030433680
0.0229467973
0.0257508866
0.0080243787
0.0469721183
0.0284490082
0.0253485423
0.0156721380
0.7211435437
0.0087481048
0.0416128561
0.0466007255
0.0265757311
0.0701567233
0.0142888092
0.0470161512
0.0222276971
0.0047580623
0.0431216732
0.0088266181
0.0389736108
0.0142390579
0.0054009100
0.0346925631
0.0190591738
0.0034412006
0.0238181334
0.0043458240
0.0298183449
0.0156930145
0.0058223968
0.0129520595
0.0770984590
0.0039085727
0.0340356193
0.0147780459
0.0614179000
0.0209946949
0.0612556338
0.0331673697
0.0490024649
0.0164307635
0.0448721237
0.0581267513
0.0133967940
0.0165689960
0.0619843602
0.0471972339
0.0393921919
0.0313467160
0.0104985125
0.0359690823
0.0598042309
0.0038882701
0.0061773243
0.0131957605
0.0711748526
0.0504651703
0.0296498276
0.0424028412
0.0707870424
0.0040637571
0.0053063012
0.0127237877
0.0416487195
0.0594840460
0.0337845199
0.0287503228
0.0600560941
0.0171269681
0.0070809964
0.0078752227
0.0488486402
0.0395483114
0.0063723782
0.0161286034
0.0511153638
0.0624240376
0.0176947881
0.0688590035
0.0052281874
0.0307607967
0.0061040772
0.0594120622
0.0635163337
0.0172070041
0.0321178213
0.0063202116
0.0035339014
0.0481160656
0.0427399576
0.0317231230
0.0683896989
0.0204216801
0.0055337045
0.0079548070
0.0392052718
0.0210249051
0.0029917718
0.0508526191
0.0383182839
0.0074521811
0.0257459097
0.0537147596
0.0130944066
0.0798187181
0.0036248602
0.0457584672
0.0322886221
0.0326760374
0.0273043197
0.0185006782
0.0134401927
0.0415471084
0.0098724402
0.0550894067
0.0059563480
0.0033139146
0.0165334828
0.0231923368
0.0470138304
0.0231290795
0.0146278106
0.0706125498
0.0058269170
0.0115917102
0.0154679287
0.0649127513
0.0051816157
0.0033313129
0.0048006186
0.0050138282
0.0215478335
0.0162497088
0.0051629506
0.0664370731
0.0047039413
0.0047909855
0.0409228466
0.0226097312
0.0440637246
0.0614330620
0.6849761009
0.0046288297
0.0434099808
0.0071640555
0.0198328607
0.0338220149
0.0252942257
0.0208984576
0.0092308754
0.0129529899
0.0823621377
0.0614298433
0.0040937653
0.0054530352
0.0072306497
0.0463026315
0.0354197063
0.0426057205
0.0266718939
0.0601064898
0.0031953009
0.0456677713
0.0149244070
0.0083092190
0.0075485548
0.0725629851
0.0104078781
0.0661267862
0.0425108559
0.0057814172
0.0179646648
0.0061102207
0.0276545286
0.0527146086
0.0130348550
0.0472354330
0.0678042471
0.7232206464
0.0547084808
0.0069856113
0.0255871266
0.0285497420
0.0041484176
0.0148456618
0.0408099592
0.0220872518
0.0259718131
0.0378355831
0.0444315635
0.0590382107
0.0072214729
0.0042535672
0.0395802744
0.0119149312
0.0622369982
0.0035276134
0.0472252406
0.0079244422
0.0361828469
0.0084541934
0.0185654797
0.0310884975
0.0393617004
0.0216681324
0.0357935689
0.0443175435
0.0112609481
0.0223246105
0.0099589536
0.0046761022
0.9454759359
0.0614893883
0.0500518791
0.0317224413
0.0461892635
0.0112031410
0.0543429144
0.0284741614
0.0261419900
0.0163636357
0.0148702851
0.0786466077
0.0081283972
0.0241430849
0.0575521179
0.0381522737
0.0082463007
0.0355398767
0.0418112092
0.0237311851
0.0499468446
0.0077995579
0.0089336364
0.0592735521
0.0416119844
0.5723057389
0.0078639826
0.0361828469
0.0254174788
0.0214566775
0.0099333171
0.0046959692
0.0342906751
0.0103410669
0.0114814779
0.0403536446
0.0035079166
0.0591466948
0.0299758445
0.0663717389
0.0039703539
0.0243492648
0.0657048449
0.0730610937
0.0054689492
0.0383965671
0.0049531357
0.0046821753
0.0407005958
0.0101270340
0.0224595889
0.0122803682
0.0203225557
0.0132782487
0.0309435241
0.0059851254
0.0613700151
0.0082158418
0.0189439598
0.0204697177
0.0618079491
0.0182566904
0.0166325457
0.0087445043
0.0459119678
0.0417232290
0.0032528050
0.0175387375
0.0362906419
0.0100226840
0.0608128868
0.0531850345
0.0286419038
0.0482527874
0.0306897014
0.0326556824
0.0613625124
0.0079687806
0.0493929572
0.0559252575
0.0103560211
0.0040001809
0.0051642149
0.0690727159
0.0271750186
0.0254634619
0.0033529897
0.0032002623
0.0141307022
0.0032479605
0.0105368625
0.0369066633
0.0670165271
0.0073559661
0.0523746386
0.0217108969
0.0416934118
0.0396092422
0.0470557883
0.0381437503
0.0492418855
0.0619525015
0.0393190682
0.0487580113
0.0330327228
0.0107699661
0.0034031321
0.0403642729
0.0463799275
0.0139786340
0.0536847860
0.0168773271
0.0210699532
0.0073071388
0.0193187986
0.0102452552
0.0511418507
0.0068288124
0.0053994111
0.0039134519
0.0311214309
0.0517847277
0.1155020148
0.0565570667
0.0127815465
0.0116160624
0.0127075277
0.9410966635
0.0579609200
0.0047646733
0.0211102143
0.0082102297
0.0287116766
0.0035428384
0.0216972847
0.0036742832
0.2565549314
0.0683602989
0.0691624805
0.0148482891
0.0247381050
0.0080977976
0.0106155565
0.0395194814
0.0403826796
0.0438717119
0.0680308267
0.0173045583
0.0468535088
0.0730579123
0.0035728004
0.0070613124
0.0672498643
0.0136980470
0.0120966053
0.0617321841
0.0287827682
0.0029500998
0.0540316664
0.6070631742
0.0493181795
0.0369265415
0.0101113850
0.0336342901
0.7919259667
0.0361107998
0.0087716458
0.0371321402
0.0077282367
0.0404860713
0.0292532742
0.0557614081
0.0082884515
0.0269185845
0.0586150363
0.0035385147
0.0125060538
0.0278260168
0.0063882740
0.0173457824
0.0702153668
0.0064364835
0.0378953777
0.0054661208
0.0705070943
0.0255793221
0.0042579449
0.0102839777
0.0179140233
0.0271856803
0.0182744507
0.0100595774
0.0040131547
0.0330521464
0.0418025590
0.0053128847
0.0224121679
0.0106288884
0.0285103526
0.0150690526
0.0531103015
0.0153000206
0.0614754856
0.0032834518
0.0039353431
0.0213327501
0.0106182611
0.0482702963
0.0458706059
0.0556052960
0.0482515767
0.0455292091
0.0082981763
0.0494987071
0.0492144115
0.0332863182
0.0262218751
0.0590820499
0.0220495891
0.0444537513
0.0197180919
0.0457906313
0.0226044618
0.0248316415
0.0049849446
0.0401689820
0.0104968417
0.0172573663
0.0072872262
0.0090436963
0.0459003523
0.0324085429
0.0038218684
0.0406605452
0.0077241068
0.0261876248
0.0042356215
0.0528650060
0.0049269521
0.0038407785
0.0556747019
0.0302376635
0.0414353944
0.0029620246
0.0078028096
0.0029547627
0.0033196937
0.0445282049
0.0411548652
0.0181545168
0.0497369021
0.0438972078
0.0043891999
0.0340761803
0.0098261638
0.0108545804
0.0608993918
0.0032791474
0.0281067789
0.0142654534
0.0680421889
0.0038192542
0.0522156768
0.0385286286
0.0603154078
0.0259351414
0.0347448699
0.0259167608
0.0161662791
0.0198046919
0.0377252139
0.0203851052
0.0549338870
0.0313785262
0.0529453643
0.0497647263
0.0599299744
0.0079123154
0.0568695739
0.0181054063
0.0514361486
0.0498574339
0.0134391580
0.0101318154
0.0033452974
0.0138217686
0.0081541287
0.0446339436
0.0310139563
0.0715459585
0.0096373055
0.0410760827
0.0389109924
0.0592255816
0.0700288042
0.0114388140
0.0156583153
0.0125410771
0.0401509181
0.0105217146
0.0351190828
0.0072233281
0.0173679478
0.0100300238
0.0656470731
0.0132282311
0.0113770096
0.0199322160
0.0033784504
0.0411463156
0.0109192561
0.0370440446
0.0622402392
0.0144514367
0.0098352022
0.0057433737
0.0421668701
0.0339353383
0.0356189236
0.0693015233
0.0619555153
0.0346762724
0.0440221503
0.0237445850
0.0208940469
0.0230412837
0.0039258474
0.0112078832
0.0115937311
0.0041068979
0.0429026522
0.0197012555
0.0302496590
0.0069765123
0.0105693890
0.0236965436
0.0046393289
0.0294050742
0.0405857824
0.0566443726
0.0084807491
0.0663548261
0.0381960906
0.0199464094
0.0570935123
0.0105519965
0.0260706134
0.0346629322
0.0030770351
0.0414031148
0.0175564345
0.0698798448
0.0221041124
0.0424779356
0.0217121821
0.0246454068
0.0365373120
0.0460066982
0.0279477350
0.0038712698
0.0432713218
0.0513675623
0.0040975646
0.0184876882
0.0520943440
0.0652129054
0.0383735783
0.0046001663
0.0037670324
0.0446595177
0.0034339100
0.0377345160
0.0585654117
0.0080279615
0.0493963845
0.0286798067
0.0042352350
0.0039132275
0.0148339299
0.0136271557
0.0330155790
0.0307577904
0.0033393046
0.0098389117
0.0660199746
0.0616011918
0.0059114508
0.0081009716
0.0362206064
0.0470793210
0.0471185036
0.0112558817
0.0191711262
0.0600851886
0.0390152410
0.0603213459
0.0193243232
0.0306299832
0.0053105312
0.0314672180
0.0677829161
0.0605455376
0.0157889258
0.0236969776
0.0156241376
0.0041197771
0.0198085699
0.4629381299
0.0056993496
0.0591033623
0.0160838980
0.0118890628
0.0058389897
0.0385091305
0.0061546569
0.0127474433
0.0621923730
0.0110477852
0.0061471430
0.0656210408
0.0337483510
0.0614774078
0.0119886231
0.0424167439
0.0190416723
0.0349979401
0.0255983230
0.0171179492
0.0262203235
0.0446242429
0.0267376695
0.0058126715
0.0139627466
0.0214759484
0.0372630432
0.0380139202
0.0034558217
0.0576209649
0.0046144640
0.0168922897
0.0625216588
0.0555415191
0.0078261709
0.0341944620
0.7125508189
0.0649946257
0.0174147524
0.0296977479
0.0028780997
0.0037084012
0.6647403240
0.0504341796
0.0056190365
0.0601503141
0.0235629696
0.0075886156
0.0143507691
0.0436674319
0.0272197351
0.0153334094
0.0603261329
0.0448435843
0.0630461276
0.0205154568
0.0530567132
0.0469779074
0.0040642899
0.0083853379
0.0049871546
0.0051641702
0.0032149537
0.0362608396
0.0636806563
0.0398858599
0.0196630321
0.5151448250
0.0146111008
0.0201995671
0.0296985880
0.0047539463
0.0128352186
0.8415753245
0.0294772405
0.0178425964
0.0121796988
0.0175397284
0.0484010614
0.0098575801
0.0096486285
0.0578723922
0.0280812625
0.0347892232
0.0674113557
0.0201097503
0.0335764736
0.0512453206
0.0049404544
0.0096784886
0.0622985773
0.0240863077
0.0266240444
0.0654052719
0.0391509756
0.0330270939
0.0222165994
0.0081031863
0.0107338745
0.0638267919
0.0125904148
0.7543118596
0.0326843932
0.0033341467
0.0300853383
0.0465059541
0.0652221814
0.0141006168
0.0167505462
0.0038691862
0.0715235546
0.0531023666
0.0059311013
0.0034041463
0.0937296972
0.6734002233
0.0194531325
0.0197370406
0.0419178344
0.0162406899
0.0321778655
0.0721257553
0.0147847235
0.0242742244
0.0440906584
0.0419485979
0.0115890810
0.0593635552
0.0056392150
0.0611698516
0.0338786766
0.0078932447
0.0144320903
0.0142879728
0.0098377075
0.0523626991
0.0159767456
0.0455893353
0.0282639023
0.0562146157
0.0161762331
0.0097494274
0.0375202075
0.0579019338
0.0202981830
0.0382963009
0.0153381759
0.0194318388
0.0033408355
0.0043154834
0.0480904542
0.0526058003
0.0330406986
0.0471181758
0.0348249376
0.0069802734
0.0389439240
0.0113416649
0.0605420582
0.0029891559
0.0413069464
0.0381186008
0.0634636059
0.0086570876
0.0058331126
0.0083130309
0.0083814515
0.0669404939
0.0283503011
0.0049848813
0.0674285740
0.0482976139
0.0268163811
0.0615308844
0.0065884716
0.0302028731
0.0100359153
0.0647615641
0.0361468755
0.0033324426
0.0289779678
0.0494226217
0.1323317736
0.0240525119
0.0553806126
0.0129688904
0.0486035459
0.0047831978
0.0230517648
0.0331994183
0.0328804813
0.0029367188
0.0095290923
0.0213452075
0.0078424411
0.0634374842
0.0303208120
0.0218565762
0.0120468587
0.0035389711
0.0081159165
0.9478033185
0.0143984770
0.0495456979
0.0210002679
0.7315359712
0.0542983636
0.0164967459
0.0615095124
0.0554377735
0.0031684006
0.0034130926
0.0550977439
0.0169759057
0.0503959171
0.0468711369
0.0102962554
0.0300920289
0.0180144869
0.0407454744
0.0086480491
0.0038883989
0.0564992204
0.0530899093
0.0153584518
0.0037793906
0.0107887629
0.7707603574
0.0157525111
0.0370337814
0.0236476101
0.0419072397
0.0526667349
0.0354086719
0.0269173551
0.0154989986
0.0141943023
0.0087627955
0.0133730648
0.0115428977
0.0541387163
0.0108811688
0.0107833138
0.0140834944
0.0514848605
0.0203781892
0.0626523793
0.0311308242
0.0076198629
0.0661165267
0.0278532933
0.0707737133
0.0143982945
0.0071856808
0.0559656657
0.0156349540
0.0210489687
0.0687049478
0.0062478813
0.0355923660
0.0142508568
0.0322172083
0.0072040805
0.0055764122
0.0037705421
0.0107240090
0.0490516461
0.0402025431
0.0305532608
0.0097761136
0.0261811428
0.0302169938
0.0028458266
0.0174472500
0.0056556668
0.0268080216
0.0635254160
0.0370817408
0.0129775004
0.0144765833
0.0725708902
0.0113638937
0.0054321154
0.0438648462
0.0371916331
0.0059598675
0.0716105551
0.0211237967
0.0185966920
0.0186651591
0.0033770117
0.0105322152
0.0401981771
0.0245318860
0.0037828076
0.0138403187
0.0671712458
0.0212798435
0.0183906965
0.0044188215
0.0044549201
0.0324136615
0.0278757084
0.0165206902
0.8219888806
0.0347590223
0.0148549769
0.0114665292
0.4959159791
0.0589168109
0.0135934297
0.0225236397
0.0095694643
0.0156460516
0.0247625206
0.0139176082
0.0131039731
0.0188657343
0.0527322963
0.0208467562
0.0723218098
0.0207401812
0.0722212046
0.0428995602
0.0439224653
0.0259965658
0.0059049712
0.8006225824
0.0293274410
0.0643033087
0.1050616279
0.0153027037
0.0086277053
0.0069726566
0.0040901476
0.0155910524
0.0044923788
0.0413042158
0.0328909047
0.0478773043
0.0437414460
0.0302630588
0.0125913629
0.0398245119
0.0104092276
0.0274207760
0.0529210009
0.0114551140
0.0057380996
0.0280782729
0.0184932984
0.0318531618
0.0217468794
0.0647618771
0.0197410416
0.0681960285
0.0632339492
0.0177604090
0.7042791247
0.0640597120
0.0663173944
0.8264216781
0.0474683680
0.0462053008
0.0657379776
0.0317992307
0.0235116538
0.0446868986
0.0421138518
0.0080608316
0.0669286102
0.0207152087
0.0384561643
0.0391987227
0.0759093165
0.0357071124
0.0519409068
0.0183096062
0.0288395323
0.0280978400
0.0760850534
0.0435314998
0.0051682997
0.0333219431
0.0517961718
0.8478905559
0.0568421632
0.0249435939
0.0064190789
0.0217823572
0.0247752555
0.0043238155
0.0071424162
0.0157101676
0.0530628599
0.0039304737
0.0268930029
0.0093311770
0.0121586826
0.0099440645
0.0035508762
0.0177250411
0.0133593958
0.0032029138
0.0566557087
0.0578166768
0.0095879706
0.0053996015
0.0638583526
0.0275603235
0.0346627682
0.0045430558
0.0683371797
0.0168573223
0.0051872414
0.0250183996
0.0043738433
0.0499094836
0.0139553668
0.0029296861
0.0131055014
0.0029485589
0.0060189781
0.0483088605
0.0680557787
0.0488551371
0.0098416992
0.0050225644
0.0235228166
0.0031440575
0.0036388254
0.0352110974
0.0443318971
0.0721894428
0.0070213964
0.0359429382
0.0058525372
0.0038075026
0.0150645152
0.0576545335
0.0301201418
0.0256888978
0.0100886663
0.0417241380
0.0100487284
0.0294399634
0.0091176312
0.0029157512
0.0598189346
0.0035634967
0.0114298128
0.0269183815
0.0175402593
0.0241039153
0.0574754104
0.0184610710
0.0598861612
0.0380395167
0.0094489977
0.0038067924
0.0256651379
0.0043081520
0.0122641372
0.0215769801
0.0036232986
0.0312925205
0.0449990965
0.0053801895
0.0370820612
0.0424899906
0.0691665336
0.0531829670
0.0296310093
0.0056687505
0.0479602218
0.0553235300
0.0111207021
0.0236035865
0.0056015891
0.0085794814
0.0062228413
0.0146789365
0.0243328176
0.0148454355
0.0173371807
0.0041116145
0.0063863462
0.0600349307
0.0275656171
0.0106770536
0.0328298509
0.0192866568
0.0349454805
0.0633267015
0.0121434797
0.0079130428
0.0722001940
0.0490442179
0.0039717238
0.1034812555
0.0594370924
0.0605378598
0.0068328856
0.0033616764
0.0646421388
0.0301453825
0.0036181647
0.0440687798
0.0302573554
0.0153443776
0.0046636364
0.0193171632
0.0266748872
0.0131397368
0.0101148812
0.0032703497
0.0492360257
0.0099931462
0.6582866907
0.0052609034
0.0572460927
0.0236499608
0.0041664825
0.0066293017
0.0261277799
0.0152134337
0.0549765825
0.0098057631
0.0426672809
0.0396013223
0.0407214426
0.0070149228
0.0032128314
0.0559135638
0.0621393621
0.0200659744
0.0318829417
0.0097902082
0.0141378464
0.0130281011
0.0496418215
0.0477602333
0.0694641098
0.0210366715
0.0340730026
0.0044137519
0.0660096556
0.0031877970
0.0041503850
0.0501664951
0.0030805964
0.1128640622
0.0062269224
0.0304346643
0.8989899158
0.0034696274
0.0063880370
0.0542797893
0.0561463572
0.0049908720
0.0231258012
0.0112480288
0.0522565916
0.0130504072
0.0289314967
0.0049378211
0.0074781775
0.0661421418
0.0094732279
0.0114141526
0.0494767688
0.0499572195
0.0191044435
0.0104651414
0.0221619643
0.0030776176
0.0180641562
0.0230871383
0.0291780774
0.0063659563
0.0053178086
0.0255677681
0.0139483698
0.0153348139
0.0583992153
0.0112974280
0.0079672867
0.0229001343
0.7758467793
0.0467287488
0.0219276696
0.0041226922
0.0152223259
0.0619877316
0.0081995316
0.0548517443
0.0069750268
0.0105052497
0.0052712262
0.0078769550
0.0247958191
0.0249423739
0.0151013453
0.0034467459
0.0371543430
0.0033616065
0.0290320721
0.0038389573
0.0068156505
0.0601491183
0.0543043278
0.0224540811
0.0494134128
0.0314582475
0.0056263343
0.0225450359
0.0700007379
0.0033636014
0.0204530042
0.0159160458
0.0398272946
0.0286129117
0.0106411735
0.0254574828
0.0090912506
0.0075549171
0.0083097704
0.0606652424
0.0036596276
0.0055127842
0.0094612800
0.0694712475
0.0427156724
0.0070899217
0.0720561892
0.0142197674
0.0265021473
0.0057726549
0.0172685161
0.0536977947
0.4833997190
0.0344267339
0.1182476655
0.0510134287
0.0378855802
0.0090487171
0.0724044517
0.2499628365
0.0378372371
0.0061483462
0.7852108479
0.0647686720
0.0055528576
0.0537189357
0.0317279957
0.0171489213
0.0125746895
0.0482652895
0.0174694024
0.0613281429
0.0583716184
0.0082611926
0.0322880968
0.0200187452
0.0283116549
0.0435392857
0.0036912435
0.0177517179
0.0482353345
0.0611538365
0.0574933924
0.0345252827
0.0669859201
0.0031014767
0.0041691312
0.0292375777
0.0146559253
0.0049967151
0.0081352061
0.0917394161
0.0152079919
0.0072373343
0.0177183375
0.0173573177
0.0464702174
0.0392641574
0.0511739217
0.0401664004
0.0090305367
0.0499749519
0.0330788977
0.0098645138
0.0032764114
0.0445598997
0.0049265395
0.0459717698
0.0074842372
0.0096940575
0.0710436180
0.0410574786
0.0503470898
0.0724463314
0.0185327400
0.0377525464
0.0113022840
0.0259318817
0.0159057919
0.0136546064
0.0066379197
0.0362985134
0.0040525058
0.0584613830
0.0643055215
0.0684584305
0.0300265290
0.0074951709
0.0316275619
0.0078078583
0.0287404507
0.8723664880
0.0348664969
0.0520834289
0.0351581722
0.0213744584
0.0669898838
0.0140021499
0.0074845152
0.0046506128
0.0709770098
0.0043439502
0.0206326786
0.8503319621
0.0328311436
0.0704980642
0.0374447219
0.0468675569
0.0131746717
0.0030236442
0.0032706617
0.0515761822
0.0517151579
0.0713585913
0.0528833643
0.0092569757
0.0560170263
0.0064315982
0.0030057675
0.0043472778
0.0712183639
0.0691779405
0.0438888557
0.0317898467
0.0048315702
0.0086026778
0.0053354101
0.0480884798
0.0252435785
0.0581272393
0.0033800905
0.0159684997
0.0461395532
0.0300320052
0.0089434767
0.0048083090
0.0061171828
0.0230755713
0.0454562791
0.0572080873
0.0079032062
0.0242813770
0.0557239503
0.0202201176
0.0391903743
0.0151112638
0.0721771643
0.0124901151
0.0233015697
0.0266771112
0.0521784350
0.0199356284
0.0358121432
0.0574965477
0.0063934503
0.0464736819
0.0099289436
0.0302329101
0.0248525292
0.0298881512
0.0047880458
0.0331775211
0.0300598778
0.0441640839
0.0259121116
0.0138091948
0.0213768259
0.0033079155
0.0095522180
0.0298972279
0.0394157209
0.0107669970
0.0054240301
0.0112105804
0.0349225439
0.0103577822
0.1588858515
0.0495996661
0.0030213441
0.0267926883
0.0117949191
0.0308792088
0.0336535051
0.0604512282
0.0120524596
0.0612351708
0.0372952744
0.0418280400
0.0131926155
0.0413256772
0.0202330370
0.0374159999
0.0118428040
0.0061827539
0.0763977021
0.0137986941
0.0059422641
0.0081422599
0.0345442928
0.0427494608
0.0182722490
0.0219763499
0.0033876668
0.0136629781
0.0057338444
0.0328671671
0.0120340083
0.0032420994
0.0356059708
0.0039601927
0.1489256173
0.0407700576
0.0094429301
0.0074715489
0.0038942997
0.0078120995
0.0193688441
0.0120231183
0.0496669114
0.0250819139
0.0051990678
0.0177292768
0.0067431238
0.0033142725
0.0324911363
0.0075437599
0.0042331181
0.0202815160
0.0431105830
0.0513337366
0.0405610316
0.0525662377
0.0056234477
0.0088003622
0.0250145923
0.0352032520
0.0672229677
0.0238994844
0.0126335910
0.0031021531
0.0041727941
0.0265271999
0.0319662988
0.0451029800
0.0480733924
0.0646656603
0.0141916582
0.0427282453
0.0089423461
0.0107229287
0.0235877819
0.0309335627
0.0146399569
0.0043604760
0.0092581669
0.0055448930
0.0273099020
0.0497994870
0.0120655047
0.0044788294
0.0595543347
0.0251498055
0.0576216020
0.0538324602
0.0211969744
0.0171186123
0.0220165234
0.0515778288
0.0283197723
0.0158478096
0.0071159066
0.0444284566
0.0178943686
0.0409975722
0.0064145830
0.0210575461
0.0164712537
0.0042207763
0.0634007007
0.0167744961
0.0728916451
0.0500263385
0.0047758520
0.0708969906
0.0036306209
0.0268475171
0.0516510904
0.0277453829
0.0535710715
0.0152097074
0.0119250976
0.0347234234
0.0683681965
0.0284081362
0.0050056395
0.0352653079
0.0651394278
0.8518834710
0.0127452482
0.0462497249
0.8217974305
0.0319162309
0.0476316921
0.0589543842
0.0181888398
0.0071678190
0.0047711576
0.0237549972
0.0037792835
0.0128236618
0.0038269460
0.0361509882
0.0096262312
0.0628449917
0.0036866833
0.0273505468
0.0266664084
0.8184530735
0.0063444837
0.0254381057
0.0597420111
0.0292569008
0.0189693235
0.0311172325
0.0574532002
0.0250557736
0.0314549506
0.0260041412
0.0125990007
0.0418415703
0.0389980003
0.0233597923
0.0203892570
0.0070393481
0.6665077209
0.0284520034
0.0218285844
0.0063527636
0.0319397002
0.0462626442
0.0049803359
0.0148405284
0.0036215889
0.0174315460
0.0046012462
0.0410732739
0.0029686531
0.1296878606
0.0598044097
0.0730509609
0.0622886159
0.8404588103
0.0068274038
0.0571398325
0.0336672589
0.0460927337
0.0048742411
0.0027178165
0.0147605995
0.0062224241
0.0709334761
0.0059334659
0.0500562377
0.0690257177
0.0054934109
0.7389873266
0.0078979284
0.0540939644
0.0296850167
0.0673867390
0.0639991090
0.0142160831
0.0100886319
0.0055493908
0.0723466948
0.0233285967
0.0095473547
0.0061000879
0.0070440634
0.0585106835
0.0603133366
0.0208568573
0.0191469677
0.0158178136
0.0476550944
0.0136042535
0.0188688729
0.0634635314
0.0504625067
0.0703626797
0.0097090667
0.0073107006
0.0044372636
0.0464183651
0.0171256643
0.0123589709
0.0112320771
0.0236081649
0.5014508367
0.0034767399
0.0094154384
0.0081650270
0.0084788213
0.0032140948
0.0609699488
0.0106623163
0.0108379219
0.0663303137
0.0483869873
0.6517835259
0.0690143034
0.9391826987
0.7943698168
0.0136081371
0.0029771817
0.0034570859
0.0178330634
0.0150747923
0.0160232764
0.0038970872
0.0240415875
0.0346721336
0.0372047722
0.0248312727
0.0081595741
0.0045942753
0.0694248900
0.0221329071
0.0452708527
0.0030498488
0.0126296682
0.0086588999
0.0319811925
0.0141024468
0.0327921957
0.0289846249
0.0683583841
0.0513466001
0.0504347272
0.0058141728
0.0349494889
0.0477766842
0.0099600749
0.0039669932
0.0061591603
0.0163138974
0.0496095717
0.0103545142
0.0037351521
0.0332828164
0.0208030213
0.0054373853
0.0583219118
0.0633397102
0.0291833933
0.0357441492
0.0114081008
0.0058986717
0.0612755716
0.0637777373
0.0662252158
0.0147149311
0.0440824367
0.0594089739
0.0674751326
0.0371475965
0.0090182833
0.0636437461
0.0499889180
0.0308160633
0.0058064074
0.0721308142
0.0052236137
0.0273895971
0.0032499209
0.0633470193
0.0347310044
0.0219787788
0.0344259702
0.0454369374
0.0545412339
0.0517081395
0.0096900724
0.0052655088
0.0607960038
0.0055212248
0.0165527258
0.0073599657
0.0498120151
0.0061566099
0.0228444226
0.0114285592
0.0482410975
0.4633705616
0.0298018716
0.0536925755
0.0047996747
0.0356405564
0.0661433265
0.0208849628
0.0205345061
0.0288946815
0.0573045872
0.0074735209
0.0658293515
0.0513364263
0.0579437800
0.0628274456
0.0112434253
0.0129536511
0.0517452285
0.0529332235
0.0040571368
0.0209379699
0.0378281511
0.0160531439
0.0625748932
0.0710620061
0.0370623283
0.0565656722
0.0842290372
0.0370815732
0.0049776570
0.0626796558
0.0269497037
0.0384017155
0.0084831463
0.0519713201
0.0568524487
0.0651053265
0.0098264124
0.0147149526
0.0285362620
0.0310738608
0.0209847856
0.0047987285
0.0491012260
0.0154724251
0.0261341594
0.0596462823
0.0252657495
0.0189144444
0.0051377253
0.0123026296
0.0710250139
0.0066563315
0.0522993132
0.0086696139
0.1834265441
0.0230633672
0.0205960050
0.0086026285
0.0114606880
0.0334174372
0.0690334067
0.0393431261
0.0289396439
0.0700642839
0.0209404044
0.0397035629
0.0315469578
0.0281435885
0.0381078571
0.0410906374
0.0245057866
0.0195399579
0.0430599302
0.0566319749
0.0689179450
0.0203048270
0.0344463699
0.0624993220
0.0723104626
0.0230363086
0.0182855316
0.0070145535
0.9264207482
0.0172957238
0.0641545728
0.0381423533
0.0076814769
0.0256910510
0.0580113791
0.0495031625
0.0124691632
0.0043323138
0.0039017794
0.0036889710
0.0688865259
0.0054581519
0.0317603834
0.0627553612
0.0251413211
0.0139497397
0.0069235689
0.0437414050
0.0099569857
0.0056943838
0.0140672866
0.0069742715
0.0404379256
0.0418173857
0.0036399884
0.0144154588
0.0589631684
0.0138948625
0.0080372263
0.0066841780
0.7918639779
0.0416760966
0.0589917712
0.6952093840
0.0130303865
0.7486042380
0.0096312277
0.0374913365
0.0128563661
0.7847614884
0.0052422476
0.0243628882
0.0049749548
0.0047191167
0.0230322722
0.0153547041
0.0073492918
0.0479578152
0.0102133546
0.0161724295
0.0239623580
0.0313146524
0.0114595965
0.0614040829
0.0218520109
0.0131264562
0.0137706473
0.0035853675
0.0516689457
0.0622372627
0.0110309962
0.0596247874
0.7035255432
0.0035345720
0.0459544063
0.0540657677
0.0051756934
0.0533272661
0.0097161969
0.0246368926
0.0035201882
0.0033721516
0.0115759987
0.0688541234
0.0036422417
0.0159977730
0.0070168902
0.0414574072
0.0121320607
0.0292248633
0.0527346320
0.0111331632
0.0072226766
0.0212006867
0.0083397776
0.0244626179
0.0143221552
0.0343350172
0.0050097946
0.0037525054
0.0468716361
0.0324174017
0.0041596722
0.0038736819
0.0279635508
0.0695428997
0.0056557758
0.0075351261
0.0436064936
0.0322036892
0.0368784294
0.1042672545
0.0361873619
0.0167173613
0.0224668756
0.9581124187
0.0098925130
0.0448568389
0.0252179969
0.0120506622
0.0058739786
0.7460552454
0.0120696137
0.0715303719
0.5692712665
0.0590380132
0.0271913894
0.0053579612
0.7177501917
0.0492319614
0.1161183640
0.0461444221
0.0174175408
0.0384553820
0.0506186262
0.0388179347
0.0351382494
0.0259628054
0.0072532282
0.0094109951
0.0133349514
0.0664911643
0.0138590932
0.0148317004
0.0375716984
0.0052930196
0.0124618765
0.0075091482
0.0487465411
0.0052569103
0.0394117311
0.0110287536
0.0383914933
0.0044524069
0.0636549219
0.0080276132
0.0352969766
0.0147078298
0.0242009945
0.0041103982
0.0194497164
0.0038771657
0.0145404190
0.0145524163
0.0053012273
0.0632783473
0.0153640416
0.0305999573
0.0343273133
0.0288238544
0.0091494685
0.0499078669
0.0148752471
0.0100951344
0.7905063033
0.0116571607
0.0711981505
0.0515358672
0.4841610789
0.0102577368
0.0554374903
0.0176333096
0.0816488415
0.0279517472
0.0151641127
0.0466836058
0.0495135374
0.0112964911
0.0492870733
0.0367491357
0.0200674683
0.0330815837
0.0043949117
0.0139526641
0.0114566879
0.0242287517
0.0148236537
0.0084103132
0.0383148193
0.0686039999
0.1095256805
0.0300520230
0.0309005156
0.0632811710
0.0287873875
0.0433790907
0.0404038019
0.0140617080
0.0324178971
0.0037961092
0.0299486239
0.0044309511
0.0208331477
0.0274125505
0.0311365314
0.0201798808
0.0319483653
0.0706426650
0.0056316955
0.0385381691
0.0463436656
0.8162710667
0.0042668697
0.0507202446
0.0154952826
0.0672445521
0.0058211475
0.0295230355
0.0072967014
0.0183237474
0.7903461456
0.0629041567
0.0307179298
0.0029401167
0.0532116666
0.0130481785
0.0135270478
0.0052986383
0.0298960395
0.0549835153
0.0250536390
0.0032477102
0.0718600303
0.0263807699
0.0036223661
0.0337226018
0.0194258709
0.0423908085
0.0206841063
0.0317010619
0.0252186544
0.0069967336
0.0059413826
0.0042294404
0.0407007821
0.0470483080
0.0029629667
0.0230251476
0.0084434766
0.0505381450
0.0610465668
0.0674870238
0.0093414346
0.0035891060
0.0571501069
0.0358415656
0.0304163340
0.0397891775
0.0501472540
0.0222884063
0.0463932455
0.0134721724
0.0274811070
0.0054766769
0.0355734639
0.0158376787
0.0199510194
0.0093621379
0.0162332654
0.0446188301
0.0172691327
0.0463161953
0.0234701335
0.0145903090
0.0545486473
0.0429469161
0.0681775212
0.0689836219
0.0359291174
0.0192543827
0.0366806760
0.0033573788
0.0075710560
0.0617601126
0.0151114604
0.0441787504
0.0112435333
0.0060792323
0.0205048937
0.0657981783
0.0280594118
0.0030200747
0.0627142712
0.0114322770
0.0729913190
0.0104133608
0.0591128804
0.0148007600
0.0581633672
0.0066758925
0.0123405084
0.0421877094
0.0483651161
0.0150170894
0.0432600304
0.0505982451
0.0305072479
0.0045863022
0.0060360995
0.0056182756
0.0646457672
0.0129796453
0.0477519855
0.0389327407
0.0326302126
0.0488847159
0.0158619378
0.0103845634
0.0240314137
0.0209292639
0.0051033832
0.0050240983
0.0692159906
0.0193410963
0.0272045713
0.0040350636
0.0174174700
0.0196153969
0.0660298392
0.0208674036
0.0094969301
0.0341765508
0.0618211366
0.0059606084
0.0158322100
0.0228299238
0.0173509028
0.0519007482
0.0385038368
0.0365805328
0.0041983379
0.0127833243
0.0202029757
0.0075242431
0.0037874524
0.0631266460
0.0039620264
0.0487282909
0.0167432483
0.0163521934
0.0629593879
0.0450382531
0.0725351274
0.0177621171
0.0041335765
0.0297353528
0.0617567338
0.0504903011
0.0261600018
0.8325516582
0.0301317181
0.0448345765
0.0064753764
0.0030654066
0.0119661139
0.0215600673
0.0138852559
0.0124255195
0.0091607440
0.0123952748
0.0445322208
0.0101889605
0.0238909665
0.0683084652
0.0266119521
0.0061556878
0.0198947042
0.0255189892
0.0056824251
0.0255007353
0.0206078161
0.0709377155
0.0437475964
0.0127226738
0.0075434404
0.0526648499
0.0093363393
0.0418454297
0.0114241336
0.0341180712
0.0518638603
0.0398372486
0.0169014744
0.0726198554
0.0555206649
0.0572966635
0.0048514665
0.0714095980
0.0153467739
0.0268091150
0.0943025872
0.0689386874
0.0536829457
0.0384528339
0.0044171847
0.0279064979
0.0118035488
0.0369223319
0.0266498122
0.0337444916
0.0323155373
0.0113412049
0.0630955026
0.0047037071
0.0097513180
0.0456392728
0.0053016539
0.0616789460
0.0585665889
0.0500999205
0.0080012456
0.0392940752
0.0207974575
0.1723190546
0.0724913552
0.0544444285
0.6750245690
0.0435055047
0.0426865220
0.0277020708
0.0317181572
0.0110438224
0.0226205848
0.0517048687
0.0631830096
0.0177191906
0.0645671636
0.0310569480
0.0029895767
0.0058884011
0.0050739297
0.0302469991
0.0571704991
0.0061813118
0.0551487245
0.0638396963
0.0511627682
0.0154023133
0.0105607994
0.0293192789
0.0117717376
0.0032388614
0.0173257440
0.0394873321
0.0558613464
0.0037669267
0.0073150792
0.0552545190
0.0194303244
0.0479627550
0.0256546773
0.0155127030
0.0069300104
0.0694922730
0.0105471015
0.0063914009
0.0255260747
0.0210693981
0.0089913560
0.0056584445
0.0481044799
0.0645975098
0.0054421229
0.0291918237
0.0561909080
0.0595066361
0.0088860877
0.0402900241
0.8110395670
0.0346846767
0.0041245976
0.0283819344
0.0480737053
0.0343637802
0.0239708759
0.0126387393
0.0044672522
0.0143501135
0.0640914738
0.0494480059
0.8460851312
0.0324117579
0.0031838042
0.0132118184
0.0032701960
0.0606578030
0.0257639866
0.0047480376
0.0042855986
0.0172154792
0.0388900675
0.0199553110
0.0395401381
0.0135995792
0.0035811223
0.0080100428
0.0568740107
0.0076242504
0.0132231936
0.0701087341
0.0141071090
0.0204642583
0.0545315631
0.0047606779
0.0182416290
0.0097117098
0.0147543959
0.0052393121
0.0463679843
0.0356983542
0.0140395910
0.0168029703
0.0259036440
0.0109561328
0.0056354310
0.1397550106
0.0557546392
0.0195762888
0.0032880730
0.0143021503
0.0179128367
0.0177436452
0.0481107980
0.0270136762
0.0227763746
0.0278217960
0.0051580812
0.0583266765
0.0425453149
0.0630241111
0.0350699835
0.0238142442
0.0028392170
0.0415954776
0.0175061058
0.0422766507
0.0317251161
0.0332251489
0.0485862605
0.0444029607
0.0219232403
0.0627609119
0.0210374184
0.0160297137
0.0102797803
0.0187301412
0.0170948040
0.0141487299
0.0059518493
0.0118769109
0.0162263718
0.0035194047
0.0094268257
0.0678164884
0.0693669096
0.0212166384
0.0360602289
0.0125027560
0.0063237604
0.0056354557
0.0426334888
0.0044628452
0.0104806861
0.0073982258
0.0348100439
0.0031727373
0.0085866218
0.0032093192
0.0051929369
0.0120690688
0.0236742347
0.0315426774
0.0207976103
0.1298362166
0.0551449396
0.0035613591
0.0678489804
0.0056223110
0.0565426536
0.0633491352
0.0090533495
0.0302629862
0.0170290079
0.0583592728
0.0139960144
0.0526259802
0.0448644757
0.0332899354
0.0562857352
0.0040515312
0.0389280654
0.0314734131
0.0304648578
0.0033148755
0.0401756763
0.0114119928
0.0586369187
0.0161385871
0.0188478604
0.0165188015
0.0045526619
0.0072102104
0.0345092118
0.8435930014
0.0047005066
0.0051020239
0.0096392184
0.0338871554
0.0361744761
0.0501834676
0.0313439369
0.0530429371
0.0050432668
0.0050768610
0.0664103106
0.0125774220
0.0451919213
0.7792127132
0.0263575986
0.0227327682
0.0053353636
0.0397699848
0.0036331492
0.0502911620
0.0122065945
0.0036591180
0.0219637156
0.0188723654
0.0029275387
0.0415942520
0.0309863444
0.0363548473
0.0118433051
0.0065442338
0.0509015620
0.0210268144
0.0432067178
0.0457579382
0.0155255422
0.0268714391
0.0384595580
0.0134689929
0.0695744008
0.0592783540
0.0562750474
0.0728570893
0.0069900709
0.0395508222
0.0614456460
0.0425480157
0.0050558392
0.6927329302
0.0393181145
0.0524010397
0.0066715651
0.0599597879
0.0044348477
0.0290509239
0.0439482145
0.0345072113
0.0644991845
0.0343571007
0.0103557175
0.0135452943
0.0232289527
0.0472078286
0.0052751070
0.0544006936
0.0101178046
0.0608282201
0.0197193585
0.0033328007
0.0366242155
0.0080847191
0.0704011768
0.0030776893
0.0306960512
0.0211205520
0.0357314199
0.6656705141
0.0085621523
0.0271358937
0.0172999054
0.0066828458
0.0714495629
0.0165648665
0.0156090930
0.0096589224
0.0527927093
0.0148569234
0.0062252278
0.0042246454
0.0642186999
0.0371801220
0.0551802702
0.0203441642
0.0395936966
0.0152254179
0.0058087194
0.0037200693
0.0281106234
0.0130909877
0.0083321184
0.0083105331
0.6292328835
0.0192936007
0.0680754632
0.0085550817
0.0693059415
0.0677703619
0.0099734031
0.0063790409
0.0182777401
0.0452477187
0.0359151177
0.0406964086
0.0350735337
0.0509072281
0.0038500053
0.0132982479
0.0258930810
0.0093484307
0.0426953435
0.0215892363
0.0433409847
0.0138297360
0.0243336279
0.0552649200
0.0110403365
0.0389815532
0.0305051189
0.0196316559
0.0705065429
0.0061378195
0.0156264249
0.0176404621
0.0078219362
0.0077790935
0.0440834872
0.0337635614
0.0136291990
0.0244211499
0.0247855838
0.0135737928
0.0399411805
0.0136052268
0.0165631343
0.0086978488
0.0126497969
0.8542126417
0.0030321698
0.0139828501
0.0093080876
0.0035590772
0.0337942280
0.0078212973
0.0496422201
0.0501959361
0.0509277210
0.0080464054
