0.0164320040
0.0151188551
0.0208443422
0.0658248514
0.0166337974
0.0236002412
0.0044794558
0.0097660916
0.0228638612
0.0115538370
0.0220244117
0.0145507595
0.0558303371
0.0215244107
0.0150904786
0.0256768372
0.0271485895
0.0230483785
0.0154902861
0.0092064878
0.0186967365
0.0091529451
0.0056273593
0.0671350285
0.0143371997
0.0702348650
0.0680790618
0.0041875294
0.0119785899
0.0143319741
0.0676441118
0.0034738146
0.0047434727
0.0034535653
0.0294537544
0.0465310030
0.0462289564
0.0720519572
0.0177026372
0.0045892522
0.0210435968
0.0729783103
0.0204038806
0.0628312901
0.0229795165
0.0030098718
0.0068566459
0.0268779695
0.0143111488
0.0273443609
0.0084312102
0.0048725670
0.0110596484
0.0091821905
0.0586868711
0.0415367037
0.0264104214
0.0452745073
0.0444593728
0.0362143852
0.0156949293
0.0582089014
0.0713625401
0.0035088423
0.0039168866
0.0046209861
0.0063511254
0.0173658673
0.0170788318
0.0265534669
0.0171138626
0.0463150255
0.0095059834
0.0029372887
0.0530212335
0.0404369123
0.0038970844
0.0074217785
0.0606458373
0.0424748734
0.0064282776
0.0079186009
0.0043720813
0.0718622133
0.0181828029
0.0505585633
0.0457208380
0.0460947379
0.0424681418
0.0074900207
0.0367125422
0.0164341740
0.0494195335
0.0089907330
0.8878098130
0.0045760497
0.0174737554
0.0076777106
0.0116587281
0.0460639670
0.0087943627
0.0685964301
0.0142985918
0.0166864600
0.0093329092
0.0046348791
0.0407791771
0.0163259972
0.0118386978
0.0266181212
0.0493122600
0.0536579601
0.0296145938
0.0079421010
0.0406861156
0.0045415657
0.0575947799
0.0487397872
0.0317381807
0.0167611688
0.0363494679
0.0228033140
0.0588223301
0.0628856793
0.0275899973
0.0178519264
0.0050759744
0.0337066576
0.0296105500
0.0089095514
0.0651791766
0.0047526010
0.0727980658
0.0172351580
0.0033018216
0.0320110470
0.0092559466
0.0244839247
0.0641975179
0.0539779700
0.0537223071
0.0468932278
0.0356229581
0.0032057182
0.0371215940
0.0353349783
0.0073436960
0.0072115096
0.0429092906
0.0181808714
0.0076119928
0.0247705299
0.0123839052
0.0315415226
0.0039159912
0.0088341068
0.0677045137
0.0450546108
0.0267468300
0.0690933466
0.0706157610
0.0086192228
0.0101356125
0.0199651998
0.0301500726
0.0612315610
0.0157411899
0.0094679818
0.0578571297
0.0096906871
0.0360305309
0.0055951187
0.0629920661
0.0111215832
0.0663080513
0.0530685186
0.0525349155
0.0047892984
0.0124504417
0.0322387293
0.0375797600
0.0062023140
0.0357561372
0.0208599046
0.0386641547
0.0531795993
0.0725542903
0.0084363995
0.0126023050
0.0173121858
0.0052132141
0.0257467907
0.0352971293
0.0045853965
0.0061861584
0.0133471843
1.0236679316
0.0197842810
0.0646241754
0.0224973243
0.0119477529
0.0249702800
0.0033389432
0.0635628402
0.0273946859
0.0241128821
0.0087953247
0.0153389527
0.0142873712
0.0071066679
0.0312923677
0.0031647761
0.0045047989
0.0077784378
0.0090579046
0.0062987972
0.0605827793
0.0061847265
0.0593425333
0.0048438213
0.0371581353
0.0218137652
0.0170893371
0.0310465340
0.0490702651
0.0119731743
0.0642164052
0.0325689837
0.0086681768
0.0233219266
0.0049083582
0.0047508436
0.0350694917
0.0606179163
0.0355938748
0.0171947572
0.0096906293
0.0630295873
0.0551992618
0.0571239628
0.0371133164
0.0061104419
0.0692874119
0.0196876861
0.0083791576
0.0157150980
0.0167501103
0.0031745359
0.0040308614
0.0106481109
0.0621447563
0.0557415001
0.0475904867
0.0715056360
0.0052033025
0.0309156366
0.0064265803
0.0095360102
0.0540554561
0.0495104194
0.0034876980
0.0322140791
0.0161705073
0.0083285822
0.0104204565
0.0529159233
0.0229148380
0.0057530385
0.0704005137
0.0056509841
0.0044028424
0.0200594440
0.0262355525
0.0073045813
0.0446042120
0.0134308683
0.0506500639
0.0054850359
0.0104321558
0.0135990139
0.0052679772
0.0441232324
0.0320176221
0.0240819491
0.0438458733
0.0049139685
0.0080748573
0.0729525611
0.0328228697
0.0621657073
0.0304113049
0.0110228052
0.0554199144
0.0350516364
0.0519149266
0.0247717053
0.0454917215
0.0030263003
0.0293450244
0.0696955174
0.0074492255
0.0355672240
0.0234858692
0.0561945289
0.0401380584
0.0413740985
0.0511660017
0.0440817922
0.0079550454
0.0050540701
0.0411342345
0.0154669033
0.0386154093
0.0063195908
0.0114752306
0.0526356287
0.0034967943
0.0243459307
0.0186920650
0.0064767357
0.0077644358
0.0115468940
0.0223290641
0.0547757521
0.0223105233
0.0446203835
0.0085931914
0.0130374832
0.0175019093
0.0623942502
0.0042114710
0.0189440735
0.0251094494
0.0687820911
0.0725617632
0.0315052308
0.0183163118
0.0339094475
0.0351429209
0.0106032006
0.0255301464
0.0573822297
0.0696110651
0.0030099433
0.0626575872
0.0318939388
0.0233680792
0.0147988461
0.0297460184
0.0132802166
0.0671373382
0.0164095256
0.0050764475
0.0106213233
0.0042240666
0.0048033879
0.0195449796
0.0411292911
0.0605179295
0.0042846515
0.0073142508
0.0500024706
0.0555429533
0.0423822328
0.0613108538
0.0452446304
0.0047134683
0.0360589586
0.0626540482
0.0175693389
0.0054564611
0.0666516572
0.0147134736
0.0252924301
0.0102514988
0.0339540914
0.0185912680
0.0688216016
0.0102256173
0.0031535288
0.0171922129
0.0458812714
0.0271845851
0.0251764283
0.0718589574
0.0030969197
0.0363701470
0.0073963730
0.0594285950
0.0213415530
0.0151109444
0.0148102771
0.0119326878
0.0345910601
0.0383190699
0.0069115669
0.0070137209
0.0101278080
0.0293591879
0.0365903191
0.0035140617
0.0510641299
0.0284139644
0.0289882589
0.0178509131
0.0199033152
0.0164082777
0.0620331392
0.0086893709
0.0373023599
0.0503376089
0.0038039708
0.0076383054
0.0230226833
0.0041819378
0.0287046582
0.0545023233
0.0519783422
0.0598838888
0.0525126010
0.0225576479
0.0152298538
0.0031841970
0.0538037457
0.0143273175
0.0594967380
0.0057676234
0.0482168198
0.0180465169
0.0255642124
0.0401725248
0.0174349044
0.0179354474
0.0457063913
0.0613653585
0.0239129253
0.0615156293
0.0187790897
0.0457793772
0.0278162882
0.0297836531
0.0422593951
0.0097697303
0.0085370252
0.0250597615
0.0260719378
0.0453547314
0.0413782261
0.0366627984
0.0086418884
0.0379670262
0.0029501230
0.0268769916
0.0172891151
0.0338527672
0.0056477152
0.0040820735
0.0064850738
0.0131963585
0.0639750212
0.0037475189
0.0536150523
0.0401758067
0.0349575840
0.0215287469
0.0706317872
0.0102476962
0.0148861753
0.0405205972
0.0127601679
0.0350102410
0.0240342226
0.0080697807
0.0149569185
0.0068921121
0.0061012874
0.0288490225
0.0439060964
0.0120693110
0.0372188911
0.0295748729
0.0646764711
0.0708226338
0.0110158511
0.0131558105
0.0047605764
0.0700163916
0.0547010601
0.0284778047
0.0245255977
0.0498125702
0.0576073155
0.0540814660
0.0070165196
0.0224119816
0.0237948410
0.0139427148
0.0711835623
0.0047451239
0.0660219938
0.0215900280
0.0287197605
0.0111104855
0.0033519324
0.0297218636
0.0040884623
0.0549622402
0.0030593553
0.0227674022
0.0031194810
0.0228585154
0.0132925706
0.0275996383
0.0425262526
0.0400494449
0.0105328970
0.0104947137
0.0034652173
0.0203690063
0.0129988166
0.0039110142
0.0651835650
0.0066825044
0.0289635379
0.0253276564
0.0527251065
0.0057521574
0.0406195037
0.0425864868
0.0296702236
0.0383746848
0.0302051920
0.0061149728
0.0232808087
0.0423323922
0.0537600741
0.0294558927
0.0070280666
0.0533963107
0.0696784630
0.0323475264
0.0280020256
0.0345841199
0.0380026996
0.0174292345
0.0596121065
0.0500647910
0.0133690555
0.0244855788
0.0032198897
0.0071538282
0.0712655112
0.0403593294
0.0054657403
0.0281879064
0.0042702323
0.0060934983
0.0112996818
0.0658505261
0.0594193861
0.0112481518
0.0284732953
0.0503037833
0.0180398710
0.0432886519
0.0040284339
0.0064494554
0.0043879822
0.0258301161
0.0165397078
0.0229893941
0.0209521577
0.0060327924
0.0296115875
0.0523486175
0.0188847575
0.0681723133
0.0120801982
0.0260113925
0.0054836818
0.0392562933
0.0096693281
0.0095819030
0.0646397546
0.0128732277
0.0040006591
0.0082439641
0.0236117952
0.0054376363
0.0537771024
0.0443314575
0.0090975072
0.0093068406
0.0085434932
0.0029772457
0.0325556546
0.0489505418
0.0378302522
0.0323317014
0.0492604487
0.0177001134
0.0615692995
0.0061301077
0.0467731133
0.0386808105
0.0278687458
0.0249353275
0.0072711199
0.0060999347
0.0037441682
0.0292015150
0.0062415311
0.0606622174
0.0452854149
0.0702970922
0.0045158379
0.0362101831
0.0031727301
0.0683614537
0.0030359877
0.0474496968
0.0067784810
0.0566898175
0.0067219767
0.0074332454
0.0632147193
0.0145603335
0.9508565068
0.0093069207
0.0189706795
0.0176876988
0.0120930746
0.0376424938
0.0104757762
0.0260010809
0.0525751896
0.0479911678
0.0622131005
0.0371057950
0.0580479801
0.0036859072
0.0110107651
0.8109173775
0.0215576999
0.0241424199
0.0277781617
0.0484078899
0.0068746596
0.0068294192
0.0032835796
0.0123098819
0.0581034236
0.0166479703
0.0521104634
0.0221523456
0.0066958782
0.0506947339
0.0094894068
0.0097921826
0.0357249379
0.0318273418
0.0103289522
0.0530195870
0.0618815310
0.0312336832
0.0701244473
0.0243111271
0.0511373132
0.0501975529
0.0235284381
0.0116304392
0.0478378385
0.0049464079
0.0212162565
0.0097065214
0.0242544189
0.0698824301
0.0037804809
0.0497399978
0.0307327323
0.0315979570
0.0614921935
0.0263062119
0.0232995972
0.0076229600
0.0388506949
0.0169976112
0.0274468865
0.0100438735
0.0158409998
0.0214255415
0.0341224298
0.0029491060
0.0114784148
0.0438352376
0.0049288184
0.0075985887
0.0529397167
0.0064533665
0.0032788478
0.0708181858
0.0421395116
0.0608304329
0.0711243972
0.0035438954
0.9061334729
0.0131046744
0.0038689994
0.0135361683
0.0174725857
0.0381603763
0.0421722829
0.0089834323
0.0209923889
0.0068556848
0.0106965760
0.0598792993
0.0642925277
0.0029152823
0.0122767724
0.0259162728
0.0105057778
0.0712965950
0.0131008755
0.0568296127
0.0059756851
0.0296947062
0.0133616170
0.0065103122
0.0381650999
0.0089606680
0.0061267959
0.0037250130
0.0384330526
0.0332590714
0.0404452533
0.0721105859
0.0182374232
0.0340608321
0.0433860533
0.0116153732
0.0645736605
0.0127445962
0.0178837981
0.0123018045
0.0439302959
0.0036870933
0.0340138301
0.0099890186
0.0110245403
0.0043323399
0.0679626763
0.0209759381
0.0153954420
0.0290873609
0.0116083110
0.0272602793
0.0326609574
0.0135280211
0.0346622355
0.9631795883
0.0141507434
0.0248195939
0.0304195173
0.0182130989
0.0146641312
0.0271549821
0.0033928179
0.0079807900
0.0388303548
0.0476671830
0.0241419040
0.0568553209
0.0221140850
0.0554832369
0.0034338369
0.0729032755
0.0402881876
0.0428756624
0.0111345267
0.0113704931
0.0203746986
0.0406280607
0.0087445294
0.0444435775
0.0326925926
0.0502305999
0.0347007737
0.0058150887
0.0576122291
0.0407454446
0.0066810874
0.0053685252
0.0714359805
0.0333166644
0.0217287410
0.0684092641
0.0571935326
0.0247386321
0.0314850956
0.5583197474
0.0032938831
0.0083528524
0.0100937122
0.0123995822
0.0430431813
0.0416042842
0.0048181377
0.0042900671
0.0214492343
0.0043693446
0.0449639335
0.0606722161
0.0074433829
0.0054737804
0.0042390600
0.0396812223
0.0247322507
0.0274581295
0.0174974017
0.0100761121
0.0668733045
0.0090888375
0.0479368195
0.0454998091
0.0058637648
0.0435316227
0.0356732681
0.0709550902
0.0267616455
0.0261932835
0.0166338366
0.0121920658
0.0258450378
0.0277017951
0.0032484357
0.0181479063
0.0430922098
0.0604746155
0.0156989843
0.0114547070
0.0251965728
0.0528757796
0.0262442771
0.0169409532
0.0469764955
0.0113667799
0.0051450673
0.0640530065
0.0679771602
0.0305901375
0.0512735508
0.0030428125
0.0279748775
0.0431640148
0.0597197302
0.0043220292
0.0721012428
0.0359361283
0.0944230631
0.0653667003
0.0148589145
0.0397607610
0.0076849721
0.0209799502
0.0232615191
0.0442146733
0.0424705744
0.5523666739
0.0134593723
0.0392530374
0.0433998629
0.0497000441
0.0389869772
0.0261855572
0.0712094158
0.0691866502
0.0291729514
0.0223613139
0.0040389053
0.0139624057
0.0523904674
0.0613433421
0.0602926128
0.0147821149
0.0124319103
0.0241668671
0.0063353796
0.0100038331
0.0162786674
0.0073333327
0.0046153688
0.0083040511
0.0054680482
0.0484558344
0.0108947502
0.0187091399
0.0080083488
0.0292593148
0.0060306611
0.0091999890
0.0265767053
0.0046392088
0.0548499860
0.0471170247
0.0239498466
0.0699159801
0.0076810904
0.0349139608
0.0150753185
0.0039613526
0.0127855213
0.0150794368
0.0040894947
0.0400811732
0.0543169640
0.0462115072
0.0062775994
0.0225884914
0.0593934730
0.0055065299
0.0337556936
0.0047508837
0.0185077712
0.0342091545
0.0542824343
0.0040281047
0.0044277948
0.0167308468
0.0042460072
0.0036776767
0.0442650877
0.0033069991
0.0123050287
0.0640732944
0.0100106187
0.0617958009
0.0196670555
0.0093663037
0.0596454144
0.0136139132
0.0325588249
0.0217361487
0.0148607828
0.0030144595
0.0077006826
0.0108521339
0.0213129222
0.0289482027
0.0247994568
0.0465064421
0.0511322357
0.0278417524
0.0575085320
0.0144174127
0.0457178839
0.0677978620
0.0302162673
0.0089819022
0.0335344560
0.0490949191
0.0043367604
0.0249108206
0.0201649833
0.0159827452
0.0351039842
0.0386225358
0.0233200919
0.0689757243
0.0344334617
0.0424664877
0.0113678202
0.0076152529
0.0049927318
0.0252066199
0.0295087229
0.0058858092
0.0151520576
0.0326028429
0.0474160761
0.0054164538
0.0688118190
0.0120207481
0.0092537990
0.0456965007
0.0120910835
0.0172857884
0.0076638982
0.0052020401
0.0059779943
0.0053943419
0.0475565456
0.0225081965
0.0465643480
0.0221607964
0.0180584900
0.0140340710
0.0466100723
0.0032180576
0.0207075235
0.0243770815
0.0361016355
0.0421144292
0.0122926524
0.0352060013
0.0653603822
0.0197248999
0.0230515338
0.0222906433
0.0091391355
0.0315549932
0.0141223492
0.0049299332
0.0225522406
0.0629336834
0.0709829330
0.0572279394
0.0116697783
0.0473849140
0.0432554260
0.0289738420
0.0701331422
0.0303391367
0.0094487192
0.0474568680
0.0267491732
0.0033274093
0.0554082841
0.0061074868
0.0424709953
0.0681025460
0.0605739020
0.0051371162
0.0289919358
0.0071094278
0.0186499935
0.2098466754
0.0637795031
0.0466393046
0.0108948359
0.0052655335
0.0113002257
0.0038559046
0.0184345860
0.0142798377
0.0458023809
0.8771141768
0.0117510557
0.0289849732
0.9558397532
0.0035386994
0.0169475768
0.0064700851
0.0283853635
0.0409539752
0.0080276318
0.0200007204
0.0370187350
0.0590655394
0.0532773584
0.0179964472
0.0552397966
0.0496716574
0.0142602548
0.0389801338
0.0157509539
0.0176495966
0.0047873384
0.0132540334
0.0336494595
0.0299920663
0.0129127065
0.0061338237
0.0213646740
0.0118826311
0.0335866660
0.0070368503
0.0054486874
0.0551088266
0.0298803803
0.0201046001
0.0139531149
0.0483046919
0.0188508648
0.0339645185
0.0521313250
0.0360951126
0.0102929082
0.0280518848
0.0644527599
0.0435886048
0.0646125525
0.0499146357
0.0599484965
0.0461859964
0.0267405789
0.0426503532
0.0173306763
0.0697086677
0.0266022198
0.0357151814
0.0535009764
0.0097847385
0.0676219687
0.0033553028
0.0069637871
0.0149721932
0.0413071439
0.0598827749
0.0197903365
0.0438554399
0.0400663689
0.0047150380
0.0707176179
0.0539175309
0.0254575796
0.0552146994
0.0054181372
0.0039744941
0.0406847447
0.0099744117
0.0419805720
0.0206323881
0.0133145303
0.0080926865
0.0237288475
0.0127056865
0.0154802296
0.0061162156
0.0039328034
0.0638686270
0.0491649173
0.0073348950
0.0087825414
0.0337320268
0.0251685847
0.0727903992
0.0109633040
0.0583635233
0.0135733439
0.0458592586
0.0316860266
0.0139520587
0.0043565650
0.0683402792
0.0363486819
0.0458621085
0.0346342959
0.0499989800
0.0596480034
0.0033734480
0.0087140677
0.0066169011
0.0156052569
0.0113413809
0.0100322617
0.0244747680
0.0130468374
0.0557769388
0.0661050454
0.0227828566
0.0149824647
0.0726503879
0.0048310454
0.0539804585
0.0355169848
0.0613368899
0.0125341639
0.0047050668
0.0179480277
0.0365104116
0.0039482918
0.0041043907
0.0032782929
0.0091737332
0.0395195484
0.0031607279
0.0157400742
0.0343152508
0.0030896980
0.0129080825
0.0054319473
0.0039219409
0.0639366731
0.0190789290
0.0570448190
0.0338035040
0.9191639423
0.0137941521
0.0304816961
0.0366970561
0.0169512574
0.0219326969
0.7995577455
0.0582001917
0.0143906455
0.0496442989
0.0437938869
0.0219193231
0.0111215599
0.0439450704
0.0290939994
0.0445121452
0.0690090358
0.0033172332
0.0034621763
0.0349717997
0.0604759715
0.0161798485
0.0186897330
0.0591479465
0.0275951494
0.0133045204
0.0048231333
0.0157795977
0.0525837615
0.0367855728
0.0229074974
0.0156586207
0.0207554027
0.0044164462
0.0411068685
0.0501879342
0.0049999594
0.0046134950
0.0061808620
0.0730943307
0.0062867245
0.0198246688
0.0086018080
0.0095975325
0.0700171739
0.0034811778
0.0670152679
0.0114007294
0.0034715955
0.0233597774
0.0104181087
0.0105606383
0.0037169098
0.0043356381
0.0288449768
0.0191569049
0.0071538021
0.0029961593
0.0595709980
0.0298879687
0.0233898051
0.0648388863
0.7932896614
0.0141978199
0.0660089105
0.0061692065
0.0168955158
0.0130566945
0.0034972271
0.0047379825
0.1229557991
1.0157155991
0.0192204434
0.0331075042
0.0107214833
0.0347612463
0.0083726374
0.0299302749
0.0226800218
0.0279102772
0.0046494487
0.0345593207
0.0548660606
0.0310188066
0.0252955090
0.0460710824
0.0166639201
0.0134984422
0.0142946187
0.0125088654
0.0117194513
0.0322204717
0.0091443099
0.0178112909
0.0473818667
0.0538449995
0.0681645349
0.0521069244
0.0344079621
0.0370847024
0.0052477755
0.0236246828
0.0235266630
0.0730456114
0.0381449088
0.0293468554
0.0435024984
0.0054992889
0.0184190869
0.0049580811
0.0639830828
0.0075558149
0.0141504519
0.0100472244
0.0303833466
0.0043439856
0.0365678109
0.0295634978
0.7629498243
0.0044093747
0.0405983850
0.0141188977
0.0486643203
0.0683061555
0.0216236580
0.0121945133
0.0178196393
0.0552892759
0.0141654639
0.0674736500
0.0394852795
0.0149764419
0.0302534569
0.0060338676
0.7550899982
0.0332135148
0.0128479730
0.0319238044
0.0057456139
0.0052383733
0.8229399920
0.0100646047
0.0102262301
0.0724520236
0.0329820961
0.0312823169
0.0388916358
0.0157752261
0.0121904565
0.0197906122
0.0147932367
0.0051213428
0.0227271952
0.0204619858
0.0692497119
0.0433769636
0.0494090654
0.0066392370
0.0624570474
0.0538045987
0.0530123077
0.0452192463
0.0372837931
0.0051856409
0.0185078494
0.0545487031
0.0279716756
0.0106157297
0.0717528313
0.0082529886
0.0327686742
0.0189812686
0.0118224965
0.0344274677
0.0138185620
0.0197025854
0.0345330462
0.0034927179
0.0138281938
0.0399487279
0.0089681791
0.0244838893
0.0171108302
0.0674513876
0.0669561550
0.0441820808
0.0120895188
0.0060915453
0.0114475181
0.0116558736
0.0085498383
0.0668297857
0.0088005327
0.0158477295
0.0330823250
0.0123457639
0.0293318853
0.0394939482
0.0069822245
0.0181714892
0.0156779252
0.0088909203
0.0543306209
0.0166089535
0.0489129797
0.0059431228
0.0567195863
0.0030873441
0.0190891847
0.0598483570
0.0609615855
0.0597473979
0.0516878963
0.0034030043
0.0180221088
0.0224803090
0.0042924420
0.0029310549
0.0115609290
0.0099860700
0.0102787185
0.0180731267
0.0303255990
0.0044149561
0.0116951047
0.0173413288
0.0261599533
0.0493473597
0.0339503810
0.0172442794
0.0283022225
0.0196404234
0.0369049422
0.0684896782
0.0140218344
0.0094256634
0.0273679011
0.0638481677
0.0281229019
0.0347744562
0.0069316835
0.0241488572
0.0542507619
0.0117626581
0.0303902943
0.8724277616
0.0155501440
0.0364693440
0.0132671436
0.0233555883
0.0561949387
0.0169695243
0.0606943332
0.0053605502
0.8965380192
0.0685735941
0.0533957183
0.0431246944
0.0134095699
0.0066903564
0.0263910815
0.0553652719
0.0088471267
0.0042897649
0.0095498078
0.0034126502
0.7613593340
0.0715263113
0.0252160262
0.0399902835
0.0199062042
0.0272455122
0.0107049774
0.0071847090
0.0615505166
0.0423596725
0.0693555027
0.0134713650
0.0412122048
0.0307989549
0.0318962149
0.0459774956
0.0075680404
0.0611910000
0.0033275499
0.0658958182
0.0212172568
0.0728728697
0.0228390116
0.8266922235
0.0563236028
0.0099655092
0.0182838012
0.0182712805
0.0216296241
0.0656575114
0.0083646057
0.0377263911
0.0187775549
0.0033391356
0.0338388421
0.0089890910
0.0483735949
0.0098939855
0.0061105881
0.0376702026
0.0144467894
0.0178812500
0.0151904225
0.0521805435
0.0032561126
0.0536786653
0.0191291198
0.0549429096
0.0126376012
0.0376649052
0.0566886663
0.0447214581
0.0104018645
0.0092270896
0.0109657375
0.0220907256
0.0051019923
0.0728287399
0.0032858890
0.0059233578
0.0102343708
0.0135885207
0.0648514330
0.0107872467
0.0340975560
0.0125447400
0.0282675326
0.0100545138
0.0090001738
0.0133576253
0.0548733249
0.0090075210
0.0142620653
0.0030123962
0.0106124943
0.0554257743
0.0106246006
0.0713968500
0.0107265720
0.0290415268
0.0499563999
0.0045721792
0.0141972238
0.0402223840
0.0036366300
0.0411174633
0.0096225515
0.0062174723
0.0614452772
0.0372325033
0.0595920496
0.0437835231
0.0399115086
0.0068830471
0.0434372388
0.0502870344
0.0658317730
0.0048573632
0.0056260480
0.0442977473
0.0144177573
0.0517802127
0.0049412223
0.0202701576
0.0216207635
0.0297797937
0.0219624471
0.0153468689
0.0116502373
0.0374719128
0.0173301008
0.0345774032
0.0249458980
0.0342557020
0.0232202336
0.0320070162
0.0163203366
0.0201403312
0.0043226420
0.0121228807
0.0128994733
0.0041467403
0.0126998080
0.0140263643
0.0088358326
0.0032208713
0.7864388824
0.0379759856
0.0147392880
0.0434885882
0.0448089689
0.0553519651
0.0087778000
0.0536923930
0.0152307292
0.0032452773
0.0041876803
0.0519543476
0.0045411545
0.0667861700
0.0223746393
0.0477538705
0.0706806183
0.0066249445
0.0155294240
0.0473949648
0.0389970355
0.0171564613
0.0286048222
0.0252974536
0.0157844350
0.0404661000
0.0256931260
0.0476302095
0.0704488456
0.0109539777
0.0146741448
0.0488498621
0.0084154857
0.0281382650
0.0061161905
0.3937541246
0.0236038789
0.6852231026
0.0044042701
0.0522923730
0.0668656677
0.0286398456
0.0070943548
0.0201873556
0.0294257868
0.0344097577
0.0223577097
0.0276431199
0.0166407339
0.0611868873
0.0602971390
0.0288824216
0.0106935017
0.0120695783
0.0124471905
0.0444222465
0.0042412383
0.0505039953
0.0233201049
0.0163428541
0.0134662231
0.0121950377
0.0200877786
0.0637787357
0.0309749078
0.0069798287
0.0177400392
0.0162138846
0.0764765963
0.0123359868
0.0122527815
0.0600713082
0.0271037612
0.0226511676
0.0503589623
0.0482043140
0.0276880600
0.0186763238
0.0386352427
0.0344830789
0.0029814623
0.0088026850
0.0233142972
0.0145617090
0.0146525176
0.0047201253
0.0083279461
0.0036871913
0.0464303978
0.0730396137
0.0517511256
0.0054625510
0.0600415803
0.0184257012
0.0249510221
0.0051794951
0.0113001289
0.0476463623
0.0073003438
0.0256328527
0.0124905454
0.0553327873
0.0064968606
0.0098017268
0.4808393717
0.0623576008
0.0243252739
0.0298699215
0.0067137801
0.0528002679
0.0092240442
0.0252035130
0.0568890683
0.0084060961
0.0389692448
0.0156871695
0.0076741562
0.0141589697
0.0495177023
0.0101882061
0.0310198050
0.0131056225
0.0088549340
0.0146695692
0.0054901876
0.0276950281
0.0166486688
0.0376413539
0.0072586136
0.0328576304
0.0281258281
0.0359032974
0.0119020203
0.0583638549
0.0065577417
0.0031424775
0.0115146786
0.0084981266
0.0325644538
0.0269729178
0.0257585403
0.0480793677
0.0222583432
0.0122337993
0.0050840271
0.0517715290
0.0116140200
0.0084027108
0.0612611957
0.0038209944
0.0314295068
0.0609273389
0.0296359286
0.0332897604
0.0350329801
0.0114263678
0.0680762604
0.0108289793
0.0152241569
0.0098084109
0.0311028864
0.0034525418
0.0711993277
0.7574357390
0.0072647231
0.0307978746
0.0118142273
0.0286751799
0.0059284298
0.0089361174
0.0479220599
0.0235860981
0.0706214458
0.0045022806
0.0244689249
0.0049427520
0.0257634819
0.0109796012
0.0296574365
0.0033328256
0.0437475480
0.0049995813
0.0064420765
0.0033106469
0.0081040645
0.0698496178
0.0063357428
0.0273707341
0.0030852996
0.0461539254
0.0355969705
0.0698341802
0.0065448242
0.0073679066
0.0657063648
0.0088500530
0.0083767576
0.0234561656
0.0651706532
0.0073856171
0.0102933515
0.0448846817
0.0126207201
0.0708247870
0.0103519903
0.0076614264
0.0093133571
0.0300666559
0.0160243344
0.0125732096
0.0103634121
0.0120555684
0.0060641342
0.0617777742
0.0720145181
0.0074845008
0.0375585482
0.0537017807
0.0081056384
0.0604453906
0.0517082065
0.0383898616
0.0720390826
0.0609140843
0.0258149449
0.0451607108
0.0666440502
0.0614960454
0.0112908334
0.0293984171
0.0047990857
0.0109296534
0.0471356697
0.0472613126
0.0188169125
0.0456430577
0.0064482586
0.0035404956
0.0290146600
0.0259223282
0.0538136326
0.0310455579
0.0515047386
0.0579093061
0.0399149209
0.0145601286
0.0701235607
0.0042894562
0.0365362801
0.0634350255
0.0175235532
0.0253990218
0.0668954626
0.0030330077
0.0081299292
0.0370733775
0.0069919745
0.0678495690
0.0677217394
0.0069260723
0.0227343123
0.0501189046
0.0248545539
0.0193403736
0.0064779744
0.0174477901
0.0484340936
0.0029692054
0.0227212980
0.0654235259
0.0670264959
0.0188172702
0.0179531164
0.0091719972
0.0151642738
0.0500127114
0.0180112403
0.0439665653
0.0351243690
0.0181818455
0.0200034529
0.0043427907
0.0049768141
0.4376906455
0.0138768097
0.0657684579
0.0404158682
0.0281478725
0.0589127652
0.0243289545
0.0369815305
0.0370102972
0.0039365697
0.0090959184
0.0207968764
0.0555204898
0.0294767488
0.0728070587
0.0481723212
0.0247990973
0.0573213622
0.0059565092
0.0713733360
0.0315095447
0.0294850301
0.0087073827
0.0384597965
1.0261415243
0.0363472253
0.0492735058
0.0503695458
0.0102451071
0.0134949563
0.0347247124
0.0549547747
0.0174664557
0.0532158203
0.0082899798
0.0411516391
0.0076394761
0.0058699772
0.0068347319
0.0301930979
0.0289708450
0.0470689014
0.0444089212
0.0102099348
0.0088536860
0.0241072271
0.0050034495
0.0258166026
0.0085963905
0.0037087419
0.0472734980
0.0589491427
0.0048241992
0.0499244928
0.0039754882
0.0222902261
0.0674599409
0.0383202881
0.0118617490
0.0619642250
0.0199350566
0.0059650387
0.0375029743
0.0298157353
0.0115195103
0.0204024035
0.0110381274
0.0287578423
0.0129981264
0.0284422692
0.0654454455
0.0656915680
0.0067897737
0.0031724987
0.0101981955
0.0181609374
0.0202847663
0.9742731452
0.0083373338
0.0129253771
0.0120342951
0.0056191203
0.0080931885
0.0381311104
0.0233600996
0.0126028825
0.0163767766
0.0453725196
0.0419378728
0.0071384404
0.0181216151
0.0031651191
0.9319808483
0.0128804250
0.0405714139
0.0158745442
0.0485900082
0.0422777906
0.0467291325
0.1209987104
0.0036223263
0.0496264584
0.0188569315
0.0074542393
0.0031339198
0.0320724249
0.0431929789
0.0046346602
0.0218161549
0.0460279100
0.0431447439
0.0087054297
0.0116268126
0.0035947813
0.0664688945
0.0176170375
0.0529465675
0.0035856694
0.0105660241
0.0404482558
0.0209027659
0.0492246412
0.0059058587
0.0115000261
0.0356904529
0.0286077000
0.0213655736
0.0077201561
0.0101313516
0.0222652312
0.0031488270
0.0097107897
0.0223396402
0.0107982904
0.0133957285
0.0486160554
0.0605768003
0.0574230663
0.0029203563
0.0250394437
0.0052998550
0.1090404838
0.0033276454
0.0245735366
0.0211785845
0.0133539354
0.0693447143
0.0486700758
0.0467362031
0.0090751015
0.0487489030
0.9744747281
0.0254238676
0.0122170057
0.0268414635
0.0143273585
0.0284965150
0.0156599805
0.0474950373
0.0216856189
0.0224130936
0.0590742938
0.0084540360
0.0371439718
0.0062004272
0.0286728777
0.0118689723
0.0344091058
0.0275856871
0.0673597902
0.0389741249
1.0459375381
0.0037196383
0.0326316394
0.0422162004
0.0108568436
0.0154520338
0.0087382961
0.0508783869
0.0078738807
0.0044274321
0.0391526148
0.0630036816
0.0397802927
0.0089646969
0.0280026328
0.0300876480
0.0303309374
0.0058824588
0.0512257330
0.0041040019
0.0645862520
0.0035021964
0.0412254222
0.0278383456
0.0166572817
0.0652625933
0.0424807929
0.0556700155
0.0068343435
1.0202351809
0.0053766291
0.0306985807
0.0502200350
0.5057080388
0.0386493765
0.0498373471
0.0727097169
0.0225326028
0.0387953892
0.0345838629
0.0036456408
0.0084697446
0.0069294674
0.0142512918
0.0232238248
0.0155892055
0.0459235460
0.0302251298
0.0183667652
0.0056156428
0.0340319052
0.0117108664
0.0123892687
0.0174197592
0.0243495125
0.0032222304
0.0085471980
0.0188225415
0.0356743038
0.0117043778
0.0093560982
0.0095159598
0.0146357343
0.0172142982
0.0083041489
0.0279241093
0.0240849368
0.0457340255
0.0152042024
0.0091231298
0.0364454463
0.0054467348
0.0052223336
0.0293196738
0.0285657700
0.0670835301
0.0067283781
0.0487876646
0.0701099038
0.0118665919
0.0090713771
0.0049396898
0.0239509214
0.0054131127
0.0103149004
0.0176274236
0.0038408928
0.0064874836
0.0187208466
0.0094996206
0.0335611403
0.0567904413
0.0043023899
0.0211992953
0.0517723188
0.0068292948
0.0255410876
0.0472939685
0.0304247458
0.0327802412
0.0661337599
0.0406712703
0.0048453687
0.0238527842
0.0455550216
0.0129166264
0.0445540734
0.0072072125
0.0095273275
0.0195617843
0.0048071533
0.0612229183
0.0709619299
0.0469696149
0.0328580961
0.0641971901
0.0030325642
0.0094757080
0.0164386574
0.0539428703
0.0483870953
0.0080686407
0.0039942306
0.0187754892
0.0199031588
0.0125884525
0.0549168475
0.0153090321
0.0041952501
0.0056619202
0.0618297048
0.0581467636
0.0609773062
0.0045181131
0.0467118174
0.0130336639
0.0168373846
0.0491664372
0.0346506946
0.0319674760
0.0153454086
0.0546672158
0.0118487971
0.0497223102
0.0034457033
0.0296248440
0.0047310349
0.0032767421
0.0610799789
0.0074837557
0.0058241528
0.0400652550
0.0509932898
0.0266521387
0.0108226091
0.0292487387
0.0245869588
0.0414146967
0.0043179342
0.0074384133
0.0042396965
0.0334589705
0.0499338396
0.0295175482
0.0031589025
0.0248041935
0.0035266399
0.0169331226
0.0162795633
0.0103284204
0.0473597348
0.0078107957
0.0410161689
0.0294627193
0.0305573847
0.9766215682
0.0624224953
0.0051946752
0.0092384527
0.0572317019
0.0496751554
0.0203821212
0.0084103104
0.0426300541
0.0031430440
0.0162434299
0.0631640032
0.0148299420
0.0703249127
0.0586148836
0.0286058206
0.0552661791
0.0156836659
0.0128028858
0.0530934781
0.0041538617
0.0148630077
0.0548525117
0.0041102320
0.0041799704
0.0039102021
0.0235044267
0.0577333346
0.0423221663
0.0047751633
0.0032253326
0.0658678710
0.0107924007
0.0243000258
0.0029303045
0.0245700721
0.0081238858
0.0519960709
0.0311678164
0.0035816727
0.0328408256
0.0551113114
0.0030797278
0.1383348107
0.0248217061
0.0301820859
0.0051907701
0.0206587762
0.0544025563
0.0037543538
0.0483590066
1.1173083782
0.0117306551
0.0084121516
0.0620765835
0.0395844616
0.0632526502
0.0493137501
0.0303448979
0.0199456774
0.0469230376
0.0108908946
0.0539942309
0.7871045470
0.0371004790
0.0082874186
0.0042783949
0.0636584461
0.0467104949
0.0375689194
0.0032621284
0.0069914307
0.0610306896
0.0285153762
0.0186425112
0.0455770381
0.0367865786
0.0301615242
0.0663516447
0.0362851098
0.0321318395
0.0457544960
0.0477517806
0.0042902934
0.0224880185
0.0031641584
0.0684655681
0.0272055455
0.0497677177
0.0703551918
0.0034870810
0.0567727871
0.0268933997
0.0097161308
0.0672230199
0.0147417290
0.0223110374
0.0102166319
0.0512458086
0.0130249355
0.0483632386
0.0551618151
0.0668979287
0.0448964313
0.8836488724
0.0528395288
0.0536625832
0.0323245041
0.0156292059
0.0158225503
0.0261747465
0.0114239249
0.0232609790
0.0031033303
0.0271000545
0.0598642081
0.0072913165
0.0140696941
0.0032211831
0.0065157851
0.0242170282
0.0170720331
0.0576529615
0.0229540877
0.0661801025
0.0093686190
0.0550397895
0.0107079335
0.0153563628
0.0443454199
0.0489289872
0.0200198796
0.0032274332
0.0038777213
0.0044147787
0.0577699281
0.0312662870
0.0119997505
0.0522291698
0.0132194851
0.0316697694
0.0469680168
0.0283174757
0.0145620061
0.0379715450
0.0044953129
0.0697172880
0.0292562395
0.0055926745
0.0073460089
0.0538378097
0.0069466070
0.0194738172
0.0475977734
0.0199321471
0.0598853901
0.0037752651
0.0076993657
0.0177481622
0.0395565294
0.0059315637
0.0520812310
0.0030237341
0.0265302323
0.0054878308
0.0354979187
0.0463630557
0.0083424738
0.0339538641
0.0423722789
0.0361337885
0.0521219261
0.0078016846
0.0433375239
0.0617537461
0.0080723362
0.0174620971
0.0085092988
0.0062223347
0.0770581365
0.0154654691
0.0041618100
0.0112541029
0.0209390856
0.0362882875
0.0035040884
0.0029643208
0.0663241223
0.0476408750
0.0294569526
0.0071991445
0.0620258823
0.0154463276
0.0102162231
0.0186863746
0.0450181291
0.0042956071
0.0295681451
0.0156331547
0.0083238920
0.0460194834
0.0115114097
0.0245751645
0.0157796703
0.0281015839
0.0116812699
0.0167249218
0.0078018517
0.0284179337
0.0119126868
0.0184043739
0.0441591516
0.0174519178
0.0265509728
0.0478497110
0.0055029499
0.0341314264
0.0286661237
0.0037608393
0.0270744059
0.0271248110
0.0226687267
0.0189367123
0.0648575872
0.0120875761
0.0570415780
0.0157397296
0.0168687422
0.0054673264
0.0036440548
0.0603396930
0.0474112667
0.0033710548
0.0121593205
0.0529147945
0.0449619554
0.0194781963
0.0186140537
0.9835798144
0.0605598539
0.0496204197
0.0031038804
0.0029872644
0.0132735772
0.0683839545
0.0107843857
0.0399949476
0.0712115690
0.0459456109
0.0317242108
0.0548496731
0.0068350439
0.0058756750
0.0226421058
0.0693760589
0.0384160206
0.0723511055
0.0375869237
0.0069510010
0.0084264111
0.0708417222
0.0074008876
0.0307085384
0.0535521060
0.0137933400
0.0038983021
0.0158340894
0.0052047046
0.0041410946
0.0566239171
0.0699742287
0.0728442669
0.0187883787
0.0042480999
0.0115157291
0.0090527833
0.0192391984
0.0549320057
0.0035583240
0.0561904572
0.0264392737
0.0383266993
0.0386969857
0.0166632738
0.0120501034
0.0270589888
0.0345326364
0.0572628006
0.0202504452
0.0539614893
0.0273574889
0.0110809533
0.0093035363
0.0480367318
0.0509375520
0.0145934615
0.0549508668
0.0486766249
0.0380858257
0.0488099866
0.0259442050
0.0037739351
0.0062994403
0.0027054616
0.8141413927
0.0050278753
0.0041542170
0.0033314426
0.0547524132
0.0090490384
0.0402629524
0.0033161698
0.0172624979
0.0237135570
0.0569939725
0.0190040022
0.0088141933
0.0340772457
0.0665915534
0.0353350863
0.0299057923
0.0460686982
0.0128953485
0.0348280035
0.0713593662
0.0288100727
0.0148360925
0.0097012147
0.0136163058
0.0699674338
0.0228005629
0.0081510413
0.0120330732
0.0060140253
0.0295410957
0.0512080975
0.0414181985
0.9707744122
0.9121478796
0.0314662643
0.0681630224
0.0170591567
0.0493132211
0.0061426680
0.0115655577
0.0108011533
0.0407486446
0.0106865894
0.0128474142
0.0368542932
0.0268107634
0.0104289828
0.0373539962
0.0061619044
0.0127323549
0.0509743169
0.0057328432
0.0447437689
0.0218466446
0.0239898320
0.0086216861
0.0177631024
0.0619126298
0.0158005115
0.6710909009
0.0125038298
0.0082295127
0.0085300440
0.0269505568
0.0573761575
0.0237946827
0.0061505507
0.0072144032
0.0258100927
0.0304023419
0.0234400574
0.0462753363
0.0174342338
0.0561202765
0.0448140018
0.0214857254
0.0065054004
0.0078063244
0.0711591393
0.0552099496
0.0150635801
0.0660699531
0.0050259936
0.0123361154
0.0060541844
0.0079853935
0.0512003638
0.0086660776
0.0105028860
0.0076526804
0.0086478451
0.0072613228
0.0595865101
0.0389442593
0.0507823266
0.0438591912
0.0041057281
0.0037441391
0.0615579709
0.0677176863
0.0106896469
0.0668426976
0.0045630112
0.0480559617
0.0444265008
0.0283525158
0.0053388411
0.0439819545
0.0120773800
0.0369101278
0.0188075788
0.0098029394
0.0314013772
0.0337569714
0.0126293562
0.0314934030
0.0129961120
0.0089378944
0.0230437331
0.0031097683
0.0180973019
0.0320783593
0.0667374954
0.0450576916
0.0075751212
0.0284765232
0.0453380384
0.8547488451
0.0605194718
0.0681580678
0.0293615591
0.0233135149
0.0154568432
0.0273584407
0.0350592695
0.0425257199
0.0210754126
0.0128141539
0.0122757480
0.0372881070
0.0114615150
0.0427196175
0.0098323431
0.0171130393
0.0698960498
0.0051382720
0.0301401056
0.0301684160
0.0214444306
0.0101062227
0.9861889482
0.0033793079
0.0342349634
0.8380065560
0.0220381562
0.0033068203
0.0419197306
0.0208785087
0.0200671833
0.0651385114
0.0097026005
0.0703629628
0.0180264469
0.0564145558
0.0697331801
0.0617115349
0.0053842100
0.0309562907
0.0135665666
0.0081540681
0.0175068621
0.0092164287
0.0078813806
0.0566455722
0.0075994954
0.0059703109
0.0045402129
0.0048689125
0.0395867452
0.0303392392
0.0342931934
0.0173685271
0.0240584966
0.0110291466
0.0576304384
0.0446745232
0.0618306845
0.0091059916
0.0502685457
0.0397662520
0.0674225688
0.0307507347
0.0200497694
0.0697474554
0.0716104135
0.0140421716
0.0509066209
0.0079883197
0.0283000506
0.0517159663
0.0186805185
0.0147271380
0.0102489898
0.0601319037
0.0371153392
0.0417120084
0.0093960455
0.0091025624
0.0051284246
0.0067091570
0.0227002017
0.0060489797
0.0156954229
0.0672076494
0.0133137684
0.0352640189
0.0199609976
0.0197342560
0.0067922142
0.0033950261
0.0411551669
0.0228591114
0.9829566479
0.0136495633
0.0430548191
0.0075311908
0.0285140947
0.0396333635
0.0411587842
0.0069247228
0.0440417528
0.0644503087
0.0322300345
0.0054752035
0.0193058401
0.0576323569
0.0168377515
0.0292193443
0.0528577082
0.0376649536
0.0536535531
0.0062565468
0.0131840706
0.0068097119
0.0426585376
0.0423955210
0.0029306761
0.0207804255
0.0610392541
0.0552234352
0.0310032833
0.0261809733
0.0154826893
0.0068447990
0.0116823390
0.0424447060
0.0271087140
0.0375506468
0.9850878716
0.0448308401
0.0124090947
0.0185269918
0.0031454025
0.0032014686
0.0122554889
0.0150451288
0.0053493977
0.0093565518
0.0522285886
0.0040229866
0.0249878410
0.0046859602
0.0280087590
0.0069632386
0.0044757263
0.0118251918
0.0306337848
0.0087285982
0.0049963607
0.0164062120
0.0167483650
0.0649686307
0.0252869371
0.0237681586
0.0403731093
0.0029333550
0.0407510884
0.0055418648
0.0098747471
0.0045739980
0.0100483242
0.0468707122
0.0082354741
0.0104632154
0.0120389275
0.0538241006
0.0192310736
0.0086854054
0.0295524281
0.0721228719
0.0106067779
0.0115622263
0.0471440107
0.0187108815
0.0393824503
0.0495160148
0.0370372944
0.0496154539
0.0643381327
0.0291571431
0.0588351823
0.0430447012
0.0063559795
0.0074044559
0.0709274486
0.0534705035
0.0143464804
0.0130008142
0.0100835143
0.0390203856
0.0520859286
0.0153432461
0.0502531826
0.0102878250
0.0151031185
0.0050300350
0.0034911614
0.0198307671
0.0029656212
0.0522721373
0.0281891022
0.0441699773
0.0271873921
0.0092995418
0.0099747377
0.0283748750
0.0566887558
0.0728450716
0.0131253814
0.0270148441
0.0032762715
0.0066055520
0.8338953853
0.0255006608
0.0084471302
0.0278674979
0.0584714971
0.0239640884
0.0049566841
0.0535405464
0.0128233731
0.0493844301
0.0254521742
0.0580923036
0.0032360805
0.0571181066
0.0104883118
0.0631017461
0.0562776737
0.0046336362
0.0062133316
0.0621355437
0.0600684099
0.0042852936
0.0031587824
0.0046985019
0.0294766985
0.0317123570
0.0312472358
0.0043732808
0.0038826892
0.0191442221
0.0233919937
0.0120672854
0.0156011330
0.0712112039
0.0248748790
0.0281409826
0.0610679612
0.0039881668
0.0064650262
0.0044368156
0.0564874001
0.8917131424
0.0418544933
0.0032837952
0.0045508132
0.0389252603
0.0151481461
0.0071930760
0.0085378261
0.0110624675
0.0098249745
0.0187181942
0.0036524651
0.0075980774
0.0365448743
0.6977670193
0.0697959661
0.0041570570
0.0039967783
0.0490375496
0.0098428633
0.0403898992
0.0166501980
0.0125589771
0.0081829736
0.0146113075
0.0292870998
0.0200596228
0.0064369091
0.0104606999
0.0647693500
0.0283233970
0.0574712344
0.0056554060
0.0639131144
0.0360547528
0.0056250226
0.0540536009
0.0180707034
0.0055436119
0.0150230555
0.0088100815
0.0149377547
0.0413219370
0.0314884633
0.0666223615
0.0349519067
0.0375703648
0.0029303092
0.0036409397
0.0295847971
0.0534018017
0.0046341601
0.0251775868
0.0212495476
0.0085681183
0.0156510677
0.0478819571
0.0214257967
0.0502040498
0.0274541210
0.0693059117
0.0570926517
0.0649413466
0.0171325840
0.0222109426
0.0659079254
0.0037236076
0.0098360227
0.0050338581
0.0192116667
0.0468700081
0.0064770887
0.7673103213
0.0097703720
0.0053865439
0.0342454351
0.0100646671
0.0086620981
0.0029516863
0.0091939913
0.0134879788
0.0670067668
0.0309859868
0.8372493386
0.0675764829
0.0333793275
0.0252741575
0.9278382659
0.0363805443
0.0037424061
0.0294187479
0.0314850099
0.0145330131
0.0225162227
0.0052782712
0.0350685641
0.0074079996
0.0127002737
0.0547998808
0.0234364085
0.0659273490
0.0721007884
0.0308532733
0.0240278561
0.0144674601
0.0228075404
0.0398429036
0.0034244331
0.0256348904
0.0721396729
0.0059144059
0.0333076529
0.0186106320
0.0146250976
0.0184774827
0.0080501894
0.0653401315
0.0036387327
0.0380632952
0.0043466589
0.0621846989
0.0121762957
0.0559366383
0.0106712962
0.0562574118
0.0135915549
0.0528978109
0.0263370275
0.0115802353
0.0093703512
0.0062376643
0.0082997605
0.0669349357
0.0070714951
0.0545948371
0.0297281146
0.0201967806
0.0391553752
0.0028846092
0.0151276356
0.0029883436
0.0114183007
0.0342361741
0.0592845753
0.0602391399
0.0560278445
0.0205004457
0.0130156288
0.0715695024
0.0295143612
0.0493067317
0.0144775845
0.0035829060
0.0031692430
0.0182154402
0.0671814904
0.0621186271
0.0315769650
0.0486487597
0.0247370005
0.0274344310
0.0632102489
0.0286989957
0.0525704995
0.0416879170
0.0297630262
0.0326328762
0.0062868968
0.0029279382
0.0158641785
0.0069051562
0.0077781794
0.0288858898
0.0071776733
0.0517104380
0.0300518740
0.0128424997
0.0226645209
0.0211148802
0.0038259793
0.0377537683
0.0454026870
0.0701270476
0.0148601551
0.0257222671
0.0315938219
0.0282622781
0.0060948585
0.0466233082
0.0333467722
0.0205761828
0.0234379563
0.0314093269
0.0471947007
0.0209430847
0.0136663830
0.0211854540
0.9474601746
0.0064384295
0.0032287519
0.0577347316
0.0135318553
0.0595849156
0.0071301237
0.0216135476
0.0355055369
0.0355328880
0.0238826163
0.0194082540
0.0278175231
0.0084529184
1.0204336643
0.0065108207
0.0400343202
0.4587920904
0.0340706520
0.0906586349
0.0108724209
0.0143371951
0.0235546343
0.0576653220
0.0568456985
0.0053368430
0.0080592027
0.0498276055
0.0031524973
0.0258020461
0.0406854041
0.0351607539
0.0092243338
0.0360831581
0.0248551145
0.0486045294
0.0163174737
0.0037686704
0.0116259903
0.0099213943
0.0719076619
0.0510849655
0.0086779902
0.0357509367
0.0067650080
0.0436837934
0.0073333671
0.0110308025
0.0568052344
0.0169218872
0.0189916193
0.0055719088
0.0225377008
0.0234996974
0.0392242782
0.0229405034
0.0350398533
0.0257500112
0.0340463147
0.0071184891
0.0132646831
0.0075441371
0.0319611914
0.0068582972
0.0519239940
0.0051686424
0.0415433496
0.0549004301
0.0312023610
0.0230735503
0.8713461161
0.0038677070
0.0285276845
0.0029105619
0.0607462525
0.0688039809
0.0150280213
0.0090885283
0.0704286247
0.0039997189
0.0055409134
0.7090855837
0.0494395271
0.0118335271
0.0550331399
0.0573488921
0.0378705002
0.0037934678
0.0088034198
0.0180061888
0.0268321075
0.0124255363
0.0174866319
0.0496565998
0.0085761640
0.0574267507
0.0617984124
0.0687708408
0.0511619747
0.0672560036
0.0132479062
0.0043284837
0.0087380195
0.0195753258
0.0618944205
0.0459962189
0.0331902765
0.0333497114
0.0256855097
0.0157750249
0.0175939146
0.0065951678
0.0151140448
0.0597814508
0.0581751727
0.0091984477
0.0207127873
0.0663740933
0.0171629228
0.0488103628
0.0567920171
0.0029319087
0.0087164622
0.0654526055
0.0169457924
0.0790143907
0.0612643100
0.0389838554
0.0435020588
0.0141962981
0.0031643545
0.0274458062
0.0104848538
0.0089933220
0.0478666387
0.0539129190
0.0395866111
0.0536434464
0.0700412542
0.0144493533
0.0162304733
0.0105712423
0.0083920369
0.0375868082
0.0290104020
0.0225537624
0.0033660771
0.0092193289
0.0065179975
0.0333336927
0.0169296172
0.0470159389
0.0457952283
0.0174176116
0.0676406696
0.0354955643
0.0328407884
0.0091890842
0.0710909292
0.0044764597
0.0446241684
0.0068077301
0.0170297548
0.0123149669
0.0482283197
1.0297483206
0.0237299372
0.0475988798
0.0031454593
0.0067840395
0.0639132932
0.0265441239
0.0071778828
0.0598013103
0.0503039472
0.0038246573
0.0034122602
0.0174601320
0.0314371325
0.0043444084
0.0669543073
0.0165940486
0.0192215871
0.0214894842
0.0064070215
0.0523126461
0.0363622680
0.0307861846
0.0310741831
0.0096027814
0.0401000939
0.0219863970
0.0176862441
0.0553893410
0.0373837911
0.0116867581
0.0135680269
0.0346059650
0.0038808801
0.0034707873
0.0543609858
0.0051512360
0.7487999201
0.0362639502
0.0154855102
0.0041837576
0.0725637153
0.0141459312
0.0132242404
0.0035164396
0.0220047925
0.0163555201
0.0068604844
0.0058656149
0.0041122669
0.0076816520
0.0222208109
0.0206778906
0.0421347134
0.0121295080
0.0035882387
0.0079394011
0.0099756448
0.0030419719
0.0127651673
0.0615385622
0.0059074610
0.0043217121
0.0676845685
0.0259032398
0.0715086609
0.0207056310
0.0092873266
0.0039103171
0.0052000596
0.8890427351
0.0716042891
0.0261478871
0.0042648516
0.0037313958
0.0197273269
0.0562240593
0.0345674604
0.0336341672
0.0089047579
0.0469920635
0.0275558829
0.0570973903
0.0076960903
0.0204550531
0.0071950369
0.0140641257
0.0552786887
0.0291550178
0.0389666408
0.0251431949
0.0417942293
0.0323803425
0.0077917925
0.0107248425
0.0083360868
0.0281501953
0.0278853085
0.0558748096
0.0119968224
0.0209737457
0.0620421879
0.0534157455
0.0394817442
0.0483577251
0.0656638369
0.0397559553
0.0122758159
0.0039954833
0.0183228105
0.0127184242
0.0125065930
0.0332605764
0.0155689418
0.0193828158
0.0038181590
0.0184311047
0.0582314655
0.0130178984
0.0097536845
0.0604921877
0.0114291171
0.0190725066
0.0695938841
0.0038357794
0.0031983901
0.0031332788
0.0047342260
0.0055466085
0.0084758336
0.0681778118
0.0401763432
0.0054137451
0.0041075102
0.0687123388
0.0095828725
0.0720284805
0.0358692594
0.0043097064
0.0040589473
0.0043283706
0.0035123681
0.0052831820
0.0181226283
0.0076209293
0.0714721456
0.0032188513
0.0090675186
0.0228824057
0.0047022491
0.0605943538
0.0340625867
0.0038703766
0.0088234236
0.0580756478
0.0123924492
0.0462037362
0.0209505726
0.0042284001
0.0502710156
0.0247381926
0.0122913234
0.0030450365
0.0626257062
0.0047907336
0.0353851654
0.0165108908
0.7848374844
0.0572840534
0.0069015529
0.0053782426
0.0102785509
0.0630611852
0.0297806859
0.0368915312
0.0041401186
0.0652551204
0.0587151647
0.0519594066
0.0636820197
0.0222426597
0.0680483133
0.0370778665
0.0654745921
0.0039910302
0.0228717439
0.0129333204
0.0330234915
0.0068626935
0.0503986478
0.0171923656
0.0182134826
0.0260353032
0.0032940872
0.0141395824
0.0049862619
0.0050535458
0.0030616047
0.0420469604
0.0477411076
0.0192544572
0.0237294473
0.0090849297
0.0402705595
0.0047074086
0.0046365797
0.0318484902
0.0029576982
0.0037076683
0.0469480976
0.0032538818
0.0030505829
0.0086270878
0.0578595363
0.0081080729
0.0177272279
0.0035021554
0.0413575619
0.0101898964
0.0218167752
0.0035228867
0.0419439711
0.0167593118
0.0224705879
0.0068281265
0.0517438166
0.0077182166
0.0121099185
0.0056586708
0.0088755479
0.0073316065
0.0370038897
0.0127912462
0.0039797141
0.0678073168
0.0058847959
0.0567313321
0.0584108457
0.0319381356
0.0574523322
0.0378278568
0.0031143338
0.0590020120
0.0274002943
0.0047816643
0.0582602881
0.0077663795
0.0394087061
0.0044465456
0.0231478736
0.0040979455
0.0043419017
0.0404468514
0.0111438204
0.0495263375
0.0289763436
0.0059459405
0.0029477673
0.0094760321
0.0357182696
0.0066779153
0.0357047319
0.0483324304
0.0244911015
0.0047303522
0.0043320186
0.0048723621
0.0458998494
0.0086356150
0.0485227481
0.0645829365
0.0145650366
0.0046416270
0.0394616425
0.0141471531
0.0694786534
0.0181331802
0.0080891047
0.0040216716
0.0219580587
0.0107987821
0.0301491711
0.0337081477
0.0063467827
0.0203254595
0.0080865668
0.0578234419
0.0648967251
0.0243793763
0.0090788146
0.0242237113
0.0088232523
0.0241201241
0.0694704950
0.0056828526
0.0091932453
0.0481770076
0.0390015468
0.0048248754
0.0306343138
0.0430881903
0.0097667780
0.0279713161
0.0144704096
0.0679674745
0.0073694550
0.0305279177
0.0338246673
0.0069028228
0.0217887033
0.0571940280
0.0584316701
0.0136537431
0.0555938631
0.0081377812
0.0557799190
0.0062038908
0.0040986794
0.0393508300
0.0052120276
0.0660821721
0.0076338886
0.0060609835
0.0152836861
0.0537972972
0.0303403474
0.0332851037
0.0072452351
0.9937847853
0.0480395518
0.0076867775
0.0208829362
0.0119303688
0.0329202563
0.0266611706
0.0323887393
0.0510886945
0.0340584517
0.0069186515
0.0322728306
0.0193160232
0.0258815307
0.0531190708
0.0253349524
0.0142802950
0.0580835417
0.0315314196
0.0079155639
0.0068807658
0.0125494236
0.0125646675
0.0524599291
0.0119343549
0.0343284011
0.0062575871
0.0494389944
0.0158436764
0.0109173441
0.0035035969
0.0112377834
0.0071663428
0.0446593352
0.0093720853
0.0621385537
0.0116811469
0.0080669327
0.0226665195
0.0320329405
0.0371787101
0.0471925773
0.0268893670
0.0050112214
0.0062254900
0.0063124145
0.0163385030
0.0207120106
0.0189677738
0.0519372597
0.0089970911
0.0599601269
0.0222767293
0.0099894255
0.0438951477
0.0155834053
0.0051964861
0.0041272757
0.0712051988
0.0049288138
0.0107436804
0.0114385970
0.0046293018
0.0238814093
0.0093568070
0.0057856003
0.0031362174
0.0179874506
0.0055266996
0.0270210057
0.0219529625
0.0205874816
0.0174872987
0.0433349125
0.0220368225
0.0691114813
0.0042290948
0.0066796532
0.0089988103
0.0077458555
0.0128200576
0.0364416130
0.0348851979
0.0155406855
0.0145679340
0.0042581167
0.0577039495
0.0592607036
0.0315217227
0.0050186156
0.0237614755
0.0030810251
0.0030285819
0.0274189170
0.0035177665
0.0086695552
0.0045610052
0.0052054399
0.0407073125
0.0040316037
0.0206164140
0.0160472170
0.0031740745
0.0311257020
0.0159518030
0.0081188288
0.0228567868
0.0545107499
0.0199346915
0.0195872113
0.0407594778
0.0056486237
0.0316993818
0.0191978589
0.0288464706
0.0335796811
0.0342443660
0.0231056884
0.0066705784
0.0029319024
0.0250501670
0.0211044271
0.0517885461
0.0051168734
0.0710821226
0.0312085431
0.0128458990
0.0066039278
0.0213396158
0.0069733695
0.0228035115
0.0213134419
0.0125915669
0.0030120215
0.0390383042
0.0644854605
0.0685622245
0.0066114715
0.0040354636
0.0721464008
0.0193762854
0.0040315059
0.0032528886
0.0057090227
0.0097746532
0.0080176294
0.0232171379
0.0091639338
0.0331383087
0.0183389839
0.0045468337
0.0508673787
0.0198899750
0.0101239374
0.0094205970
0.0048542931
0.0101949945
0.0099276509
0.0132489996
0.0130850384
0.0142700663
0.0070725284
0.0545439161
0.0244368333
0.0478961505
0.0426899604
0.0050495625
0.0072626323
0.0144993151
0.0365166143
0.0049057850
0.0033787875
0.0331218801
0.0068361228
0.0265103597
0.0639163032
0.0049741226
0.0524216071
0.0339619108
0.0046720011
0.0653093755
0.0241831634
0.0312589295
0.0068307421
0.0366537869
0.0391723067
0.0139103439
0.0195812117
0.0032311198
0.0176617783
0.0458329506
0.0037369311
0.0168681946
0.0563538931
0.0700457543
0.0614658259
0.0702315345
0.0429079272
0.0083101727
0.0031993224
0.0063649751
0.0412569381
0.0040653478
0.0075747501
0.0064567686
0.0651108548
0.0092301425
0.0130498428
0.0623823740
0.0066004768
0.0127057238
0.0364441276
0.0109641943
0.0437486582
0.0256777033
0.0261480603
0.0349069573
0.0407674760
0.0042363927
0.0542174242
0.0467418358
0.0066407323
0.0032601266
0.0284801722
0.0648755655
0.0413867123
0.0315155797
0.0172085259
0.0038155888
0.0690663084
0.0077484758
0.0107187964
0.0609592907
0.0077052191
0.0032735849
0.0623439066
0.0450895168
0.1573724747
0.0407169722
0.0081923502
0.0453218520
0.0588745922
0.0327677578
0.0288929585
0.0405631252
0.0177779440
0.0085201906
0.0103257596
0.0295635965
0.0247173943
0.0360045731
0.0284139942
0.0111299232
0.0192695353
0.0246058740
0.0046581947
0.0077393246
0.0077862786
0.0319406502
0.0094822142
0.0185761806
0.0077027022
0.0103230150
0.0667176619
0.0575790368
0.0042475974
0.0062935669
0.0084337033
0.0046782000
0.0689283982
0.0048460984
0.0194510631
0.0636310354
0.0100056846
0.0092694750
0.0517948531
0.0237042420
0.0685586259
0.0034715927
0.0299409572
0.0403049551
0.0032364251
0.0399503373
0.0224080030
0.0031204866
0.0049223364
0.0094603775
0.0279735811
0.0130029358
0.0176847558
0.0710365251
0.0317360908
0.0106491717
0.0372921079
0.0081319157
0.0165941734
0.0108858347
0.0384615250
0.0338647701
0.0307662822
0.0229992494
0.0035993201
0.0437664837
0.0094074095
0.0333241075
0.0159536861
0.0490617864
0.0046706540
0.0091359774
0.0350007825
0.0093726870
0.0388321690
0.0317796804
0.0071290908
0.0177637637
0.0344990753
0.0291974097
0.0541605763
0.0214780103
0.8675187230
0.0599336252
0.0096974289
0.0712989122
0.0282222591
0.0041796849
0.0071341894
0.0243535303
0.0505579077
0.0204641614
0.0029636081
0.0103368834
0.0153248636
0.0043428559
0.0034488537
0.0036626055
0.0094262175
0.0052212863
0.0492476933
0.0652382374
0.0411560722
0.0305779316
0.0221419502
0.0030053288
0.0341838039
0.0249840803
0.0522189103
0.0144713931
0.0062820762
0.0521300994
0.0581708178
0.0099846190
0.0156708788
0.0132131157
0.0373038761
0.0517169014
0.0035637647
0.0078224475
0.0054289252
0.0637700260
0.0719087571
0.0083901295
0.0481123105
0.0277486499
0.0501358733
0.0039949184
0.0624941364
0.0102136713
0.0055102813
0.0673235655
0.0033716364
1.0780080557
0.0706933439
0.0562395491
0.0039261053
0.0045523965
0.0116437767
0.0343292169
0.0148164649
0.0604363568
0.0083944863
0.0581890494
0.0610464364
0.0081409076
0.0367461331
0.0373046435
0.0149847493
0.0040446515
0.0117576830
0.0182790216
0.0067056292
0.0078441417
0.0114660608
0.0140680810
0.0078567835
0.0104114283
0.0724269450
0.0128821786
0.0111645833
0.0130779976
0.0417339653
0.0095967920
0.0086615114
0.0544724800
0.0061270138
0.0360851586
0.0693044066
0.0619864501
0.0638123974
0.0099395812
0.0055253729
0.0052180300
0.0407583229
0.0312791206
0.0334246196
0.0184888057
0.0306712426
0.0622924082
0.0550202988
0.0650918111
0.0558238700
0.0509960055
0.0175521988
0.0170082636
0.0723038465
0.0231583081
0.0640526637
0.0253973883
0.0243885890
0.0051768911
0.0324043110
0.0240729004
0.0169874541
0.0629194677
0.0290514529
0.0248462483
0.0579945855
0.0643062592
0.0092642037
0.0559522659
0.0097505748
0.0652093589
0.0318319574
0.0255371220
0.0542925857
0.0071029011
0.0108046615
0.0358235724
0.0406252779
0.0075135971
0.0598240867
0.0353756733
0.0167828780
0.0035906190
1.0451563597
0.0648556203
0.0233877655
0.0485491939
0.0267277118
0.0294800624
0.0470183529
0.0198445357
0.0082557369
0.0075318506
0.0453789830
0.0038355724
0.0280479323
0.0208560321
0.0690087304
0.0663117319
0.0062017632
0.0069059222
0.0037792798
0.0097312685
0.0242181607
0.0515842848
0.0294063631
0.0480462387
0.0360711813
0.0030628967
0.0505280681
0.0158688072
0.0253289435
0.0174656007
0.0287269000
0.0422235951
0.0326747186
0.0043889787
0.0435535312
0.0149795339
0.0528060757
0.0063401577
0.0386729538
0.0544160306
0.0359563306
0.0634637773
0.0128254248
0.0094445143
0.0646480471
0.0120766759
0.0080628684
0.0225316267
0.0038426430
0.0176834911
0.0363849886
0.0085802907
0.0124879032
0.0032632318
0.0299309399
0.0108179785
0.0437766761
