0.0082641216
0.0049654935
0.0078013237
0.0037386417
0.3192897141
0.2366803139
0.0063001933
0.0184837747
0.0137140620
0.0046153697
0.3952918947
0.0082386034
0.2641820908
0.0285239294
0.0445497856
0.0147991842
0.0047578090
0.0165728759
0.0037903399
0.7582566142
0.0073443246
0.1497848481
0.0699481368
0.0207836814
0.0290985014
0.0425537229
0.0295173246
0.0135606099
0.0037994930
0.9915904999
0.0650152117
0.3442304432
0.0035533106
0.0074752448
0.2375987470
0.1172677279
0.0076726400
0.0307686962
0.2049145252
0.6032339931
0.0581586212
0.0943846628
0.4323746264
0.6504841447
0.0117323343
0.5294457078
0.0039638756
0.6789687276
0.1046046838
0.0426003821
0.0370782353
0.1502972245
0.0133971227
0.0157630034
0.1452978998
0.0417749919
0.0038193034
0.9478856325
0.0049601584
0.0148352068
0.1088723466
0.0134072751
1.1022312641
0.0252100043
0.0306272395
0.0134694492
0.7619057298
0.2184332162
0.0036502667
0.6234570742
0.3618330359
0.0100505697
0.0152194360
0.2445126772
0.5385621786
0.0052002803
0.0222551972
0.0764006749
0.0161375757
0.0030429133
0.0055803303
1.0476484299
0.0114713851
0.0122434571
0.0324758291
0.0410837159
0.0766493380
0.0038226778
0.0774280801
0.4021568000
0.0329410434
0.0504996143
0.2729727626
0.0051663779
1.0391108990
0.0060902573
0.1594536304
0.3043414354
0.9485802054
0.0046281088
0.2767051458
0.0188247357
0.0482019819
1.0712352991
0.0070776697
0.0549061261
0.0051625976
0.0181711167
0.1607396752
0.0144680198
1.0994488001
0.0069852979
0.0030161911
0.0259613357
0.0444809794
0.0265728571
0.0086411312
0.4605574310
0.1486836523
0.7350231409
0.1643515527
0.8499417901
0.4113684297
0.0456176810
0.0424469002
0.0068281344
0.0416230038
0.0628207922
0.0061768480
0.0162482057
0.5302423835
0.3897438645
0.0507719629
0.1570886821
1.0274087191
0.0152256172
0.4667180181
0.0204859413
0.0279186554
1.0739080906
0.0058084093
0.0104366001
0.0035591724
0.5817478895
0.0468887985
0.0051655564
0.0078241248
0.0103279492
0.3637750149
0.0145859383
0.0135658123
0.2752250135
0.0037095211
0.0053207381
0.1097829714
0.0136507507
0.2554847896
0.0044818171
0.0045390134
0.0183798447
0.0032937056
0.7388354540
0.0569748655
0.0896747038
0.1953202933
0.1474922448
0.9727706909
0.3875401318
0.6771659851
0.2638033926
0.0054419725
0.0198937971
0.0087340996
0.2031079978
0.0776914805
0.0145027097
0.8990720510
0.0038753857
0.6263384819
0.7878103852
0.0889423415
0.2870161235
0.1003964618
0.0052140937
0.0117915943
0.0539604798
0.1016331688
0.2229121327
0.6664514542
0.9137097597
0.0171607528
0.0529409461
0.0509205945
0.0105293673
0.0318260267
0.0092435926
0.0490354635
0.0084781181
0.4968230128
0.6472249031
0.0349466130
0.0091342414
0.0085046571
0.0251351260
0.0561084263
0.0695896223
0.3198156357
0.0050023003
0.0215719696
0.1921269447
0.2362932265
0.0515699759
0.6855641603
1.0654330254
0.1895001978
0.0401451737
0.4818567634
0.0067413994
0.0132263629
0.0064466549
0.0047496343
0.0152935572
0.0048336214
0.0193628017
0.0072803884
0.0046068821
0.0063600671
0.7251361609
0.8230745196
0.7531743050
0.0260146949
0.0778954774
0.0045989994
0.0495302081
0.7460742593
0.0032553233
0.2199781239
0.0126621556
0.1422493011
0.0066969451
0.0542942472
0.0130619984
0.3806802332
0.0213460736
0.0171563290
0.0152971763
0.0062233321
0.1390440762
0.0292758010
0.0206438731
0.0052984487
0.1866099387
0.0190528464
1.0494245291
0.1628797054
0.0080699744
0.7099600434
0.0144775854
0.0145150376
0.0029033446
0.0485122800
1.0466654301
0.0388103388
0.0682963356
0.0071572289
0.4805461764
0.0253365543
0.1488322765
0.0828581229
0.0267635603
0.0225615390
0.0360564105
0.0486897230
0.0748045146
0.1160128191
0.0267739259
0.0069402121
0.0434882529
0.0055908551
1.0994839668
0.0828588754
0.0647468492
0.1594831496
0.6903909445
0.0074048592
1.0782879591
0.1148446798
0.0083363941
0.1454824805
0.6832967401
0.0215646699
0.0310436804
0.7952746153
0.1158910394
0.8703593612
0.0801929608
0.0121677397
0.2733749449
0.3478609324
0.7354709506
0.6788200140
0.0030270664
0.5349581242
0.0063708355
0.0171566140
0.0041562421
0.0055848677
0.0200887937
0.9646248817
0.0325808823
0.0763317943
0.9490012527
0.3267811835
0.1515766233
0.0082475515
0.0143223973
0.8265532851
0.0065389471
0.0217915885
0.0060827867
1.0434809923
0.0117047904
0.6739915013
0.0405302159
0.1298255771
0.7457029819
0.0117232157
0.0287174340
0.0288181473
0.0419909433
0.0040478138
0.5737076998
0.0091098491
0.1700004935
0.0066346461
0.0164767578
0.5656195283
0.0993608534
0.0072014611
0.1185822189
0.0081755063
0.0038040946
0.1275622547
0.0103455968
0.0069337860
0.2011333704
0.0743756518
0.0288619250
0.0047982298
1.1280111074
0.1182017848
0.0046618562
0.0371638760
0.1197681576
0.8993093371
0.0731307790
0.3379587531
0.1854897141
0.0079336092
0.0527121872
0.6389021277
0.0034967368
0.0587617084
0.0228743255
0.0086217029
0.8082546592
0.7272239327
0.0180409346
0.0209367517
0.0053854133
0.0044319052
0.0166424066
0.0075982111
0.0630263090
0.0212228931
0.2385585308
1.0381945372
0.0149920052
0.5110661983
0.0243788771
0.0071091275
0.0113956947
0.0068509346
0.0085696001
0.0585416779
1.0201014280
0.0372842513
0.0405258536
0.0235851929
0.0231165905
0.0313918293
0.0041113212
0.7194467783
0.0333203152
0.0073440024
1.1055136919
0.0054860753
1.0498629808
0.0545499176
0.0183937699
0.0542770214
0.0041678329
0.0128088463
0.0031668774
0.0030337591
0.0052871397
0.0044545671
0.2213817537
0.0031432016
0.0168172196
0.0087701948
0.0336019732
0.0261778440
0.0259738993
0.0114221657
0.4405648410
0.0186018888
0.0054350086
0.7426337600
0.0779433548
1.0101779699
0.0202018172
0.0434801653
0.5165787339
1.0970177650
0.0072220508
0.1471932828
0.0029122897
0.4648750424
0.0081670051
0.0246645529
0.6317495108
0.6010921597
0.0244282223
0.5216715932
0.8472528458
0.3806949854
0.7152242661
0.2648542225
1.0604845285
0.1894854009
0.0080840532
0.0179821439
0.0228857994
0.3055705130
0.7095037103
0.0039040735
1.0914436579
0.0063084718
0.9036253691
0.0186190512
0.9597332478
0.0041407696
0.1963380426
0.0102265552
0.0195999816
0.1586570144
0.0032992305
0.0029320354
0.0219375491
0.0056428947
0.0080833780
0.0138366707
0.4300242662
0.0131142512
0.0768371373
0.0091262935
0.0579562299
1.0353260040
0.0046330956
0.0575508997
0.0298114698
0.0034017821
0.0067862673
1.0109854937
1.0352576971
0.6651971340
0.0257593095
0.0290981270
0.0054256506
0.0035334071
0.0043558818
0.0482383147
0.9623562098
0.0050156326
1.0487003326
0.9404013157
0.0046474487
0.9521164298
0.0257483721
0.0087137083
0.0085361451
0.0036658647
0.1428377181
0.0849606991
0.0377944484
0.0036406796
0.1457991451
0.0113542294
0.1416510344
0.0485227518
0.0117555838
0.0220691450
0.0181816928
0.0030868275
0.0076176431
0.0319889151
0.1847271472
0.0873678550
0.0166276265
0.0388395526
0.5063843727
0.0359449834
0.0469396524
0.6667314172
0.0093170628
0.0082948422
0.0068368912
0.2019873410
0.2846255600
0.0389162749
0.1503261179
0.0039412011
0.0147437006
0.2301447839
0.0053357221
0.0181736890
0.0221446194
0.0223335773
0.0141783282
0.5285369754
0.1193007454
0.5698208213
0.2901815474
0.0245682411
0.2993675470
0.8510022759
0.0596317761
0.1411899030
1.0744241476
1.0062485933
0.0390996225
0.0096955085
0.0118411062
0.0553288572
0.4606466293
0.0323413014
0.0123027805
0.4714129269
0.0167097934
0.0081133759
0.0559962168
0.0691749156
0.0360142291
0.3074551225
0.0548454225
0.0313195735
0.0142504564
1.0007572174
0.0335801765
0.0064231642
0.0080926120
0.0131011587
0.0303814225
0.0073885559
0.0091823656
0.0469517969
1.0222541094
1.0137128830
0.0088882791
0.0486644320
0.0303917341
0.0264166687
0.9209104180
0.0115611181
0.0411849581
0.0031058346
0.0119139319
0.9965245128
0.0282542054
0.0393038616
0.0030703093
0.0321289860
0.0218416452
0.1213723198
0.0093795834
0.2395893335
0.5836558938
0.0385464244
0.6282502413
0.9850103855
0.0453452878
0.1443455368
0.3154362142
0.0071920664
1.0548177958
0.0645428672
0.0131740309
0.0989293680
0.1651496589
0.0113725113
0.0030200102
0.0119454628
0.4219686687
0.0094827022
0.0099966601
0.2485953718
1.0875536203
0.0040852875
0.6356077790
0.0324423648
0.0088457074
0.0401792414
0.0196082126
0.3375910223
0.2159021348
0.7103037834
0.0811891332
0.0066605858
1.0653498173
0.0084713632
0.8105254769
0.0345335007
0.0168784335
0.0332084186
0.0084041469
0.0375476480
0.0279495101
0.0560349077
0.0529018715
0.1783136278
0.0032467803
0.0044251927
0.1213386655
0.2716164589
0.2082259059
0.0484549329
0.0068158288
0.0041585253
0.9688116312
0.0075094537
0.0147600546
0.0070763333
0.2317652702
0.0068247868
0.0311115514
0.0089508370
0.8199930787
0.0145675903
0.0740007907
1.0325715542
0.1113403663
0.0340887792
0.0200167410
0.0060009467
0.0144224064
0.9979743958
0.8915525079
0.0050651198
0.8955991864
0.7779166102
0.0044072485
0.8534806967
0.0031632923
0.0254342854
0.0326862335
0.0121514304
0.2620967925
1.0102593899
0.0030544829
0.0079212813
0.9798390269
0.0109746316
0.0555987991
0.2449571490
0.0145265469
0.9394164085
0.1277998686
1.1033349037
0.0756405666
0.0028834913
0.0067631360
0.0196006075
0.0297254231
0.0137126604
0.0086741699
0.9834938645
0.8662452698
0.0311513338
0.0084851645
0.3544266522
0.0394067615
0.1039714366
0.0030289369
0.0208408013
0.0483828895
0.1643453389
0.0049151974
0.0124535123
0.0039583896
0.0235461183
0.0266706571
0.2934517860
0.0142280674
0.0631365478
0.0186830051
0.0191475283
0.0030707940
0.2862542272
0.0594008155
0.7408041358
0.1043102369
0.0076669892
0.0033195924
0.6397327781
0.0305783730
0.6355352998
0.7161872387
0.0193583015
0.0412039943
0.0747692138
0.0059625064
0.2504238486
0.5409995317
0.0079442700
0.4779767692
0.1358168870
0.0093124416
0.0254513435
0.7025488615
0.0195975732
0.0083426293
0.0439720936
0.0475834161
0.7963564396
0.6354337335
0.0286756232
0.0843765140
0.0158830583
0.0077379816
0.0033780502
0.9651983976
0.0280016717
0.0235262699
0.9637791514
0.0030418548
0.0044450061
0.0155287711
0.1985273659
0.0118012540
0.0372713879
0.0081499852
0.0062440056
0.2430379093
1.0118690729
0.5448051095
0.0431888551
0.7029141784
0.0129116140
0.0224222317
0.0397075787
0.0127508044
0.0053673484
0.0295835510
0.0049150791
0.1454602033
0.0705153495
0.0129986657
0.0029412159
0.0056480961
0.0088742673
0.4585324228
0.0099062817
0.0339001529
1.0573176146
0.0923710093
0.0047320370
0.2305122465
0.0193075687
0.0147888530
0.5054202080
0.0135155553
0.8283344507
0.0147947995
0.0328068398
0.0988406390
0.0054631680
0.9089456201
0.0040382827
0.0091238860
0.0031907316
0.6476380229
0.0791594908
0.0135730132
0.0380204916
0.0044374843
0.0368863679
0.4171517193
0.0040718364
0.0078684399
1.0619812012
0.0136692673
0.0174085554
1.0599504709
0.4436098337
0.1552928984
0.0052799457
0.0067458176
0.6799322963
0.0099416059
0.0052718460
0.0036329683
0.0607487112
0.0199857820
0.5375739336
0.0092563685
0.0205190014
0.2160405964
0.0221550632
0.0132370135
0.3543398678
0.2525852919
1.0825487375
0.0229856540
0.1065040603
0.0822457299
0.2071237564
0.2458952218
0.1324917823
0.0276455879
0.0041235574
0.0278727282
0.0097984374
0.0480072424
0.0127892522
0.1953231096
0.0050773253
0.0310556125
0.0102979541
0.0073148473
0.0312777907
0.0487706512
0.0216404200
0.0740070492
0.1664461344
0.0328650586
0.0073959166
0.2532160878
0.0044098869
0.0095749879
0.0172044951
0.3444852829
0.0070826076
0.0126416273
1.0371358395
1.0764007568
0.0043055047
0.0115667526
0.0253159739
0.0050488361
0.1165488064
0.0094891386
0.0145315388
0.0705043525
0.0454973355
0.5482749343
0.0227096509
0.7011976242
0.0039523495
0.0030181918
0.0499569364
0.0075006052
0.0073165623
0.0705160499
0.0053299060
0.0238932911
0.0150907813
0.9110047221
0.0099335024
0.0399332680
0.0145875923
0.0189577639
0.0316589102
0.0116002597
0.0722106770
0.0103845987
0.5575355887
0.0681561455
0.0103436885
0.0130886026
0.9076782465
0.1796119958
0.0033759293
0.0029905161
0.0087064337
0.1513648480
0.0031231360
0.4118353724
0.0496732257
0.0150706898
0.0062639983
0.0227519870
0.9768903255
0.1247123033
0.8512690067
0.2630065978
0.8055949807
0.3047949374
0.1234171242
0.0139867952
0.0265359320
0.0527454987
0.0248091910
0.0126489196
0.0203176513
0.0102653541
0.8303526640
0.0111293010
0.0280276984
0.0029439027
0.0338763632
0.0129454760
0.0041200672
0.0230428688
0.2065434009
1.0629293919
0.9718812704
0.0205613766
0.1256549358
0.6417005658
0.0159680229
0.1626421064
1.0431448221
0.9069280028
0.0036554222
0.0042465534
0.0074595474
0.0118705994
0.1965762824
0.0928237736
0.0628802180
0.0907234475
0.0113694053
0.0032862655
0.4923380017
1.0380133390
0.0057819975
0.1391050071
0.3941842914
0.7803528905
0.0062384922
0.0587251671
0.7217887640
0.0134479646
1.0641702414
0.0712023675
0.3133415580
0.0467438959
0.0169662349
0.0288330130
0.1744086593
0.0535108522
0.0155980745
0.0942726880
0.2371704429
0.0212566201
0.2275157720
0.0133039188
0.7048250437
0.7704845071
0.0088291988
0.0512412712
0.9985079765
0.0116830226
0.8175230026
0.0305126719
0.9124014378
0.0116600078
0.1055189371
0.0708981976
0.0306364615
0.0041095917
0.5364995599
0.4302912056
1.0741167068
0.0402352959
0.0089223189
0.1659089774
0.0033579490
0.7570152879
0.0515208058
0.2669047713
0.0179000143
0.0463742428
0.0066478518
0.8077778220
0.9635972381
0.0047351760
0.0090659587
0.3804920614
0.0269815587
0.0182296000
0.0124285892
0.8131023049
0.0732690543
0.0219593570
0.0032324486
0.0867309868
0.5090436935
0.0077464711
0.0895404443
0.0088032102
0.0031197548
0.0056826361
0.0183563977
0.0045771855
0.0035498068
0.0031060288
0.0230834577
0.5617462993
0.7908518910
0.0094229365
0.4343623817
0.0740727186
0.0378100239
0.3034240007
0.5441279411
0.4029965997
0.0139806885
0.0120180184
0.0099653536
0.0894606411
0.0056804987
0.0063927122
0.0121739488
0.0076217279
0.0313459933
0.3462758064
1.0004485846
0.9870212078
0.0407451838
0.9949744344
0.0552116819
0.7545863390
0.6652702093
0.0035042285
0.0030696001
0.0339025520
0.0707252994
0.0097060297
0.1280750185
0.0062643066
0.0888890028
0.6076183915
0.7250576019
0.6867306232
0.0187164452
0.0060840617
0.2732483149
0.0287841186
0.0595709607
0.0066514402
0.0219409876
0.0043056170
0.0588937327
0.0625234544
0.0093328245
0.6185478568
0.0048960145
0.0150630539
0.0045861686
0.0051003536
0.0310683679
0.0343660712
0.0044232821
0.0144068329
0.0067684925
0.6536926031
0.0063586482
0.0523540303
0.0292898566
0.0108916666
0.0252467096
0.0139144966
0.0123826209
0.0165274907
0.0197217837
0.0282984581
0.0255217683
0.0047418848
0.0716627464
0.0728578791
0.0095622400
0.0105837649
0.0052311327
0.6009490490
0.0037169803
0.5905967355
0.0343268625
0.0605931319
0.0427308492
0.1198659763
0.0583830439
0.0083298124
0.0034919456
0.0098993024
0.0160645060
0.0159848388
0.0103645874
0.0089756083
0.1150627434
0.4448819160
0.0056955847
0.0084446147
0.9888496399
0.0039459788
0.4217246473
0.3628491163
0.9032632709
0.0206402279
1.0514751673
0.0030695377
0.0069268504
0.0361138955
0.0075895516
0.0762430429
0.0145166880
0.0033134092
0.0197682865
0.0089119738
0.1795711517
1.0998561382
0.1926791966
0.0494854823
0.7094140053
0.5115920305
0.1460782290
0.0296622813
0.0578446202
0.0573547482
0.0187385119
0.0296131112
0.8839216232
0.0159821734
0.0183577593
0.0159329958
0.0076861596
0.1205451414
0.0081396662
0.0062644281
0.0110189831
0.8350871205
0.8533236384
0.0205488373
0.0338593684
0.0087232348
0.5400821567
0.0054599363
0.0077010780
0.2248517722
0.0052157799
0.0127640227
0.0903527066
0.2279867679
0.5053340793
0.1987667382
0.0135690225
0.0152003253
0.1121358126
0.0261620618
0.1085504144
0.0029595373
0.0110672452
0.0328181610
0.0587235466
0.0473707877
0.0043545663
0.0037793010
0.0144110098
0.4068354368
0.6031740308
0.0618827157
0.0258761104
0.0277891718
0.0270330738
0.8834728599
0.0698070228
0.0056902445
0.3533202708
0.1981004924
0.0071156425
0.0773826763
1.0937120914
0.9692966938
0.0574070066
0.8498136997
0.0059434175
0.0083700214
0.0682668313
0.1788604259
0.0194831323
0.4714440107
0.6477811933
0.2784536481
0.2463472337
0.5526806116
0.0036496243
0.0620078556
0.4289422035
0.8621327281
0.0096813226
0.0170541592
0.0716257766
0.0236749556
0.0311325919
0.1909729093
0.1055717319
1.0012217760
0.0033774180
0.0169683285
0.0226985235
0.0088325012
0.0298882611
0.8465245962
0.8930951953
0.2725837529
0.5534586310
0.0202980284
0.0032480536
0.0299087055
0.2514032423
0.1397317648
0.0054172166
0.0105675636
0.5867788196
0.2920974791
0.0446631834
0.0073920288
0.0195568763
0.0051087583
0.1559762806
0.0299242884
0.0404467881
0.0041087912
0.0728113726
1.1433577538
0.0091698710
0.0410296135
0.0078278976
0.1594368815
1.1009538174
0.0225904435
0.0058247522
0.6556077003
0.0230009072
0.1001048237
0.0253944583
0.0318046175
0.0136558553
0.0130317677
0.0031543006
0.0074628941
0.0075527010
0.0040572039
0.7989754677
0.0093912976
0.0226533823
0.0120962383
0.4028663933
0.2593888938
0.0039649201
0.9137346148
0.0664492771
0.0178732015
0.0120766470
0.0240578447
0.0077792751
0.0069434308
0.0161651000
0.0169528909
0.0124658030
0.0035434924
0.0051439381
0.0265500899
0.0293459967
0.0133891152
0.0067622019
0.0172964949
0.0061585219
1.0715832710
0.0038425124
0.0055218004
0.0058106133
0.0246930066
1.0193912983
0.0497860536
0.0057108379
0.0085386084
0.4550888538
1.0568106174
0.0042880396
0.5584958196
0.0152865220
0.0135111846
1.0253227949
0.0031169448
0.0144396797
0.0231523756
0.0109873824
0.0110918796
0.9674955606
0.0053059245
0.0115603469
0.0113037350
0.7312049866
0.2575713694
0.0162041150
0.0303135831
0.0088605341
0.0176278837
0.0158132985
0.1803906113
0.0045276065
0.0724881887
0.0034450307
0.0035538806
0.0136988955
0.0086717391
0.0292090531
0.0962832272
0.0089443857
0.0226649735
0.0246333685
0.0189756621
0.0033414173
0.0503448173
0.0178202167
0.5688179135
0.0249722525
0.0467428006
0.1155343205
0.0436815843
0.0264647584
0.0195416976
0.0045350390
0.9085616469
0.1797166020
0.0374179520
0.0034927025
0.2508094311
0.0087234490
0.0202935729
0.0127894850
0.0236364417
0.3808755279
0.0303671472
0.0327749923
0.5443390608
0.3982884586
0.2034631371
0.1124422848
1.0308692455
0.0407323614
0.0371948592
0.8958269954
0.0084110769
0.0034521958
0.0187813770
0.0044760257
0.0047928863
0.0068347054
0.0239898171
0.0195669271
0.0139651122
0.0184539128
0.0236170292
0.5914207697
0.0346829034
0.0244946145
0.0135377999
0.0196968671
0.0039018113
0.0193037633
0.0115015414
0.2815378606
0.0033434343
0.6717561483
0.0111475354
0.1015794724
0.0351408198
0.0050840322
0.8037317395
0.0033784301
0.0296209492
0.0303059425
0.0175680928
0.0169652868
0.0418662317
0.6629815102
0.0394358635
0.0036554632
0.0579132214
0.0675375611
0.0043801907
0.0068744882
0.5745050907
0.1351549625
0.0319007747
0.5394506454
0.0132580455
0.0043578609
1.0927608013
0.0108300764
0.0506772026
0.1663460433
1.0541278124
1.0176882744
0.0060638548
0.0090821721
0.9454019070
0.0562424175
0.0674861446
0.0160535779
1.0610967875
0.3699964583
0.0132219950
0.5977979302
0.0265940838
0.4236200750
0.0201657955
0.0196106192
0.0311123580
0.3437863588
0.0071299779
0.0549741834
0.0108246636
0.1275524944
0.0071814880
0.0052321493
0.0191714335
0.0121180443
0.0323338024
0.0081170844
0.0908509865
0.0699054152
0.3140418828
0.0148199117
0.0033306489
0.8648083806
0.1006949991
0.0331706330
0.0184149072
0.0088893184
0.0358231328
0.1657661200
0.3747227490
0.0977412090
0.0667881444
0.0091896998
0.0067979530
0.0086191101
0.0052045938
0.0872588754
0.0594686903
0.5148710012
0.0119978674
0.7200915217
0.0315587521
0.0347886309
0.0040935138
0.0292309970
0.0031948332
0.0103297951
0.0305127762
0.0508760326
0.1493675560
1.0992029905
0.0267555974
0.0591371320
0.0185664222
0.0540284999
0.0037992196
0.1296280921
0.0486422516
0.0035728372
0.0150313023
0.0494118705
0.0172994696
0.0054075397
0.8940963745
0.0163009334
0.0032537209
0.3748128712
0.0506081022
0.0340609439
1.0708237886
0.6145629287
0.0035650977
1.0154447556
1.1157312393
0.0432812870
0.2530532181
0.0273799580
0.0617296286
0.0415163971
0.0466506369
0.3758835495
0.3121691644
0.0034625130
0.0167221297
0.5735795498
0.0179893021
0.9959061146
0.4277900755
0.0094556957
0.0213884525
0.0340950415
0.4200053811
0.6220755577
0.5408862233
0.0048175612
0.3746915162
0.0082003996
1.0612953901
0.3817877173
0.0617832430
0.0099761700
0.3401088417
0.2494780868
0.0134826032
0.0476983227
0.1029485762
0.0228853002
0.0287933685
0.0128211398
0.2485501319
0.0439049900
0.8883852363
0.4007175565
0.0176522080
0.0036241205
0.0091579165
0.0070693404
0.0441916883
0.2156635374
0.0797956064
0.6118787527
0.0059542079
0.1079442576
0.1198344603
0.0180344321
0.0061588194
0.0098211644
0.0072271945
0.0062730405
0.0062676659
0.0121127358
0.0196010768
0.0105696265
0.1368759871
0.2329776734
0.0313139297
0.0749330819
0.0834327489
0.9951225519
0.0980343148
0.0108084008
0.0173563045
0.0352246873
0.0198899005
0.0179480221
0.0836248249
0.0100554070
0.0191884637
0.0101040360
0.0037495720
0.0304003786
0.0040684226
0.1063399240
1.1338697672
0.8591314554
0.0119791720
1.0876686573
0.0513906851
0.2305178791
0.0169117600
0.0346148349
0.0228557624
0.0044158176
0.0038220109
0.0525208786
0.0397218056
0.8216073513
0.0042521199
0.5149462819
0.0058376510
0.9427180290
0.0055323956
1.0940901041
0.0050589619
0.0179440081
0.0105071282
0.0128918886
0.0222809389
0.0030102876
0.0126275504
0.0089972178
0.6755222678
0.0434783921
0.0033400371
0.0036845950
0.0286348332
0.0496530831
0.0305525735
0.0032324800
0.9494442940
0.0145928916
0.0217314139
0.2183604836
1.0961037874
0.0120360907
0.0753585398
0.2539615035
0.0121461125
0.9903298020
0.0099188201
0.0101643819
0.0030886228
0.0242531784
0.0050229304
0.9063215852
0.0149636175
0.0098688267
0.0549933612
0.0091540888
0.0116449082
0.0219970867
0.1068731993
0.2099369466
1.0886934996
0.9817976356
0.0147256637
0.0064549069
0.0040443824
0.0307259336
0.7104051113
0.0268514026
0.1175155342
0.0340961777
0.0358599387
0.0543896891
0.1596504897
0.0072817318
0.0257895160
0.0156787522
0.0090531912
0.0119462954
0.7161549330
0.1063392684
0.0033724161
0.0271883868
0.0468627103
0.0439764671
0.0049163280
0.2196427435
0.0048643844
0.0158214215
0.6280259490
0.0669637248
1.0171092749
0.0381941609
1.0600688457
0.1267119497
1.0176340342
0.4096721113
0.0110530471
0.0527419522
0.8225357533
0.0835404024
0.0308403969
0.0149740018
0.0060521052
0.0128516164
0.0159198269
0.0285349786
0.0116702039
0.4182654917
0.0049109668
0.1235813498
0.0197138544
0.2469299883
1.0689692497
0.0564075820
0.0145806903
0.0664603487
0.0058502182
0.0116490405
0.0166852903
0.0139620965
0.0089656534
1.1059833765
0.0305935536
0.0247113165
0.0416174382
0.0041025379
0.8850929141
0.0161896758
0.0039311396
0.9593847394
0.0064251511
1.0830131769
0.0141595714
0.0250890646
0.0704639480
0.0467338897
0.9574648738
0.0109913433
0.0045751352
0.0117146475
0.0075491164
0.0061056721
0.7518337369
0.2397271991
0.0039441399
0.0049359892
0.0099533107
0.0196933318
0.2698063850
0.0067924336
0.6879235506
0.0406563692
0.0038231681
0.3787005842
0.3056436479
0.0527161621
0.0043836744
0.0223208684
0.8026652932
0.0029402717
0.0194484871
0.0679161921
0.3188613653
0.3373263180
0.2774189711
0.0271312632
0.0094576869
0.0090282867
0.0365219824
0.0152780311
0.0030306170
0.0225856900
0.0188823063
0.0393535160
0.0196928699
0.0348538086
0.9821350574
0.0542852618
0.0619158857
0.0718961433
0.0305210184
0.0174514409
0.0389286503
0.0090892417
0.0063751782
0.0147280963
0.9717225432
0.0034447603
0.0098465728
0.0046726763
0.0216328576
0.9573941231
0.0104610436
0.3244322538
0.0707655624
0.0180099588
0.2221372128
1.0287268162
0.4572657049
0.0033454301
0.1075472087
0.0206694342
0.0125205228
0.0051502702
0.0089058708
0.0536961071
1.0337289572
0.0108601879
0.0217175130
0.0272216368
0.0329948366
0.0567040741
0.0090185683
0.0490328558
0.0332060233
0.0066417819
0.1221923232
0.0382839926
0.0953192487
0.0333900340
0.0519418865
0.0229120404
0.0243991353
0.0097463401
0.0120890746
0.0040408052
0.9275774956
0.0385074392
0.9263116717
0.0207172632
0.0038068583
0.0055429568
0.0041743820
0.0129298707
1.0252771378
0.0097011300
0.0122745102
0.0456161164
0.0031032329
0.0099563859
0.0569977164
0.0289548822
0.0259239934
0.0145662241
0.0066699865
0.8341622353
0.0420969017
0.0067633428
0.0047135483
0.0031626120
0.0074850512
0.0280606616
0.0443466306
0.0097518209
0.0043965508
0.0165879801
0.0253726095
0.0077221785
0.9208655357
0.0160358287
0.8880417347
0.6377602220
0.0126394164
0.1590747684
0.0082619842
0.0083524697
0.0261469595
0.0148235997
0.0034384746
0.0791003108
0.0038379878
0.0097273868
0.2232193202
0.0522287637
0.0076374183
0.0099963285
0.1275730431
1.0852285624
0.0053906678
0.0196596552
0.0065060267
0.0191344377
0.0272636339
1.0291503668
0.0052724760
0.0030219208
0.0116057992
0.9189168215
0.0279588047
0.0655857325
0.0068514091
0.0381543487
0.0136458501
0.0076013934
0.9299114347
1.0003914833
0.0103473794
0.9818031788
0.1704492420
0.0095112408
0.0219993312
0.0676093549
0.0148350159
1.0789204836
0.8552050591
0.1637443900
0.8788353205
0.8640235066
0.0048877518
0.0072818608
0.0092347218
0.0069366242
0.0693438351
0.1995986551
0.0045817820
0.0310977921
0.0086132139
0.4488806427
0.2085884362
0.0037436164
1.0343725681
0.9500443339
0.0090998169
0.0537492558
0.0087085320
0.2218517810
0.0166647602
0.0321080126
0.0590163432
0.0100659681
0.5430538058
0.0069014095
0.0042357100
0.0039887396
0.0304692518
0.1125400588
0.2379701883
0.7353470325
0.0052465266
0.2509161830
0.0083626602
0.2000781894
0.0183100943
0.0030251935
0.0373530500
0.0046162000
0.0078438474
0.0040945467
0.0830177814
0.0160062313
0.0042216587
0.6528981924
0.0240898877
0.0074783941
0.2168629616
0.8239958286
0.9730257988
0.8769265413
0.0149699440
0.0117910011
0.0395345762
0.0141480090
0.0066053639
0.0104742656
0.0614808425
0.0110604167
0.0588746965
0.3805115819
0.0395367853
1.0100791454
0.0050432421
0.0131702442
0.0030152746
0.0582302362
0.0103792278
0.0100252824
0.0695582032
0.0137321092
0.9599574208
0.0573848560
0.0029667604
0.0079673752
0.4262106419
0.0379187092
0.0123882601
1.1570297480
0.0043245596
0.3232412040
0.0079084178
0.0099888807
0.0967134535
1.0334097147
0.0077366615
0.0239884611
0.9484364986
0.0040889964
0.0234791972
0.0081742797
0.0154804066
0.1271504909
0.0231740810
0.9664397240
0.9731116295
0.0286769252
0.0597183704
0.0142021962
0.0174130145
0.0135066826
1.0379984379
0.0119851483
0.0877984986
0.0938800424
0.0448756143
0.8185356259
0.0318657644
0.0115979444
0.5170620084
0.0122400625
0.1680814177
0.0276749935
0.0239523277
0.1282220781
0.0099738482
0.0038488256
0.0043027550
0.0033683276
0.9467567801
0.0308413878
0.0098495390
0.0461590104
0.0103951395
1.1102367640
0.0168663207
0.0065641375
0.0672065467
0.0173584651
0.0235625729
0.0095667420
0.9437218308
0.9294614792
0.0048212693
0.4502600431
0.9114711285
0.0100809531
0.0029494520
0.0456900932
0.0368799828
0.0083638811
0.0377682596
0.1401842833
0.0157704242
0.9038081169
0.0103753796
0.0238274112
0.9968668222
0.0462761968
1.0357583761
0.9741345048
0.9159474969
0.4909634590
0.0046255169
0.3922186792
0.0144738965
0.7893599868
0.0133330682
0.0068124686
0.0190150701
0.0077092908
0.0291935578
0.0082321037
0.0714005232
0.1633469760
0.0421765968
0.1586346775
0.0856746286
0.7271078825
0.0072313757
1.0699948072
0.1582449228
0.2519093156
0.0065427194
0.3609912395
0.0187347233
0.0052395002
0.0156399235
0.9765532613
0.0047687227
0.3329089582
0.0672053918
0.0041370597
0.0030952278
0.0267418195
0.0612972155
0.0702810138
0.0290536247
0.0034837055
0.0498944148
0.0462200716
0.0249014404
0.7560748458
0.0576280653
0.0185217075
0.0330205522
0.0124777332
0.8592189550
0.0265386812
0.0240004659
1.0275393724
0.8257670403
0.9727599025
0.0225873161
0.0084432587
0.0106506217
0.0081280135
0.0156980176
0.0134692537
0.0054974356
0.0663128868
0.6839285493
0.9724134207
0.0076902285
0.0130080888
0.0326975882
0.0453319065
0.6564972997
1.0359271765
0.0560034849
0.0214010030
0.0316324309
0.9951689243
0.0210670698
0.2779052556
0.0470298901
1.0860712528
0.0095894458
0.0033814379
0.0141946245
0.8700546026
0.0083916569
0.0059351837
0.0559217744
0.0362734385
0.0284191873
0.1168925539
0.5577967167
0.0132062994
0.6227796078
1.0711150169
0.0391943567
0.0318864435
0.0109779313
0.0088706119
0.9829604626
0.0033653337
1.0918194056
0.0056423135
0.0621751659
0.0104695885
0.3987798691
0.0089121945
0.0041899704
0.0046491972
0.9891746640
0.0096279634
0.0235766191
0.0047105304
0.0091148382
0.0136310132
0.0722189099
0.0120941130
0.0116640693
0.0359632336
0.0280824024
0.0116548268
0.0255260188
0.0077437791
0.0148949604
0.0413184129
0.0060909069
0.0352419838
0.0061930120
0.0219666511
0.0035442060
0.8587914705
0.0065089958
0.0048329509
0.0915926918
0.0359970517
0.0120406859
0.1091783717
0.2687278986
0.0216027666
0.0088470913
0.0312816128
0.6476603150
0.2099253535
0.0336333774
0.0096454443
0.0069446652
0.0110697290
0.0155162970
0.0175146181
0.0161737148
0.0186098963
0.4675861597
0.4744764864
0.0868526325
0.2819316685
0.0251041297
0.0112258159
0.0091920495
0.0106104733
0.0475370586
0.0220638979
0.0468182676
0.8216279745
0.0215750821
0.0160015635
0.9186133742
0.9906723499
0.0320282094
0.0188578553
0.0292788055
1.0027558804
0.0157270562
0.0036548516
0.0058736028
1.0997291803
0.0211362336
0.0822737589
0.0031208568
0.0296648312
1.0609365702
0.0060261250
0.0196342468
0.6470571160
0.0218389481
0.0137418117
1.0857553482
0.0090589505
1.1183655262
0.9300814867
0.0052678753
1.0373537540
0.0029303760
0.0055056927
0.0096702613
0.0104131941
0.9618781805
0.0458846949
0.1867391169
0.0189095996
0.0928709581
1.0755169392
0.0160271917
0.0029817750
0.1563532352
0.0377448648
0.0682673529
0.0210294146
0.0051138070
0.0033840099
0.5276088119
0.0131711019
0.0363015942
0.0449511223
0.0606571771
0.0265485421
0.0522628576
0.0032029548
0.0212012082
1.0953983068
0.0031234459
0.0048985784
0.2744323015
0.2815347314
0.0193946883
0.0893166736
0.0464406051
0.0038158682
0.0240535885
0.0154712107
0.0845025182
0.8958469629
0.0552994199
0.0323558524
0.0341926217
0.0530870855
0.0390076265
0.0042115608
0.0708614886
0.0070711924
0.1197849661
0.0031146139
0.9821901917
0.0585255735
0.0032529081
1.0347411633
1.0976636410
0.0363608561
0.0106529556
0.1006159484
0.0111773014
0.0166237578
0.0120195989
0.0190456286
0.0145199671
0.3882350028
0.0094642472
0.0090249144
0.0377167203
0.0460051745
0.0039041184
0.0104812542
0.0739200339
0.0280468296
0.0109736742
0.0884361938
0.0083425641
0.0147212911
0.0141426716
0.0071002594
0.8264357448
0.0436850339
0.0352764204
0.0391340628
0.0030572270
0.0139476145
0.0251747780
0.0121279452
0.0035779704
0.6363345385
0.9465048313
0.0056317197
0.0033695151
0.4996323287
0.0503585078
0.0130044688
0.0036461633
0.0054984451
0.0095193284
0.0077335518
0.0198610313
0.9030084014
0.0437263660
0.0100053102
1.0076668262
0.0058477330
0.0091277556
0.0043728524
0.0372600108
0.0151902782
0.0170710944
0.0035661212
0.0346756279
0.0077419942
0.0523268096
0.0535635687
0.0439190529
0.0040468406
0.9601768851
1.0177903175
0.0726720318
0.0571774505
0.0034088632
0.0593923852
0.0127182854
0.0074694739
0.0077036349
0.0086601824
0.0262764711
0.0070464835
1.0879700184
0.1080265865
1.0717996359
0.8683747053
0.0489867739
0.0143104680
0.0188661125
0.0882617906
0.0144189205
0.0037812113
0.0082965726
0.8430335522
0.0781543404
0.0276095457
0.0269909892
0.0044019739
0.1463748664
0.0130400993
0.0121492231
0.0095463684
0.7241757512
0.1889003962
0.0415788218
0.1301004440
0.9932867289
0.0066289590
0.0389879048
0.0091956109
0.0511394702
0.0048704948
0.0410298593
0.0100290235
0.0204112865
0.0395814404
0.0176405199
0.2934246957
1.1583737135
0.0759222135
0.4130665362
0.0102952812
1.0789924860
0.0314927511
0.0221182778
1.0416101217
0.0044458769
0.0102020158
0.9856719971
1.0920175314
0.8848606348
1.1016221046
0.0095864115
1.1469955444
0.6128838658
0.0307351053
0.0587384440
0.0256109592
0.0719147027
0.0122002512
0.0283229761
0.1313671172
0.0213712975
0.1413491964
0.0076012928
0.0713580623
0.0070057088
0.0767511055
0.9975645542
0.8793442249
0.0076288441
0.6804860234
0.2141492367
0.0107103335
0.0045776838
0.3128554523
0.0073479065
0.0065214373
0.0044641071
0.0059093852
0.0203095581
0.0241954718
0.0169681311
0.0042617037
0.0356226973
1.0416126251
0.0135958707
0.0060879751
0.0175303314
0.0199105665
0.0030143054
0.1062200367
0.1806612164
0.0166143905
1.0100089312
0.8703868389
0.0750173479
0.0089526130
0.0367022268
0.9990313649
0.0071461503
0.0069183265
0.0095886653
0.0128527563
0.0107098361
0.9516359568
0.0204395875
0.0057364181
0.0641310215
0.0378795750
0.0556766093
0.0266501512
0.9173315167
0.9494054317
0.0187870245
0.0038430598
0.0092628160
0.0161758605
0.0071897968
0.0306883138
0.0057310322
0.0033593327
0.0187979322
0.0057585803
0.0079745119
0.0065609058
0.7123848796
0.0058341161
0.0080072237
0.0669866577
0.2818698883
1.0256279707
0.9214143157
0.0283677951
0.2391254306
0.9689915180
0.0128707662
0.6287251115
0.0084262053
0.0083226953
0.9935880303
0.0047796774
0.2020880282
0.0178276096
0.0127352141
0.0144598801
0.0080150422
0.0668359548
0.0079136873
0.9042637944
0.2908374071
0.0123261716
0.0030912613
0.0063806805
0.7729147077
0.0034871411
0.0056010457
0.1586751342
0.0116449483
1.0177805424
0.0083889225
0.0688359737
0.0030525746
0.0057048677
0.0301205311
0.9555650949
0.0043451996
0.9972547889
0.0161765385
0.3299664259
0.0041770400
0.0100943428
0.0796752349
1.0618579388
0.0668932945
0.0050207949
0.0058805267
0.0435110889
0.0480378345
0.8307927251
1.0560911894
0.0031285945
1.0276422501
0.0043750033
0.1017166898
0.1682043523
0.0029754692
0.7545034885
1.0209629536
0.1793673187
0.0029807694
0.0062208171
1.0605938435
1.0103743076
0.0101617305
1.0674977303
0.0040990906
0.3567368686
0.6760756969
0.0174552519
0.0093920492
0.0944282487
0.0748720989
0.1266184896
1.0996680260
0.3705296218
0.1446597874
0.0165468771
0.0743199512
0.3814043999
0.0225603636
0.2813872397
0.1864868253
0.1089928672
0.0165400542
0.0164545272
0.0139534408
0.0251738671
0.3602499962
0.0051958566
1.0178809166
0.0089756679
0.2264820933
1.1012258530
0.0656915009
0.7980303168
0.5845116973
0.0165480115
1.0693293810
0.8727517128
1.0228624344
0.0138903214
0.0115270326
0.0047352230
0.0157520771
0.0065122615
0.0165441502
0.0078681558
0.0295541771
0.1329467893
0.9892762899
1.0642676353
0.0189844221
0.0515984930
0.0161656756
0.0416296907
1.1167887449
0.0096538803
0.0318576917
0.0317340791
0.0220420249
0.0133820269
0.0060263397
0.0152863804
0.0337891541
0.0188680254
0.6969813108
0.0265520159
0.3376949728
0.0317436643
0.0088496068
0.0068948176
0.0062382608
0.1236717105
0.0896249786
0.2452726513
1.0572830439
0.0326707289
0.0553144030
0.5786951780
0.0088589108
0.9287764430
0.0214135218
0.0108229835
0.0030574154
0.0118097253
0.1547221988
0.0096236700
0.0292687118
0.0378500000
0.0126511920
0.4469181299
0.0292181000
0.0184654072
0.0056305244
0.1553122401
0.5869139433
0.0196936522
0.0111102024
1.0309567451
0.8568133712
0.0030628501
0.0197704304
0.8297148943
0.0075206980
0.0550016053
0.1303909421
0.0052181212
0.0041441242
0.0306539331
0.9611135721
0.4495564401
0.0142453294
0.0118802208
1.0221042633
0.0210520793
1.1172003746
0.0192044973
0.0337898433
0.0037488420
0.0215266664
0.0092044966
0.0340178274
0.0047501558
0.4506124258
1.0096685886
0.0055587264
0.0251327176
0.0279456526
0.0135891298
0.8917344809
0.0176509377
0.0067243665
0.0079308003
0.0075655021
0.0191097707
1.0960448980
0.0190487783
0.0032911771
0.0081199212
0.6190905571
0.0048536155
0.0052470169
0.0111489445
0.9702396989
0.0067327381
0.0095207496
0.4023139477
0.0977727547
0.0137906866
0.0577342138
0.0283668507
0.0046045464
0.0288256407
0.0277329478
0.0141128199
0.0243495479
0.0088917734
0.0065848762
0.7398757935
0.0507670343
0.0399726033
0.1160287932
0.0182158854
0.9527935982
0.3480271101
1.0975060463
0.0198093709
0.1008555070
0.0118867327
0.9127162099
1.0117075443
0.0324931890
1.0036853552
0.0194907505
0.0635823607
0.0044292272
0.6699202061
0.0058909999
0.0509421229
0.0061778645
0.0053394996
0.0034584985
0.0259961132
0.0087725734
0.0038459280
0.9105748534
0.0108684208
0.0112727648
0.0800687969
0.0162534639
0.0133640217
0.0122832684
0.0241250210
0.0092853503
0.9049860835
1.0622968674
0.2040870488
1.0082492828
0.0152226742
0.0066912202
1.0138818026
0.0040824045
0.0033667979
0.0102190990
0.0102749979
0.1661517024
0.0433403887
0.1881981194
0.0784734190
0.0548241325
1.0716675520
0.0199195258
0.0187586565
0.0221420452
0.0391993634
0.0219728388
0.0063318866
0.0081560053
0.0085498970
0.0287640784
0.5675331354
0.0091392994
0.0211209413
0.0238330700
0.0051707332
0.2629970908
0.6009213328
0.0463375114
0.3588916957
0.4373317659
0.2798721194
0.2386578172
0.0227163099
0.0031667533
0.0068026744
0.2520509958
0.0886963755
0.9029675126
0.0200966075
0.4669921398
0.0042970423
0.0042980257
0.0600956865
0.0097057186
0.0722933635
0.0050760396
1.0402350426
0.0397474393
1.0725599527
0.0095386915
0.0844321474
0.0086073335
0.0091594020
1.1257066727
0.0049117641
1.1312667131
0.0440168045
0.1722059101
0.9234222174
0.0041589565
0.0046334690
1.0367723703
0.3038031459
0.0607429929
0.0197504461
0.6433974504
0.3359783888
0.7287148237
0.0047652391
0.0207240842
0.0452887863
0.0099692624
0.0104227699
0.0033161866
0.0206958316
0.1074706763
0.0077265669
0.0132466331
1.0165424347
0.0031424202
1.0419991016
0.0252901800
0.0227519870
0.9888852835
0.0742778182
0.0155827031
0.7975427508
0.0046710121
0.0038194798
0.0052358336
0.0065410580
0.6835787892
0.9407673478
0.0358622260
0.0186410863
0.0148389731
0.0302053373
0.1599256098
0.0095841251
0.0221898817
0.0063876705
0.0088538490
0.5154914260
0.2311961204
0.0074582943
0.1819281727
0.0803278908
1.0092242956
0.0053307633
0.0126409307
0.0188094154
0.0143978503
0.4048941433
0.0074794153
0.0267785713
0.0080700554
0.0043084412
0.0117875868
0.6709142327
0.0037445365
0.0157264713
0.0060214759
0.0069490667
0.1047538593
0.0315327048
0.3956314921
0.0077271168
0.0101857372
0.0175329968
0.0051241838
0.0710153207
0.1723363847
0.0579683408
0.7668579221
0.8341853023
0.7256639004
0.0046140524
0.1226704121
0.0097203618
0.7991080880
0.0031265973
1.0638409853
0.0122308629
0.0326364264
0.0035429774
0.0559576936
0.5154513717
0.3976448774
0.0189130306
0.0097591178
0.8752225637
0.0092074405
0.0203813221
0.0342641994
0.0473609380
0.0071335873
0.0035473986
0.2996299267
0.9866665006
0.0050567323
1.0186140537
1.0791894197
0.0039643710
0.0131434351
0.0334372073
0.0097454237
1.0195488930
1.0206588507
0.0150036067
0.0257683061
0.0569779985
0.0213730000
0.9645000696
0.0158533100
0.7741628885
0.8187355995
0.0262069926
0.0340138450
0.0070978962
0.9984936714
0.0204277895
1.0446923971
0.0098822415
0.5481563210
0.0053306399
0.0031699007
0.0188413579
0.9532390833
0.0240024757
0.0829506293
1.1073917150
0.0683216676
0.7040789127
0.0034951614
0.0243993588
0.0104098404
0.9846580029
0.4558057785
0.0324829258
0.0239997450
0.0139968609
0.8632215261
0.9648938775
0.1414035410
0.0216187183
0.1790456325
0.0111600338
0.0198522974
0.1646177471
0.0291394554
0.0677166283
0.0129770925
0.0029718101
0.0187536851
0.0590819865
1.0725641251
0.9002834558
0.0379281342
0.0184993483
0.0372351520
0.0047048810
0.5891113281
0.0103819231
0.0035967634
0.0115402089
1.0290617943
0.0153278373
0.0032425018
0.0043444466
0.0189216994
0.0063635926
0.0074242176
0.0067754900
0.0827543586
0.0492583513
0.9988890290
0.0052601886
0.0834878907
0.0209104959
0.0278366879
0.9981681705
0.0031371531
0.0150841717
0.0170548074
0.9694857001
0.6898837686
0.0036605187
0.0293005314
0.9342959523
0.0267431568
0.0144467950
0.0068857153
0.0514265411
0.0569761246
0.3871888816
0.0080350665
0.0306115802
0.8500858545
0.0107266447
1.0444027185
0.0151933292
0.9275009036
0.0060026036
0.0074011083
0.0894841850
0.0051197750
0.0109659033
0.0085374750
0.0054489342
0.7381663322
0.4978442490
0.0348420739
0.0309427958
0.0411926433
0.0034114569
1.0786821842
0.0404938608
0.0446644612
0.0200794619
0.0049523371
0.0709323436
0.0046097534
0.0148219895
0.9181973934
0.0049044825
0.0058885412
0.3991155922
0.6445507407
0.0038364567
0.0077941050
0.0409333110
0.0029531145
1.0223915577
0.0514672361
0.0139191868
0.0063678478
0.7467181683
0.0267311819
0.0529700518
0.0301079992
0.0084671341
0.0096790744
0.0157436691
0.0364286490
0.0042527183
0.0422791839
0.0876461118
0.0193664972
0.0031327480
0.4146449566
0.0095390463
0.0063911071
0.0076199593
0.9000801444
0.0081700729
0.0060695987
0.0105655165
0.0567204244
0.0044966252
0.7617590427
0.0067523858
0.8947131634
0.0089751473
0.0088030295
0.6860383153
0.1386769861
0.0768457651
0.0421075001
0.4446409643
0.6883452535
0.0423985720
1.0627059937
0.8852837086
0.0836834535
0.0089371772
0.2292702347
0.5341150165
0.0047719213
0.2282129675
0.2813121378
0.3959000409
0.0452806316
0.7842365503
0.0116871307
0.4735562205
0.6772696376
0.1192427427
0.0044433908
0.0033224209
1.0077440739
0.0037312468
0.0266174134
1.1179020405
0.0590604544
0.0196360983
0.7950695157
0.3014208376
0.0194414854
0.0550653003
0.0033732525
0.0182424765
0.9177725911
0.0618691668
0.3567513824
0.0288042352
1.0325292349
0.0195275620
0.0559296608
0.0048594344
0.0095705763
0.0439515039
0.0075166593
0.0220398884
0.0063609025
0.7439017892
0.0164318290
0.3553223014
0.0168563873
0.0441620611
0.0284190532
0.0063920962
1.0384526253
0.2347348630
0.3067476749
0.0180887524
0.0049329544
0.0249375552
0.7706304789
0.0407155491
0.8072808385
0.0121635962
0.9049420953
0.0806199089
0.0333844088
0.0277369581
0.0125325331
0.0436841808
0.0119873825
0.0366659760
0.0149411680
0.0038671263
0.1643559784
0.8333036900
0.0194791816
0.0661040246
1.0755081177
0.1649083197
0.4077339768
0.0245355126
0.0065804794
1.0172830820
0.0111018494
0.7916437984
0.0576193444
0.0234418288
0.7113622427
0.1411324292
0.2352875769
0.0042123138
0.0284165628
0.0582691431
0.0046289111
0.0072746552
0.9887377620
0.3280903697
0.4692447782
0.0033155973
0.8962844610
0.0242768470
0.7981809974
0.8576900363
0.3962558806
0.6995372772
0.0039698430
0.0026831247
0.5877513289
0.0311120432
0.0046670167
0.6975712180
0.0055577061
0.0241973549
0.0933488756
0.0050702337
0.0231249966
0.1760952622
0.0129389623
0.8720389605
0.0052790516
0.0100934068
0.0289983228
0.0766095221
0.0147294505
0.0334065817
0.5221678615
0.2159741074
0.0144281797
0.2154030800
0.0607514158
0.4753344953
0.0175426174
0.0256453324
0.1552484632
0.1131655276
0.0051058722
0.0682169721
0.0950333253
0.1399267763
0.0186877698
0.0177865569
0.0116712255
0.0292569418
0.0034517222
0.0035448135
0.0045210980
0.0245944746
0.0130421780
0.0081314417
0.1945870519
0.0036448319
0.1698317826
0.0104371933
0.0703286901
0.3685317636
0.0368576236
0.5393338203
0.0163326133
0.0037558544
0.1433339566
0.0044085616
0.0102916760
0.3988385797
0.0918258280
1.0388416052
1.0179636478
0.9842945933
0.0593379624
0.1591545045
0.2226058990
0.0030367989
0.7327963710
0.6432732940
1.0680027008
0.3800005317
0.0306137614
0.0735428706
0.0271379873
0.0568410419
0.8605278730
1.0837235451
0.7563653588
0.8488983512
0.0342190154
0.0329710618
0.0119975442
1.0787656307
0.0080762375
0.0153414244
0.0035886785
1.0110127926
0.3316954076
0.0161721427
0.0143787684
0.0264523253
1.0350505114
0.0540486388
0.1793257743
0.0035682381
0.1461369246
0.0517739728
0.0043622912
0.0128809325
0.1437752545
0.6819109917
0.0118988948
0.0785367265
0.0077870325
0.1205456704
0.0232313015
0.0556199811
0.0129962722
0.3257578015
0.0160280075
0.0721352622
0.0109265381
0.3619296551
0.0036930810
0.0972964317
0.0634130388
1.0795276165
0.9501867890
0.9860016108
0.0058263000
0.0623055957
0.9649325609
0.9044044614
0.0038557835
0.0243871044
0.0031619743
0.0704762936
0.5948451161
0.0434266515
1.0479871035
0.0034999992
0.0047943345
1.0473905802
1.0176436901
0.0250078533
1.0452359915
0.0056005572
0.9910889864
0.0287026577
0.0120547451
0.0582867339
0.2742789090
0.0469111949
1.0469264984
0.5273881555
0.0041272403
0.6087395549
0.0313878097
0.0616129749
0.0150780519
0.0142607270
0.0090936050
0.0406310037
0.9403020740
0.0285531934
0.0121184895
0.4803611934
0.0188050661
0.0091686537
0.0255192742
0.0043392307
0.0076768976
0.0041853171
0.0066596186
0.0158251636
0.0540555343
0.0069608954
0.0057039401
0.0234686788
0.0077561447
0.0433138348
0.0035508932
0.0041595539
0.0061810263
0.0130644869
0.6058315635
0.1437667012
0.4458605945
0.9343516827
0.0541989319
0.0364038274
1.0016696453
0.0038010194
0.0060282242
0.0088768024
0.4412607253
0.1212773398
0.0125407465
0.0106583890
0.8564776778
0.9338890910
0.2588928640
0.0358385220
0.8498592973
0.7479070425
0.4305762053
0.0104285069
0.0379548445
0.0032978919
0.0346968584
0.0314450301
0.0235216618
0.2803763151
0.0029154846
0.0073602623
0.0121638943
0.0127081005
0.0334635079
0.0187556446
0.0227769203
0.0102394754
0.0368450321
0.0908393934
0.0195293762
0.0346177667
0.0294212643
0.0111698573
0.0722248256
0.0053492184
0.0037531238
0.0118762376
0.0467779003
0.5386600494
0.0657331645
0.0232596677
0.0050430326
0.9020071030
0.9015374184
0.2830285728
0.0371225737
0.0254085585
0.0314994566
0.0363558866
0.3685819507
0.4531212449
0.0102219842
0.0463536456
0.0365925729
0.0062959446
0.0524352416
0.0469242111
0.3639734983
0.0288975686
0.1120007038
1.0183781385
0.0146576939
0.1615591794
1.0481594801
0.0204236899
0.3725180626
0.0481865779
0.2580667436
0.0325475149
0.0697494820
0.9878979921
0.0076870909
0.0625293180
0.0342694893
1.0439752340
0.0097078132
0.0840418935
0.0133177824
0.2113946527
0.0135627892
0.0087345866
0.9841075540
0.0197960548
0.0157345291
0.2607258260
0.0663741305
1.0466455221
0.0259135421
0.0229819641
0.0035915992
0.0621904731
0.6375848651
0.0187799837
0.3374390900
0.0674234256
0.0032175868
0.0059089726
0.1784422100
1.0906910896
0.1063977778
0.0606691614
0.0056354878
0.0039098347
0.0115618808
0.1290230900
0.0520072319
0.0080715586
0.2571995258
0.3709673285
0.0144098671
0.1342188269
0.0116850836
0.4984948039
0.0213217363
0.0464389138
0.0913929343
0.0083554974
0.0126476381
0.0260418523
0.0851628333
0.0118496837
0.7856514454
0.5500525236
0.2498978078
0.0625110045
0.0100492816
0.1810438782
0.0090752654
0.0445112623
0.1079603955
0.0263545420
0.0174398087
0.0573695078
0.0278277025
0.0036931115
0.0711592361
0.0105936117
1.0036484003
0.0096766800
0.0157395005
0.0598748401
0.0132562369
0.0102488799
0.0954732746
0.2750120759
0.0119883865
0.0054732924
0.0064480412
0.0171293579
0.0338036045
0.0062175826
0.0083836503
0.5231207609
0.0048100213
0.0096867085
0.0040940163
0.0046546077
0.0073388210
0.0399691388
0.0718485266
0.1253357232
0.0396599770
0.0216387790
0.5497753620
0.7424440980
1.0982340574
0.0044544595
0.0586854443
0.3168436587
0.3748931885
0.0774487630
0.0536803976
0.1175268739
0.4434526563
0.6073908210
0.0049363673
0.0260598660
0.0070795203
0.0042154687
0.0059920126
0.0094697354
0.0049374709
0.9836326838
0.0099070342
0.0073776259
0.6586060524
0.0348345861
0.0215202980
0.0271061677
0.0074005704
0.1122918501
0.0079457713
0.0068382090
0.0115604158
0.2759971619
0.0045425259
0.0107667781
0.0051766215
0.3136373162
0.0129321832
0.1860893071
0.0088527696
0.0083511947
0.0420693420
0.0488986261
0.0736925602
0.0137169957
0.0969145820
0.0283697806
0.0555310026
0.0116372313
1.0359199047
0.3271952569
0.4837720394
0.0091386167
0.0546878278
0.0243279729
0.0197016355
0.0224456191
0.6430247426
0.0113017187
0.0092785982
0.2401574552
0.0813607424
0.0254214574
0.0749228075
0.0136012705
0.1872241944
0.0227106512
0.0139590567
0.0292179715
0.2912681997
0.0358350500
0.0187861174
0.0394629538
0.0165164862
0.0055914647
0.8354699016
0.0228583086
0.0112842089
0.0029680938
0.0194146708
0.0205125157
0.0069294088
0.4953150749
0.1941553205
0.0299013928
0.0111670299
0.0219545756
0.0042465487
0.2024990618
0.0086192945
0.0373787247
0.0082491990
0.0264687613
0.1433619559
0.0037854151
0.0085643511
0.0044561857
0.0092743849
1.1026703119
0.0141205480
0.0030873085
0.0646981150
0.2739980519
0.1149875522
0.2305926085
1.0673037767
0.0069650891
0.1013126746
0.0152976969
0.0327223055
0.0103107272
1.0205250978
0.7015285492
0.0719489902
0.0039096866
0.0792144537
0.0043359972
0.9758921862
0.0057378304
0.0289419591
0.0611646138
0.0136406990
0.0530728586
0.0194088835
0.0110554891
0.0155188115
0.0078448867
0.0067223394
0.0075830542
0.1842086911
0.0720858872
0.0084284302
0.0030948480
0.5850530863
0.0646375641
0.2623967230
0.1942995936
0.5542656183
0.0487924963
0.6772619486
0.0277857389
0.3187611997
0.0029874612
0.0053011607
0.0103942556
0.4046697021
0.4819481671
0.1325708926
0.0084413514
0.0030534402
0.0717457086
0.0085755074
0.0788760036
0.0196216479
1.0522990227
0.0470545329
0.6307498217
0.3700500727
0.2724803388
0.0404771529
0.0479674600
0.0669218898
0.0129595632
0.1499678344
0.0051111626
0.0609382391
0.0085524693
0.0236050524
0.0038938890
0.4788186252
0.0360687748
0.0031717373
0.9314181805
0.0447659977
0.0053228587
0.4114959240
0.0186424609
0.4978712201
0.0053395629
0.0358436033
0.0189197678
0.6829986572
0.0104376301
0.0172518771
0.1184618771
0.0094281444
0.8257440329
0.2519948184
0.0065172422
0.0377734341
0.7234984040
0.0099043343
0.0255581196
0.0137025900
1.0232015848
0.0051350570
0.0134738265
0.5364165902
0.0059281653
0.0178549513
0.0187945440
0.0084671816
0.0346827209
0.4654510021
0.5351459384
0.0216252953
0.0117223021
0.0551648326
0.0339591019
0.0134044075
0.0538733453
0.0079978397
0.0129861850
0.0111352606
0.0137278344
0.0059441701
0.0060432488
0.0066492734
0.0077726836
0.0050080190
0.1022708118
0.4469895959
0.0185215883
0.9363089800
0.0085387528
0.0069091977
0.0044883457
0.1487295330
0.0032090300
1.0485109091
0.0119969416
0.0940941498
0.0301453043
0.0143403225
0.3254294395
0.0046072626
0.0420878530
0.0312090181
0.0193308890
0.0107860854
0.9929342866
0.0275361445
0.0047550271
0.0182687659
0.0317666270
0.0179109517
0.0294228848
0.0045363540
0.3259737790
0.0379043482
0.0044104503
0.2115834653
0.0033259960
0.0083223386
0.1734734327
0.1118793413
0.0058901682
0.0371083654
0.0681898147
0.2405771911
0.0056534633
0.0131365238
0.8334542513
0.2682697475
0.0393490568
0.0257125348
0.0191117115
0.8310931921
0.1458459944
0.0080801072
0.2026842237
0.0193082988
0.0277934466
0.0232920572
1.0278372765
0.0975074917
0.0038240571
0.4409691095
0.0045223259
0.0335576832
0.0270915478
0.1853003651
0.0075797495
0.0098972833
0.0153695513
1.1084151268
0.0218647663
0.0406411327
0.0040073646
1.0708335638
0.5705233812
0.0213988516
0.0345391743
1.1136053801
0.0046542003
1.0543143749
0.0078527704
0.0162373744
0.0792210326
0.0064643994
0.4651607871
0.0572706759
0.3828017712
0.0778217912
0.1719809622
0.2580508590
0.8107735515
0.1501086056
0.5074108243
0.0223254152
0.0071091629
0.4281178415
0.0055002472
0.0103703067
0.0118697863
0.0749854296
0.4110975266
0.9955646992
0.0066296943
0.0950097665
0.0642612949
0.2910086513
0.0041989530
0.1084951386
0.0801670626
0.1270744652
0.0304948725
0.0064590028
0.0566186309
0.0815434828
0.0188348889
0.0738073736
0.0042722612
0.0046257325
0.2408586740
0.0146877123
0.0343760997
0.0179017894
0.3227559328
0.6673552394
0.4802578390
0.0053588087
0.0166981071
0.4852965474
0.0363427252
0.0152810821
0.1930261999
0.0503068492
0.0035977329
0.7831636667
0.6128758192
0.0320436060
1.0489184856
0.0970898643
0.0212166570
0.0049924287
0.0033878889
0.0676956922
0.0105428062
0.0081726927
0.9604586363
0.0179650486
0.6043244600
0.0294941068
0.0624103434
0.0792142898
1.0042828321
0.0064483327
0.0433741733
0.0315212794
0.0274669956
0.0113800429
0.0123617081
0.0473882295
0.0426176786
0.7582259178
0.0073724063
0.0189555436
0.0253202990
0.0268434510
0.0040903664
0.0036323867
0.0517248400
0.4651034176
0.0136327697
0.0066966675
0.1599924266
0.0142420521
0.0033910805
0.4000529945
0.5257823467
0.4171084762
0.1134704128
0.7403801084
0.0206002779
1.0901161432
0.0252746288
0.1703111827
0.2637201846
0.5772975087
0.0586556308
0.7390781045
0.4525124133
0.0210662447
0.2147075832
0.0241178218
0.0094800675
0.2061645389
0.0127382036
0.0894194320
0.1038566232
0.4235627651
0.3564867079
0.0285364296
0.0034242705
0.1430741400
0.0190366842
0.0253520720
0.0071640192
0.0077164914
0.1143522933
0.0121545494
0.0078839259
0.0245817695
0.0570846424
0.1811192036
0.0646778271
0.8102939129
0.0257652979
0.0279464461
0.1021983027
0.1276275069
0.0180734731
0.0035986630
0.0470339209
0.0134703452
0.0283934660
1.0342110395
0.0152102085
1.0919345617
0.6699896455
0.3046400845
0.2964317799
0.0037044196
0.0085635418
0.0111075761
0.0728610456
0.7948755026
0.0038198330
0.0032560311
0.0126618454
0.1178769171
0.0254174005
0.3071639538
0.0102174859
0.0270639993
0.0049665547
0.0411897488
0.1333145946
0.0111794733
0.0069071371
0.6249827147
0.0099322293
0.0524141230
0.0589073524
0.0059752436
0.0049248328
0.0050008027
0.0068044905
0.0345665365
0.0457214937
0.0043293294
0.0254912637
0.0084374649
0.6555032730
0.3550415337
0.0174540393
0.0143494233
0.0241173729
0.1435559392
0.0213030148
0.4752604365
0.4404468536
0.0183183607
0.0195019916
0.0091729015
0.1777205765
0.1890653223
0.0037149591
0.0465153605
0.0213728454
0.5626771450
0.0041381596
0.0746536255
0.3342923820
0.0388584808
0.1170349941
0.4913322330
0.0272679850
0.1048262566
0.2359357625
0.0260250662
0.4573439658
0.0246243831
0.0197583791
0.0030572524
0.4967431426
0.7707756758
0.0445796996
0.0084284376
0.5959523916
0.0062820790
1.0880532265
0.0160290971
0.0398762189
0.0078533953
0.0763965100
0.1430018991
0.0059805433
0.0129565690
0.0195041373
0.0055740289
0.0048770672
0.8541629314
0.4423838258
0.0085662594
0.0052397968
0.0292228423
0.0312838852
1.0158512592
0.0069858101
0.0464977324
0.0049498002
0.1944036782
0.4218926728
0.0029542895
0.0189288910
0.0625382811
0.0168152489
0.0177056473
0.0207574181
0.0324327312
0.0066494141
0.0399076939
0.0051505328
0.0065131895
0.0047349492
0.0074593788
0.0040619918
0.0070456988
0.2547478676
0.0087583968
0.0503860153
0.0124374228
0.0487906858
0.0163955670
0.0400292911
0.0132893985
0.0117889484
1.0586707592
0.0048272973
0.0069238916
0.3710227609
0.5136317611
0.1020607501
0.7071592808
0.0101419259
0.0171989109
0.0228590630
0.0062729465
0.0601477064
0.0157213211
0.0071477396
0.0225735512
1.0266383886
0.7748529911
1.0493290424
0.0073696286
