0.0415522382
0.0618864484
0.0029490124
0.0064043445
0.0320137069
0.0550814122
0.0079480587
0.0180872642
0.0152279576
0.0585719272
0.0435169972
0.0394011922
0.0154274097
0.0403874777
0.0510898158
0.0151730729
0.0608337261
0.0237456039
0.0115961889
0.0075924760
0.0094703110
0.0573938303
0.0043049431
0.0342663676
0.0458381064
0.0095224492
0.0114880586
0.0035120677
0.0254901331
0.0549781658
0.0035664700
0.0537836254
0.0038334420
0.0094172535
0.0833369419
0.0109537421
0.0073236236
0.0474624187
0.0181854516
0.0095584625
0.0045360806
0.0194614176
0.1389783770
0.0539872460
0.0096390219
0.0042960914
0.0231833644
0.0101836892
0.0564403720
0.0229858123
0.0083069876
0.0032637028
0.0089783547
0.0122947544
0.0136746876
0.0089102564
0.0456244424
0.6893219948
0.0445694700
0.0180878714
0.0147552956
0.0378670506
0.0396830663
0.0538446717
0.0437518097
0.0095005762
0.0217816476
0.0051347641
0.0059005423
0.1062965468
0.0164392367
0.0077775051
0.0152803948
0.0043162825
0.0291044582
0.0596629865
0.0034327726
0.0287133101
0.0234687123
0.0711491406
0.0503026955
0.0319382474
0.0136139244
0.0039984016
0.0408252925
0.0325259343
0.0037448229
0.0098286290
0.0130560007
0.0209396407
0.0039332546
0.0711741149
0.0069404473
0.0243311003
0.0644761547
0.0656695515
0.0333714560
0.0152166327
0.0031669745
0.2564651072
0.0243735183
0.0297018960
0.0057547865
0.0107399570
0.0464533754
0.0407116674
0.0165620223
0.0367298126
0.0591518730
0.0895543098
0.0709208697
0.0090690050
0.0704429150
0.0038630445
0.0602394901
0.0435478278
0.0049166842
0.0324767791
0.0110961627
0.0101715922
0.0492027141
0.0064285276
0.0223397352
0.0464492515
0.0518583395
0.0054006372
0.0325219892
0.2180914879
0.0413296595
0.0138520263
0.0131969023
0.0372816846
0.0349955186
0.0057982029
0.0296844132
0.0053618536
0.0066347364
0.0173031595
0.0379940867
0.0630471110
0.0322864838
0.0091226939
0.0683045387
0.0238458216
0.0288058743
0.0342658311
0.0501386486
0.0122924140
0.0110164210
0.0159852486
0.5391297936
0.0509570204
0.0030263194
0.0526854098
0.0194663145
0.0050352043
0.0271300487
0.0080934996
0.0112925665
0.0442407951
0.0132847987
0.0583823211
0.0175720416
0.0343845449
0.0219673775
0.0040344712
0.0062075560
0.0234927628
0.0503780991
0.0105258692
0.0139143616
0.0282367710
0.0066542453
0.0107689528
0.0308763664
0.0409112535
0.0388585925
0.0266440287
0.0550635457
0.0183292981
0.0529962331
0.0129171424
0.0150584141
0.0063896440
0.0153264003
0.0238158647
0.0106768999
0.0615371726
0.0695977435
0.0541784540
0.0263878163
0.0103822658
0.0619576238
0.0386021473
0.0069578579
0.0467125289
0.0254475288
0.0110615902
0.0421802923
0.0209488645
0.0043409667
0.0157717131
0.0714439303
0.0065989094
0.0239043348
0.0319519117
0.0428385213
0.0081527336
0.0109553467
0.0232331734
0.0460886247
0.0516476631
0.0331656896
0.0030691663
0.0482880473
0.0459049717
0.0377827920
0.0310468301
0.0269554742
0.0251758583
0.0280385613
0.0086792838
0.0095269233
0.0186714679
0.0060300184
0.0269629396
0.0442843065
0.0604552850
0.0961214006
0.0083607556
0.0585793592
0.0574589521
0.0697330981
0.0067942170
0.0404527225
0.0067104050
0.0057701347
0.0131257121
0.0049590841
0.0266884640
0.0180545505
0.0119709913
0.0167506300
0.0493520200
0.0160981882
0.0048689754
0.0608881190
0.0183544215
0.0616320297
0.0156461410
0.0041400199
0.0354685150
0.0165705010
0.0063668322
0.0550812669
0.0590752922
0.0415370837
0.0570517927
0.0057148561
0.0444561318
0.0310455970
0.0597371683
0.0056609670
0.0229733139
0.0304016043
0.0029823252
0.0338511430
0.0307620224
0.0210019127
0.0051409770
0.0236232542
0.0087655568
0.0183380060
0.0245291889
0.0102038514
0.0190736931
0.0061334749
0.0082466034
0.0382362418
0.0247164834
0.0567871034
0.0062819789
0.0638398454
0.0406520590
0.0147489924
0.0243072119
0.0038583230
0.0305907149
0.0146570532
0.0107162502
0.0291269589
0.0051360144
0.0094972309
0.0060227970
0.0688934326
0.0508119315
0.0034609365
0.0355701335
0.0412074775
0.0336191617
0.0079620527
0.0308757480
0.0527967699
0.0042045969
0.0043598763
0.0039621843
0.0137523804
0.0354670361
0.0667453632
0.0044040848
0.0321720839
0.0067571988
0.0222521927
0.0309694409
0.0155388946
0.0167745911
0.0177277159
0.0472520813
0.0425120480
0.0252016485
0.0276556872
0.0222455747
0.0426819995
0.0635647997
0.0199915115
0.0107650207
0.0045810882
0.0610140078
0.0097750733
0.0304785911
0.0326102674
0.0041394150
0.0145890815
0.0381836593
0.0091259331
0.0422254317
0.0044597015
0.0030056201
0.0076878560
0.0170902405
0.0412797034
0.0378444567
0.0485592410
0.0199527256
0.0136968382
0.0271805804
0.0619128495
0.0116573852
0.0429968573
0.0150470035
0.0191413686
0.0044526262
0.0212307591
0.0216559954
0.4478612244
0.0107710529
0.0229790453
0.0327827148
0.0146703525
0.0059909071
0.0241854470
0.0061168438
0.0688005537
0.0206530802
0.0251966286
0.0254602470
0.0418074578
0.0439131074
0.0128867542
0.0208501015
0.0806771442
0.0202914998
0.0095773237
0.0590413809
0.0487307198
0.0105671566
0.0575553849
0.0077197608
0.0128620351
0.0114810122
0.0641509295
0.0216396097
0.0066222870
0.0552699007
0.0202630237
0.0043598083
0.0064102956
0.0081751673
0.0323865041
0.0504086241
0.0089299064
0.0317337438
0.0687764287
0.0296039656
0.0239698682
0.0063609830
0.0214220323
0.0294993594
0.0624624938
0.0267608818
0.0715090856
0.0149330143
0.0066626533
0.0348935947
0.0090146335
0.0268810336
0.0343898050
0.0500536077
0.0526756980
0.0157262273
0.0069059716
0.2445660383
0.0300769433
0.0158466324
0.0192502476
0.0039354209
0.0464702286
0.0258655436
0.0079009496
0.0336262472
0.0067196046
0.0116154812
0.0317721814
0.0354134254
0.0636044145
0.0398995057
0.0280941948
0.0418444425
0.0156226913
0.0719767213
0.0399937704
0.0329183824
0.0568047576
0.0123711079
0.2285085917
0.0449419618
0.0369111933
0.0294016022
0.0044690119
0.0037690592
0.0373538733
0.0050968179
0.0072083850
0.0365988649
0.0037564044
0.0031154228
0.0341289975
0.0512647294
0.0079802675
0.0074473857
0.0320077017
0.0333903283
0.0392675996
0.0626401231
0.0480172262
0.0352969915
0.0086829904
0.0105869202
0.0687944889
0.0633815080
0.0419781618
0.0118518732
0.0331049375
0.0136004910
0.0069551775
0.0718151629
0.0042974590
0.0352515131
0.0085710762
0.0230144765
0.0223719236
0.0625335649
0.0030760316
0.0050577479
0.0040877648
0.0054382668
0.0574877672
0.7650687099
0.0068940814
0.0270270482
0.0424057208
0.0048234984
0.0654263943
0.0310997423
0.0265011285
0.0121395458
0.0304554366
0.0096459836
0.0107042398
0.0692276582
0.0197469071
0.0372257084
0.0644494966
0.0714123771
0.0052868114
0.1727396250
0.0489730760
0.0438696742
0.0149379531
0.0458931774
0.0029478464
0.0185677335
0.0883798301
0.0035811290
0.0723748282
0.0076629845
0.0115577504
0.0270941015
0.0579029843
0.0587458871
0.0264909025
0.0146237882
0.0091156866
0.0523454845
0.0038159525
0.0200605430
0.0686414391
0.0608704984
0.0229473766
0.0053901421
0.0149426199
0.0080152433
0.0117711658
0.0533360243
0.0568965636
0.0194179304
0.0292064846
0.0069449972
0.0090421801
0.0044386038
0.0041388669
0.0603381880
0.0658993125
0.0201811027
0.0337747447
0.1670052409
0.0153037868
0.0251951702
0.0070407507
0.0303372629
0.0037364194
0.0432270616
0.0310591534
0.0249998923
0.0381899551
0.0226218253
0.4298900664
0.0071064606
0.0525272191
0.0049546589
0.0860909820
0.0551745854
0.0041050659
0.0707406551
0.0273110624
0.0482603647
0.0218262933
0.0272244774
0.0294730514
0.0310453735
0.0045945914
0.0845580548
0.0505899489
0.0929213539
0.0030102129
0.0607104376
0.0089046145
0.0715085045
0.0411250740
0.0497347414
0.0325294584
0.0126966657
0.0044750199
0.0046702535
0.0397701599
0.0039778850
0.0356346369
0.0324797034
0.0400088914
0.0682795867
0.0642557964
0.0319319814
0.0499062277
0.0133157177
0.0190895051
0.0072276122
0.0191908590
0.0033666342
0.0095034949
0.0075317621
0.0082710525
0.0218274407
0.0606394745
0.0203881804
0.0050311806
0.8193737864
0.0134394281
0.0135188196
0.0384032950
0.0407507420
0.0102933887
0.0626448691
0.0207200479
0.0335885659
0.0188556407
0.0075354702
0.0545976236
0.0091567431
0.0043345550
0.0285129119
0.0424065515
0.0475210994
0.0606934018
0.0169113670
0.0064146281
0.0174305625
0.0550990179
0.0072977566
0.0104498565
0.0031613596
0.7712303400
0.0544695966
0.0234256890
0.0268557183
0.0388466939
0.0167139024
0.0112654362
0.0655182227
0.0362424813
0.0552652329
0.0066245180
0.0610818192
0.0691379309
0.0634026378
0.0715394244
0.0063034599
0.0092070978
0.0091786161
0.0064708432
0.0055850199
0.0622266978
0.0108562298
0.0371352509
0.0119942771
0.0159295406
0.0085560232
0.0090584736
0.0330341011
0.0288505908
0.0665365234
0.0562042855
0.0576748624
0.0607561134
0.0679698139
0.0239014234
0.0268674884
0.6952626705
0.0219693203
0.0333923958
0.0460290536
0.0616008863
0.0110163279
0.0116394628
0.0096079642
0.0320616513
0.1234977618
0.0646863431
0.0504081771
0.0436864235
0.0269070994
0.0055904118
0.0187822320
0.0104592470
0.0104628792
0.0834396034
0.0439193025
0.0579561405
0.0624574572
0.0444966368
0.0334533863
0.0177802537
0.0030979735
0.0423492528
0.0313621983
0.0181784350
0.0030214768
0.0428611189
0.0124753304
0.0462263562
0.0628254116
0.0060962359
0.0191687141
0.0640350431
0.0720336512
0.0144190080
0.0029458834
0.0156585518
0.0054946756
0.0030970224
0.0183186531
0.0603751987
0.0077897101
0.0310649723
0.0079217525
0.0065775975
0.0168585479
0.0097921789
0.0331924967
0.0648337826
0.0037612088
0.0210897624
0.0170756821
0.0169489440
0.0086320387
0.0328431576
0.0725906566
0.0172735434
0.0283365306
0.0343444645
0.0388398021
0.0476703979
0.0159389656
0.0248692706
0.0307959076
0.0686113834
0.0695729777
0.0063154441
0.0116287638
0.0086936085
0.0356266871
0.0136671253
0.5137566924
0.0064146235
0.0091992198
0.0253632795
0.0208312403
0.7314781547
0.0267960634
0.0356053151
0.0068570911
0.0522015877
0.0070301504
0.0514287278
0.0297906268
0.0666254312
0.0280938111
0.0545781739
0.0321541913
0.0210314635
0.0251942556
0.0139271785
0.0236669444
0.0041903416
0.0134084476
0.0476918258
0.0030650878
0.0228159744
0.0453219600
0.0388315842
0.0037172877
0.0605715364
0.0300507732
0.0144421374
0.0245677121
0.0098797930
0.0553095490
0.0397363491
0.0475765802
0.0058965492
0.0033780329
0.0218493007
0.0043462496
0.0543367080
0.0278653540
0.0557339117
0.0209960882
0.0085829701
0.0176627506
0.0118440045
0.0033478306
0.0064092297
0.0051261014
0.0369706266
0.0504953265
0.0575651303
0.0303706229
0.0417383239
0.0065775956
0.0109401699
0.0422628783
0.0541006848
0.0131344488
0.0279838052
0.0076706372
0.0289142709
0.0190181956
0.0582366735
0.0391891673
0.0053757043
0.0327324755
0.0054852501
0.0446741767
0.0287021268
0.0519338772
0.0102657732
0.0365017727
0.0163337737
0.0345332325
0.0104151638
0.0046514920
0.0182463229
0.0236019231
0.0044888495
0.0241177883
0.0074370676
0.0377275087
0.0664505213
0.0706219599
0.0157626439
0.0041373069
0.0121708745
0.0590711311
0.0696152151
0.0330486372
0.0177230518
0.0377090611
0.0297926608
0.0512422062
0.0162297469
0.0179698654
0.0231290441
0.0695666671
0.0575260408
0.0105674956
0.0077963751
0.0071633002
0.0223772135
0.0364384353
0.0294314194
0.0096467370
0.0168144125
0.0281018503
0.0561693721
0.0288739055
0.0138065042
0.0266020782
0.0467640013
0.0364882797
0.0072457097
0.0665860176
0.0861783922
0.0365929827
0.0097099943
0.5216935277
0.0205463916
0.0050240043
0.0172137320
0.0029175756
0.0260496344
0.0071557253
0.0140502080
0.0060577830
0.0321371593
0.8886324167
0.0243225861
0.0241685286
0.0425131880
0.0278456956
0.0452888496
0.0069060023
0.0304213781
0.0666404068
0.0129487701
0.0286841933
0.0665948763
0.0474483781
0.0385814942
0.0107488083
0.0183942132
0.0045437962
0.3870662749
0.0179105718
0.0671431273
0.0112424241
0.0041936697
0.0697504357
0.0397586301
0.0179926734
0.0634532198
0.0092240730
0.0092563480
0.0221200623
0.0052417326
0.0131677277
0.0189281870
0.0107345134
0.0043118913
0.0422218442
0.5898231864
0.0269890856
0.0374406427
0.0125857098
0.0217121542
0.0301157590
0.0518127121
0.0170252509
0.0412073061
0.0193744898
0.0210155249
0.0055642454
0.0212923475
0.0165127758
0.0579112619
0.0236669630
0.0151895471
0.0377293974
0.0606441572
0.0350620821
1.0223426819
0.0644521341
0.0029741356
0.0577090569
0.0034527257
0.0036439742
0.0132767987
0.0106504280
0.0172256585
1.0303325653
0.0197161008
0.0030778323
0.0314231813
0.0058818758
0.0290488042
0.0198861603
0.0035258068
0.0370644294
0.0032631936
0.0306013431
0.0240306407
0.0095255869
0.0590267293
0.0743799210
0.0367725715
0.0073716822
0.0595726594
0.0320989229
0.0466443747
0.0134096583
0.0064828745
0.0071468661
0.0042866934
0.0443670042
0.0229788478
0.0362736993
0.0184863750
0.0411732607
0.0120881572
0.0403983966
0.0694173202
0.0184543449
0.0168520827
0.0597387701
0.0045079174
0.0169387013
0.0627175197
0.0128954099
0.0087324604
0.0319011360
0.0674535409
0.0290132929
0.0601806752
0.0506997555
0.0055867638
0.0479344912
0.0231507290
0.0231623836
0.0116537279
0.0426439457
0.0080890320
0.0357655212
0.0385789610
0.0647180155
0.1030309200
0.0153030083
0.0922553018
0.0046371520
0.0639114305
0.0056360955
0.0359768830
0.0123851458
0.0504323505
0.0057748002
0.0088481503
0.0672609806
0.0663850531
0.0209046341
0.0614735670
0.0029572737
0.0272472743
0.2893747091
0.0079267295
0.0028238543
0.0056300075
0.0210443456
0.0195526090
0.0563500039
0.0410263240
0.0523775145
0.0661730245
0.0234985724
0.0424402766
0.0342930779
0.0318616442
0.0500233956
0.0068632229
0.0048000677
0.0261193961
0.0406704806
0.0134501085
0.0269689932
0.0384157151
0.0682055652
0.0643180311
0.0231266432
0.0406440571
0.0128560960
0.0209926963
0.0133033507
0.0196802337
0.0174227264
0.0329786018
0.0610341318
0.0495516993
0.0125546297
0.0132301720
0.0188734680
0.0515878238
0.0384443849
0.0170904100
0.0281590894
0.0517374501
0.0106147453
0.0617858022
0.0083673596
0.0082621090
0.0178824645
0.0667277947
0.0048643448
0.0391581804
0.0729892626
0.9495517015
0.0234525762
0.0681019947
0.0110962074
0.0078533860
0.0050419723
0.0598816648
0.0072857067
0.0231737718
0.0181672592
0.0128583470
0.0273266789
0.0087375445
0.0036511994
0.0498004295
0.0037514695
0.0187050030
0.0249787923
0.0132275121
0.0325400159
0.0066385702
0.0032633909
0.0097754812
0.0319014452
0.0543076843
0.0329615586
0.0073257512
0.0041866973
0.0360931903
0.0101506561
0.0694998652
0.0211712513
0.0567953773
0.1314156204
0.0191345606
0.0054805181
0.0680042431
0.0250616949
0.0077073942
0.0490505584
0.0044952417
0.0065425867
0.0048246076
0.0042415722
0.0441188253
0.0131407455
0.0625761524
0.0536827296
0.0562440902
0.0396069288
0.0366915502
0.0051786518
0.0176734310
0.0651718304
0.0194272008
0.0149642751
0.0616224781
0.0110754659
0.0543628745
0.0648998246
0.0485666655
0.0351857096
0.0100795273
0.0699623227
0.0121051194
0.0054748324
0.0032688489
0.1059862077
0.0584719479
0.0703090429
0.0182205494
0.0147168962
0.0274740160
0.0555800125
0.0034052895
0.0041858968
0.0045222063
0.0033313960
0.0197220352
0.0455010831
0.0615752228
0.0126855690
0.0354702100
0.0178995207
0.0039463998
0.0108475108
0.0309024025
0.0091133704
0.0043927631
0.0659258813
0.0284514856
0.0159407351
0.0103745330
0.0284328945
0.0567478724
0.0056037400
0.0033870211
0.0058923466
0.0560537651
0.0392389819
0.0670020580
0.0593957119
0.0202466585
0.0400025807
0.0103510711
0.0033528721
0.0540767200
0.0391869806
0.0682066232
0.0552836843
0.0297873896
0.0268154088
0.0183635186
0.0092375763
0.0500245094
0.0051704892
0.0057274373
0.0492105447
0.0125638023
0.0228745006
0.0090849148
0.0130588384
0.0031860189
0.0120410826
0.0570145398
0.0120160291
0.0078444965
0.0062587997
0.0032165241
0.0146146249
0.0593862869
0.0132934013
0.0101980520
0.0299780723
0.0710935444
0.0420665331
0.0447128117
0.0222435538
0.0314621516
0.0478118099
0.0210739952
0.0046150750
0.0392394252
0.0139370067
0.0444662534
0.0663837790
0.0181557667
0.0067858445
0.0183812194
0.0096327830
0.0151218148
0.0141075756
0.0564884283
0.0377729982
0.0183834303
0.0048119472
0.0547183938
0.1055387631
0.0029991569
0.0186143629
0.0189415738
0.0064938641
0.0364340767
0.0113135418
0.0292778071
0.0098576266
0.0663625002
0.0103766769
0.0102418009
0.0246065427
0.0310803559
0.0092093619
0.0262283497
0.0042700144
0.0030384753
0.0539902747
0.0139920227
0.0233430564
0.0515284166
0.0195378270
0.0105340052
0.0700579360
0.0629672036
0.0121548856
0.0326833352
0.0234194323
0.0250936411
0.0175036937
0.0625949427
0.0430306904
0.0364596546
0.0605988279
0.0041225618
0.0222895052
0.0195035860
0.0056764344
0.0037124511
0.0702918470
0.0408081599
0.0371433869
0.0038376376
0.0092494739
0.0717032403
0.0193367936
0.0072408128
0.0561610833
0.0051068631
0.0705483928
0.0032819004
0.0359017998
0.0693573654
0.0065258429
0.0033704583
0.0191407129
0.0321728736
0.0589369796
0.0170721430
0.0715696216
0.0032775742
0.0551596656
0.0727481991
0.0112685366
0.0689225644
0.0663641393
0.0041154991
0.0121079702
0.0596932769
0.0453274325
0.0425478965
0.0647983328
0.0078169331
0.0102457423
0.0116712842
0.0134547101
0.0161061734
0.0452007018
0.0595054701
0.0040934295
0.0032505875
0.0082949568
0.0586460531
0.0061863675
0.0347086973
0.0151611743
0.0502730012
0.0500719436
0.0122290011
0.0047989148
0.0347511843
0.0727256015
0.0030443519
0.0260105226
0.0704614371
0.0157414526
0.0542610660
0.0394141003
0.0033358813
0.0414100662
0.0191449896
0.0072444933
0.0188011117
0.0490149371
0.0551208816
0.0057128370
0.0387580283
0.0725143999
0.0574124008
0.0107326023
0.0289348513
0.0304314885
0.0264748950
0.0305818357
0.0037176923
0.0448952615
0.0434852801
0.0159029048
0.0087910341
0.0222046841
0.0075020101
0.0050617368
0.0641785562
0.0091507230
0.0030330617
0.0042472449
0.0099021886
0.0037717696
0.0660327151
0.0098172007
0.0197915528
0.0586954877
0.0036398277
0.0268678870
0.0517142974
0.0422053114
0.0106886690
0.0581193790
0.0113913035
0.0037151810
0.0296580642
0.0576784797
0.0307210200
0.0196230970
0.0066902358
0.0205468498
0.0198020283
0.0054131802
0.0169692636
0.0255943742
0.0455976501
0.0414001532
0.0142008560
0.0206884723
0.0276649576
0.0479971245
0.0127242664
0.0089123966
0.0039792475
0.0103549855
0.0291331597
0.0209604837
0.0270348005
0.0065020360
0.0572099686
0.0349321552
0.0034748418
0.0077752490
0.0235625673
0.0046434710
0.0369840711
1.0413069725
0.0379419476
0.0648392513
0.0116768098
0.0561976507
0.0648059100
0.0418900214
0.0287006292
0.0223008804
0.0108145764
0.0038741597
0.0629913285
0.0266887732
0.0668791682
0.9101366401
0.0272078179
0.0074405437
0.0631331429
0.0045457631
0.0034769699
0.0115975207
0.0136257689
0.0410428345
0.0416303314
0.0595723242
0.0280551519
0.0203239359
0.1122228503
0.0112095289
0.0090591749
0.0471727774
0.0502860472
0.0343011357
0.0671708584
0.0452996232
0.0623165034
0.0531166047
0.0092006782
0.0077605089
0.0743679330
0.0250560753
0.0184460934
0.0455718562
0.0038119096
0.0249024052
0.0128691634
0.0050013037
0.0280444790
0.0036977658
0.0413736328
0.0067374469
0.0670645833
0.0483612530
0.0500239059
0.0371140949
0.0276630521
0.0241466369
0.0053763431
0.0165989473
0.0132145071
0.0451598279
0.0243670363
0.0030941893
0.0920004323
0.0125857927
0.0712857917
0.0386497006
0.0371128991
0.0410455130
0.0051775076
0.0084748026
0.0117063066
0.0261614490
0.0334412903
0.0450164378
0.0299589783
0.0361128412
0.0146770226
0.0617384687
0.0695897937
0.0041669603
0.0364577882
0.0043071508
0.0424258895
0.0148105146
0.0305660516
0.0034454460
0.0135713350
0.3309966028
0.0366418809
0.0033320340
0.0549474359
0.0303325672
0.0330606587
0.0145271914
0.0585295260
0.0079974514
0.0301236268
0.0079394663
0.0059942110
0.0036710808
0.0057623144
0.0064164549
0.0412968285
0.0167399645
0.0177449230
0.0083758328
0.0047667311
0.0048799510
0.0694162101
0.0695049986
0.0376907997
0.0159406550
0.0658730194
0.0261478852
0.0434810892
0.0041982369
0.0133871119
0.0487412326
0.0156730376
0.0637620091
0.0169632193
0.0050114207
0.0313738026
0.0169298388
0.0046722372
0.0729617551
0.0494033284
0.0409693196
1.0009938478
0.0302397981
0.0806781277
0.0126076788
0.0122897765
0.0704381019
0.0169817284
0.0054487069
0.0280408021
0.0353847854
0.0037910487
0.0120700356
0.0060779117
0.0122824144
0.0200402979
0.0400424711
0.0125129949
0.0621084832
0.1028006226
0.0237566289
0.0642306358
0.0071269143
0.0033647362
0.0272054002
0.2243586183
0.0418871380
0.0170292594
0.0034250673
0.0359264165
0.0262631942
0.0362595394
0.0686768666
0.0134722730
0.0127218748
0.0143528711
0.0639102980
0.0218215771
0.0519016981
0.0727487952
0.0269706622
0.0321622081
0.0084816599
0.0115822554
0.0649688989
0.0267205834
0.0046877796
0.0074158255
0.0134066688
0.0156164709
0.0090850433
0.0033075488
0.0325514078
0.0321792960
0.0082591977
0.0194929838
0.0060536312
0.0162665080
0.0307761636
0.0126812505
0.0072906218
0.0279253665
0.0064882911
0.0608840398
0.0195788573
0.0574633107
0.0376128070
0.0467341430
0.0038206601
0.0343556888
0.0491209961
0.0466227792
0.0590370968
0.0061295168
0.0036572069
0.0483829938
0.0036507018
0.0146453567
0.0090788892
0.0065049892
0.0394425914
0.0571592934
0.0188564118
0.0069477949
0.0377108678
0.0054613273
0.0189862289
0.0135439709
0.0087760659
0.0504423939
0.0106718298
0.0068888697
0.0581830330
0.0093373237
0.0439318605
0.0105878348
0.0151906209
0.0046840450
0.2116126567
0.0342822298
0.0534760915
0.0068538757
0.0591081530
0.0147519279
0.0089428099
0.0332299434
0.0031523581
0.0701790154
0.0171596166
0.0719595030
0.0497618355
0.0680338517
0.0722767636
0.0304224156
0.0043580383
0.0034382071
0.0074325283
0.0281707291
0.0046370183
0.0621937439
0.0242897775
0.0134646641
0.0191466492
0.0229008049
0.0124842515
0.0468634106
0.0089957686
0.0665418729
0.0384202972
0.0041176663
0.0292276666
0.0159661639
0.0499292612
0.0303047076
0.0687839314
0.8480042219
0.0707271323
0.0078584347
0.0236202627
0.0565251336
0.0276633035
0.0439198650
0.0139969643
0.0084606353
0.0270894077
0.1300229579
0.0061770002
0.0472729579
0.0117042037
0.0249544177
0.0084587196
0.0442232154
0.0220192298
0.0334792398
0.0766939595
0.0029359276
0.0233703461
0.0157737955
0.0144788073
0.0150663499
0.0116033340
0.0360349230
0.0107995067
0.0478672646
0.0445958562
0.0574216060
0.0037819622
0.0678194389
0.0073487880
0.0121284481
0.0108250650
0.0235044379
0.7202579379
0.0545301624
0.0570443235
0.0702213719
0.0125967031
0.0575640127
0.0682935268
0.0032879920
0.0236547347
0.0421812125
0.0103753600
0.0065671960
0.0031007933
0.0241422914
0.0624927990
0.0080199735
0.0036751260
0.0536237843
0.0647957176
0.0040092501
0.0420567133
0.0412994474
0.0216812268
0.0080358870
0.0372229517
0.0374884121
0.0088337306
0.0256554205
0.0142215043
0.0035396242
0.0240539126
0.0338217467
0.0209543649
0.8798550367
0.0204908978
0.0346811228
0.0491799489
0.0544237010
0.0672886744
0.0056573069
0.0289947335
0.0314882621
0.0086524980
0.0420417711
0.2325735986
0.0332254134
0.0173140373
0.0154771935
0.0236571748
0.0144072650
0.0081782369
0.0158190727
0.0929991156
0.0376261026
0.0669961795
0.0552410483
0.0140483715
0.0685406551
0.8733347654
0.0094367955
0.0098293563
0.0158635657
0.0423384197
0.0135580953
0.0466355234
0.0583804585
0.0280969795
0.0082322806
0.0100776656
0.0431444906
0.0050831945
0.0657553077
0.0116973612
0.0410090685
0.0460633934
0.0523815975
0.0145342676
0.0040475386
0.0213627610
0.0279638749
0.0422223210
0.0501071028
0.0095982729
0.0222701691
0.0225771349
0.0115996422
0.0254419968
0.0040587801
0.0105261719
0.0134369219
0.0530746393
0.0078833662
0.0499614067
0.0440144017
0.0216197465
0.0190285277
0.0047374042
0.0030028166
0.0073640738
0.0100364080
0.0039670360
0.0272619966
0.0119894538
0.0376678705
0.0598858632
0.0053615416
0.0359299518
0.0050715180
0.0382444412
0.0297528524
0.0133780213
0.0035514073
0.0133027928
0.0160275716
0.0145609612
0.0461048782
0.0287200790
0.0267670006
0.0068272930
0.0207665358
0.0391840301
0.0287961867
0.0416536294
0.0054509649
0.0487667471
0.0039335601
0.0566603020
0.0120695978
0.0097535988
0.0436013751
0.0109939799
0.0048241848
0.0104818847
0.0284475014
0.0080436235
0.0159804393
0.0069508003
0.0281997174
0.0604525916
0.0169613399
0.0194494352
0.0033336997
0.0466958545
0.0224146396
0.0107708210
0.0723188445
0.0199596547
0.0237932075
0.0052564563
0.0106270835
0.0068914117
0.0113960057
0.0087130945
0.0059503387
0.0139329163
0.2439477295
0.0030263630
0.0100367973
0.0382761098
0.0133216884
0.9785642028
0.0289236102
0.0310823806
0.0041029570
0.0363601409
0.0352331251
0.0256661158
0.0055597131
0.0062039001
0.4566120207
0.0047528516
0.0468365736
0.0625879839
0.0235764347
0.0449552797
0.0085527068
0.0058658253
0.0323205478
0.0050126198
0.0371448919
0.0702887550
0.0562994406
0.0934116021
0.0564813390
0.0704384744
0.0425766781
0.0075269043
0.0702211931
0.0225231852
0.0401884131
0.0040303809
0.0140466671
0.7134162784
0.0273491628
0.0578601547
0.0415834449
0.0207542218
1.0062496662
0.0369050317
0.0046691871
0.0101970453
0.0045977398
0.0231631529
0.0303944200
0.0032300027
0.0614394322
0.0588560328
0.0108504612
0.0697839037
0.0140920319
0.0603450201
0.0116997128
0.0281640366
0.0101522692
0.0471077822
0.0171893630
0.0413544253
0.0627762154
0.0082530696
0.0064027989
0.0271391608
0.0035621615
0.0099662123
0.0103735551
0.0630281642
0.0058307769
0.0385136679
0.1277019233
0.0560344271
0.0296607222
0.0077679735
0.0595383607
0.0321989171
0.0147030884
0.0077397558
0.0619897768
0.0513364933
0.0101980651
0.0399240516
0.0207807198
0.0153383510
0.0343257114
0.0130514791
0.0367579795
0.0616117977
0.0034685668
0.0065126265
0.0249661803
0.0266134385
0.0091254236
0.0055738501
0.0505449474
0.0201190189
0.0514868088
0.0046710772
0.0430292450
0.0059631341
0.0640020818
0.0073835547
0.0027532859
0.0192777012
0.0200388692
0.0402645618
0.1355084330
0.0333495475
0.0042431601
0.0113282138
0.0257864203
0.0300339777
0.0572928227
0.0186718777
0.0319964327
0.0070460411
0.0476497971
0.0177648868
0.0336430483
0.0599342100
0.0209871568
0.0254635140
0.0350888930
0.0068155644
0.0030390383
0.0214949213
0.0081768492
0.0182501059
0.0272537973
0.0273434408
0.0235327333
0.0066647399
0.0139099676
0.0195759665
0.0066254865
0.0113018285
0.0294226557
0.0066665090
0.0544365309
0.0674579293
0.0184041727
0.0710864738
0.0096705658
0.0214517992
0.0455289111
0.0051748813
0.0126520172
0.0113599533
0.0552950390
0.0290566590
0.0221264716
0.0109831374
0.0302399956
0.0417539701
0.0230143648
0.0137909548
0.0577999651
0.0535317883
0.0153484568
0.0079848589
0.0030858947
0.0475606136
0.0592249110
0.1495887488
0.1051263586
0.0296479445
0.0094801364
0.0358910225
0.0069677080
0.0231493525
0.0056959162
0.0378924645
0.0161780417
0.0539818704
0.0445292629
0.0692975223
0.0152199324
0.0105693033
0.0585098714
0.0122919641
0.0071812700
0.0030103577
0.0031672900
0.0088151088
0.0137392348
0.0155452862
0.0030702469
0.0203568470
0.0427941531
0.0054705176
0.0108390842
0.0037829529
0.0481926948
0.0118554290
0.0664523765
0.0284679122
0.0204788242
0.0235807598
0.0078365188
0.0100491373
0.0058308300
0.0045500421
0.0030532635
0.0340290442
0.0920929089
0.0090400325
0.0078866901
0.0201556236
0.0044038594
0.0251616407
0.0109979333
0.0393838361
0.0131086390
0.0209410936
0.0126368348
0.0092618456
0.0152537581
0.0214126892
0.0668054149
0.0087612895
0.0475428700
0.0137656881
0.0136891501
0.0594352335
0.0103578735
0.0524842590
0.0613487177
0.0177867413
0.0203471035
0.0080873128
0.0210587010
0.0415082611
0.0584430471
0.0366547219
0.0342794172
0.0211942941
0.0688123927
0.0405259095
0.0045961337
0.0099421982
0.0669421554
0.0050400156
0.0602587089
0.0241150707
0.0143833021
0.0239662435
0.0227238629
0.0195913855
0.0460845754
0.0629064143
0.0083797863
0.0030133417
0.0060913409
0.0110359667
0.0065308018
0.0093515795
0.0075080241
0.0213146023
0.0035519076
0.0045596831
0.0144729028
0.0059727109
0.0080440566
0.0505613536
0.0070147393
0.0269450359
0.0491349250
0.0425884649
0.0044026948
0.0362667255
0.0200332981
0.0104592871
0.0076217940
0.0100880209
0.0584501810
0.0524641462
0.0139409807
0.0185359009
0.0537508577
0.0704690441
0.0095435390
0.0049963729
0.0379017182
0.6850383878
0.0703128800
0.0099046109
0.0638105944
0.0063011958
0.0108239790
0.0055051381
0.0414725691
0.0049314210
0.0313909464
0.0051671956
0.0396847948
0.0455276407
0.0627342388
0.0730139166
0.0054792622
0.0031934879
0.0293371957
0.0544161275
0.0672595352
0.0596036762
0.0145517504
0.0046019577
0.0646233931
0.0044281199
0.0130737917
0.0702994913
0.0095900260
0.0087976903
0.0360657722
0.0350839160
0.0030598398
0.0036335385
0.0284729172
0.0042148018
0.0050897812
0.0699840039
0.7624772787
0.0123156495
0.0055936500
0.0586472079
0.0063260859
0.0187145304
0.7297416329
0.0331176482
0.0475377701
0.0292506181
0.0108463792
0.0171442926
0.0446541682
0.0047705276
0.0704001412
0.0364773460
0.0033728585
0.0403242633
0.0188020710
0.0174542926
0.0469198786
0.0633617491
0.0190796088
0.0067912461
0.0053737923
0.0100278826
0.0038531981
0.0739114583
0.0053809313
0.0034744232
0.0290666558
0.7645008564
0.0121667618
0.0051678633
0.0520752259
0.0069549591
0.0312741101
0.8928475380
0.0073718824
0.0047706873
0.0247561466
0.0396617427
0.0064652162
0.0353874788
0.0478564575
0.0096209915
0.0060976101
0.0046813302
0.0036444224
0.0438754074
0.0280323494
0.0602873489
0.0121215079
0.0342409499
0.0431938916
0.0579694286
0.0167178344
0.0084554385
0.0273572318
0.0212203190
0.0045408052
0.0608830228
0.0189785846
0.0185640473
0.0130663058
0.7118586898
0.0340692066
0.0667310432
0.0466149114
0.0044538416
0.0115746921
0.0178225506
0.0549699441
0.0403027274
0.0418900214
0.0039696060
0.0118067292
0.0030149997
0.1511698067
0.7231179476
0.0417578965
0.0499752611
0.0160017032
0.0141564375
0.0229545124
0.0352366269
0.0230902024
0.0089943558
0.0255755335
0.0032052372
0.0110671585
0.0691094026
0.0206742510
0.0085382136
0.0201282930
0.0036534518
0.0446344465
0.0431181379
0.0062878546
0.0463135466
0.0032119472
0.0728684440
0.0668346733
0.0149766896
0.0239274912
0.0419813544
0.0404672585
0.0642056912
0.0131794689
0.0040121260
0.0492042042
0.0059717558
0.0209522769
0.0038206251
0.0335296430
0.0044427090
0.0032175432
0.0155896386
0.0313112251
0.0090896394
0.0043971823
0.0234800000
0.0257152896
0.0495582111
0.0136200562
0.0526345856
0.0042743627
0.0220649149
0.0582116432
0.0639720783
0.0250196550
0.0442338251
0.0630919710
0.0677199885
0.1794714183
0.0372008644
0.0261965096
0.0475671664
0.0119079594
0.0096198432
0.0089812027
0.0135291666
0.0111648766
0.0389873385
0.0294892751
0.0399385765
0.2383812666
0.0254603997
0.0316826403
0.0472504273
0.0516084321
0.0653603449
0.0494147427
0.0423359834
0.0141082201
0.0177321583
0.0114443377
0.0331576429
0.0047782464
0.0078840517
0.0861883014
0.0081383372
0.0607652888
0.0386794284
0.0130697442
0.9887288809
0.0102742584
0.0718144551
0.0034061444
0.7770074010
0.0068348795
0.0202760398
0.0458233543
0.0374706388
0.0090245316
0.0142286066
0.0119504668
0.0224173758
0.0409307629
0.0445515811
0.0618021898
0.0062898486
0.0601072945
0.0669263005
0.0132429115
0.0083996458
0.0353221223
0.0300535336
0.0626715794
0.0063638450
0.0570402667
0.9015382528
0.0117034717
0.0139132701
0.0039416435
0.0049337652
0.0679657087
0.0350615457
0.0034431238
0.0070395814
0.0065026730
0.0213619117
0.0158492997
0.0389296338
0.0634673238
0.0411729477
0.0287645105
0.0192338061
0.0454163700
0.0042038951
0.0163437240
0.0304742064
0.0128860157
0.0076262392
0.0254298896
0.0090344111
0.0173377432
0.0131665152
0.0201337617
0.0240601357
0.0259276740
0.0511712842
0.0405410267
0.0895473436
0.0455454253
0.0081400676
0.0029130401
0.0145391235
0.0037126110
0.0443211533
0.0599604212
0.0351667665
0.0558704808
0.0149847995
0.0618603677
0.0359614231
0.0313770808
0.0135219637
0.0701612309
0.0654826835
0.0038690164
0.0261279829
0.0172220469
0.0226389319
0.0120521747
0.0057843123
0.0034991815
0.0346749574
0.0272062309
0.0219330415
0.0066015823
0.0081494255
0.0553805381
0.0105908029
0.0236945041
0.0092593124
0.0528410263
0.0548498183
0.0368257575
0.0293062348
0.0709050670
0.0554603413
0.0721898749
0.0423956551
0.0173000097
0.0116928741
0.0231776573
0.0068936897
0.9024580717
0.0174995419
0.0266041402
0.0234090071
0.7169722915
0.0447836518
0.0669198409
0.0637749508
0.0194062106
0.0053139036
0.0534727871
0.0063865064
0.0094957594
0.0062244958
0.0157865919
0.0487307310
0.0543228686
0.0491074473
0.0599964522
0.0123376567
0.0257860534
0.0496439599
0.0030388129
0.8492202163
0.0440935194
0.0459093265
0.2215322256
0.0279279128
0.0035554338
0.0177398622
0.0724853650
0.0107647143
0.0289596450
0.0133835822
0.0061309179
0.0169850737
0.0119753089
0.0358139761
0.0048238742
0.0041456404
0.0045389184
0.0114526600
0.0203777682
0.0679799169
0.0204740036
0.0094609149
0.0354794264
0.0214793552
0.0299740192
0.0713822842
0.0351063982
0.0490436107
0.0061520417
0.0082326634
0.8610782027
0.0457633995
0.0096096024
0.9302176833
0.0277021229
0.0564022064
0.0045622867
0.0333409160
0.0543793216
0.0508326516
0.0386023037
0.0550744347
0.0029870181
0.0132144066
0.0037890996
0.0165941212
0.1003317535
0.0407905616
0.0276083909
0.0072968788
0.0131431017
0.0496287048
0.1630657911
0.0093873348
0.0501943231
0.0606219061
0.0390042402
0.8392300606
0.0074126958
0.0642149821
0.0182832330
0.0075001018
0.0041036247
0.0399735272
0.0490004681
0.0459598750
0.0427065529
0.0340990350
0.0702778772
0.0059494358
0.0238971338
0.0161315762
0.0034954918
0.0237058606
0.0466043204
0.0413317569
0.0038802663
0.0258066244
0.0356894471
0.0033582554
0.0148683488
0.0082532484
0.0492925569
0.0244971607
0.0588795096
0.0162970833
0.0077357995
0.0034043454
0.0119944382
0.0521608852
0.0109180128
0.0408778228
0.0536054336
0.0061935345
0.0369695835
0.0161600355
0.0364848375
0.0611248687
0.0353868566
0.0552129000
0.0644812137
0.0222037211
0.0640781447
0.0029494059
0.0102073625
0.0091429427
0.0118517131
0.0180614460
0.0039032570
0.0064691342
0.0640259534
0.0345541798
0.0563043579
0.0225807540
0.0228775218
0.0677951127
0.0595079400
0.0557188503
0.0500975773
0.0194416977
0.0092007136
0.0035165066
0.0312604122
0.1121006235
0.0073061371
0.0090683093
0.0442913733
0.0610437803
0.0330192409
0.0075307130
0.0040444206
0.0104980450
0.0316616297
0.0312418286
0.0434452891
0.0540977716
0.0101866871
0.0422997735
0.0138423545
0.0099204369
0.0713453069
0.0074594291
0.0104749305
0.0037732078
0.0586018004
0.0271510035
0.0456744134
0.0170399956
0.0062523587
0.0122678811
0.0204863381
0.0084918877
0.0242164005
0.0649343282
0.0139962705
0.0458869338
0.0032141786
0.0161319971
0.0042350856
0.0087038409
0.0656253994
0.0032094147
0.1132182926
0.0075083552
0.0030997405
0.0238966756
0.0154042393
0.0034967707
0.0332665481
0.0153152365
0.0045888526
0.2228010148
0.0174062178
0.0240312405
0.0148471463
0.0603151172
0.0278382525
0.0035638637
0.0652586073
0.0567172319
0.0071994127
0.0133605087
0.0107306857
0.0414465778
0.0286435466
0.0356422141
0.0530654825
0.0385004133
0.0048292717
0.0170288105
0.9396061301
0.0328754894
0.0213450231
0.0621629320
0.0068874806
0.0172402207
0.0083950534
0.0312949084
0.0435027294
0.0230507534
0.0099291354
0.0599660724
0.0645939782
0.0335232988
0.0080985446
0.0067154560
0.0049550543
0.0492846780
0.0143476054
0.0100158388
0.0125917532
0.0605557896
0.0188172832
0.0208313838
0.0191023517
0.0083784452
0.0477875508
0.0365931243
0.0067510027
0.0385321118
0.0305759348
0.0036093232
0.0030889013
0.2454797626
0.0042321100
0.0030695612
0.9999415874
0.0112618748
0.0129449908
0.0091781681
0.1371251941
0.0608247854
0.0138482321
0.0050383965
0.0272675920
0.0071523767
0.0090164654
0.0374192744
0.0044524516
0.0470825322
0.0040194942
0.0039592902
0.0128636798
0.0492749847
0.0089422949
0.0035646914
0.0159646887
0.0214363672
0.0042644613
0.0713027269
0.0088891033
0.0134525234
0.0049355766
0.0064115743
0.0066394862
0.0129373865
0.0282213688
0.0370117836
0.0346455276
0.0206462611
1.0424742699
0.0311970338
0.0543877818
0.0047312248
0.0150430314
0.0093584983
0.0036559398
0.0049326536
0.0177346449
0.0550665781
0.0511833280
0.0099424822
0.0315737203
0.0080262292
0.0038757757
0.0257183202
0.0133401388
0.0160849206
0.0229883604
0.0195637718
0.0187032335
0.0600835048
0.0116154822
0.0127454260
0.0054546245
0.0349853151
0.0094687780
0.0511375703
0.0049908366
0.0093110874
0.0155276256
0.0030261637
0.0680042058
0.0134501290
0.0102077546
0.0031902799
0.0190425012
0.0123422779
0.0512680523
0.0112992590
0.0055807265
0.0191327408
0.0171449892
0.0470765270
0.0437881984
0.0521111563
0.0304575078
0.0234450102
0.0402143598
0.0453730226
0.0353715010
0.0309173837
0.6168934703
0.0561368801
0.2289603651
0.0453175791
0.0035760987
0.0034836212
0.0031435334
0.4691164196
0.0399393067
0.0201808456
1.0036176443
0.0321129002
0.0163184032
0.0467013270
0.0050367247
0.0384619832
0.0691989139
0.0696731880
0.0234623142
0.0423242152
0.0558742024
0.0547433645
0.0380006507
0.0642892048
0.0139253167
0.0461950451
0.0188283678
0.0183756035
0.0329759531
0.0595985278
0.0288460366
0.0374930650
0.0044468134
0.0038080949
0.0185770188
0.0228262953
0.0628032386
0.0705267489
0.0090001328
0.2159472555
0.0278995223
0.0709427074
0.0095190061
0.0272102300
0.0358718559
0.0395121798
0.0029585105
0.0692869127
0.0078390837
0.0459775031
0.0038290666
0.0057857647
0.0589153878
0.0042569549
0.0033859638
0.0180329625
0.0705443025
0.0221205931
0.0145538440
0.0035336625
0.0193179063
0.0701504946
0.0031457325
0.0056775771
0.0483132452
0.0034737629
0.0644158497
0.0031624334
0.0359798856
0.0046476014
0.0177726671
0.0482359976
0.0068089725
0.0488521345
0.0283057019
0.0477652587
0.0098201521
0.0103295352
0.0097500607
0.7966870666
0.0053534200
0.0087051895
0.0176045131
0.0725589097
0.0291568134
0.0117223365
0.0213447008
0.0707239881
0.0494630449
0.0255600940
0.0282793548
0.8571597934
0.0033920694
0.0069665196
0.0585040897
0.0437437892
0.0051943799
0.0047738487
0.0155327301
0.0230770968
0.0211492870
0.0315263495
0.0061503220
0.0153187839
0.0058754259
0.0128961699
0.0279504489
0.0103585869
0.0439347290
0.0040294919
0.0496110544
0.0466727354
0.0642074347
0.0048945933
0.0175958443
0.0602852218
0.0031708146
0.0580265000
0.0637575388
0.0478408113
0.0488305874
0.0040010894
0.0251341555
0.0034321959
0.0037798446
0.0658787712
0.0115141608
0.1265595555
0.0134007670
0.0032596351
0.0184770916
0.0179966539
0.0107315052
0.0705821514
0.0201987978
0.0295503009
0.0730426088
0.0251675807
0.0041772681
0.0650696233
0.0648682117
0.0559215024
0.0250551775
0.0030330038
0.0358324312
0.0487772487
0.0410298146
0.0045584748
0.0142296748
0.1152581573
0.0069822450
0.0139464242
0.0206154902
0.0317188464
0.0618790239
0.0438287668
0.0598798431
0.0079534715
0.0145529713
0.0708297119
0.0096359756
0.0502217971
0.0216326993
0.0478428230
0.2775140107
0.0245128144
0.0210461710
0.0030351814
0.0056517334
0.0051011122
0.0119972769
0.0394891948
0.0357333198
0.0463131294
0.0208792686
0.0500145778
0.0396730453
0.0123601835
0.0681096837
0.0206531622
0.0230624080
0.0079782540
0.0163676888
0.0313634425
0.0176882334
0.0359380394
0.0039838320
0.0451121628
0.0103031145
0.0117887305
0.0599351600
0.0113581978
0.0188581385
0.0554684289
0.0616023466
0.0120333582
0.0364103615
0.0265593547
0.3176418543
0.0101991296
0.0173054505
0.0054256795
0.0095097683
0.0263962429
0.0093833478
0.0360080190
0.0687890425
0.0689197481
0.0493229628
0.0279647727
0.0283841174
0.0100215143
0.0112596117
0.0222183410
0.0275935903
0.0285133086
0.0586727969
0.0454061888
0.0037093128
0.0122700064
0.0068005426
0.0463476330
0.0051931585
0.0213086158
0.0470729321
0.0240205433
0.0058639525
0.0097774845
0.0331040435
0.0189740323
0.0095251659
0.0540273637
0.0057295589
0.0034003728
0.0389736295
0.0460665859
0.0325307511
0.0042392509
0.0532127470
0.0263029635
0.0068515069
0.0129746851
0.0379689932
0.0125094224
0.0487162285
0.0037334058
0.0434873141
0.0272373017
0.0127211669
0.0672970116
0.0430945046
0.0212469753
0.0188335758
0.0443520695
0.0157127772
0.0201996695
0.0697021335
0.0318199210
0.0334399529
0.0060097370
0.0143536199
0.0533270910
0.0118915597
0.0282100923
0.0149232028
0.0049045603
0.0506618842
0.0427739993
0.0104580997
0.0295815561
0.0473685637
0.0135098426
0.0101340236
0.0025705742
0.0065567801
0.0213638879
0.0037875751
0.0242223833
0.0189388618
0.0225567296
0.0418601073
0.0089848246
0.0296248440
0.0440561250
0.0489307381
0.9663352370
0.0253038574
0.0395279154
0.9005377889
0.0085528539
0.0806925818
0.1390117705
0.0489746332
0.0504285805
0.0408851728
0.0049460279
0.0165586509
0.0058711302
0.0718174726
0.0238424372
0.0223086029
0.0038605963
0.0534363128
0.0029465815
0.0503011867
1.0046694279
0.0105023487
0.0270233043
0.0209764931
0.0621524863
0.0492776819
0.0320182964
0.0710751340
0.0484183729
0.0246709567
0.0640145242
0.0060845353
0.0698981881
0.0257349219
0.0245114490
0.0077054803
0.0103291608
0.7484284043
0.0114991926
0.0664602295
0.0098818475
0.0049227122
0.0125690950
0.0144210504
0.0453607999
0.0149026271
0.0071784165
0.0214428343
0.0033967476
0.0173081439
0.2488758415
0.0215910245
0.0044958941
0.0129914805
1.0154099464
0.0280770324
0.0596639775
0.0262643788
0.0456704497
0.0043460880
0.0210750662
0.0195874963
0.0487800650
0.0551735386
0.0488791093
0.0164390523
0.0266389847
0.0348118581
0.9967013001
0.0096701765
0.0141649609
0.0243901070
0.0063421465
0.0081394194
0.0457457453
0.0178371556
0.0404014513
0.0449165478
0.0314384177
0.0588092059
0.0032447332
0.0675573498
0.0237038378
0.0069032772
0.0047713877
0.0297830366
0.0281290635
0.0089146588
0.0122727072
0.0060322625
0.0078730853
0.0048513464
0.0129585313
0.0262488965
0.0035688493
0.0628179312
0.0189392027
0.0372584872
0.0647760257
0.0510419011
0.0072895158
0.6648878455
0.0460107550
0.0375263207
0.0167812239
0.0491145365
0.0070053264
0.0154133281
0.0121659990
0.0038087892
0.0057841833
0.0247662682
0.7736397386
0.0124573978
0.7774772644
0.7748015523
0.0161304660
0.0446913540
0.0032380612
0.0133213671
0.0355389714
0.0041481559
0.0039628330
0.0083478475
0.0193722900
0.0104102595
0.0129970731
0.0096910782
0.0253353138
0.0586112551
0.0444041379
0.0301494803
0.0550873317
0.0395983122
0.0195099059
0.0029205123
0.0556637906
0.0032540506
0.0357469507
0.0093400534
0.0078186309
0.0169021860
0.0091670183
0.0342952050
0.0294420756
0.0066155810
0.0047580171
0.0495199710
0.0467269272
0.0440280251
0.0062724221
0.0122023998
0.0177496709
0.0477570556
0.0046249614
0.0492175072
0.0133907571
0.0232410450
0.0485184304
0.0100516826
0.0726307258
0.0037921483
0.0289117936
0.0237281192
0.0272092987
0.0193232968
0.0103936940
0.0478199273
0.0518832766
0.0448896661
0.0314656161
0.0087189656
0.0134109417
0.0063905506
0.0391623043
0.0431481525
0.0032807563
0.0101799443
0.0546692722
0.0035093678
0.0237320215
0.0292833094
0.0234109126
0.0032203512
0.0435418375
0.0309914537
0.0394639447
0.0065874108
0.0044473698
0.0241709128
0.0156151159
0.0100573944
0.0128900455
0.0250556301
0.0441954620
0.0056243921
0.6062571406
0.0290414691
0.0439389385
0.0634040833
0.0157409813
0.0193877108
0.0423559770
0.0154424449
0.0449306592
0.0372674987
0.0277669746
0.0224317573
0.0151373930
0.0605016872
0.0404714234
0.0080074510
0.0098879160
0.0048833708
0.0366364233
0.0169874635
0.0177985113
0.0228345692
0.0165531766
0.0409934632
0.0059960126
0.0650852174
0.0264505353
0.0936159641
0.0492512733
0.0658122078
0.0074380166
0.0031335149
0.0555861890
0.0730596036
0.1519258767
0.0644871220
0.0044152844
0.0098028760
0.0113221481
0.0095193945
0.0035471101
0.0219147634
0.0086338520
0.0072240620
0.0422297120
0.0345854051
0.0233599879
0.0047753048
0.0552838817
0.0370824412
0.0421847329
0.0034676061
0.0057713166
0.1136989817
0.0196592100
0.2997395098
0.0334707461
0.0149164516
0.0377316512
0.0449915566
0.0266546160
0.0413963832
0.0030083163
0.0171038806
0.0295413490
0.0047753551
0.0487150773
0.0491165072
0.0137610566
0.0457366854
0.0326448232
0.0035970113
0.0033264894
0.0183596909
0.0551616922
0.0327120125
0.0032520036
0.0079518734
0.0079507735
0.0134421410
0.0043533780
0.0094514256
0.0511877872
0.9198702574
0.0374826416
0.0405053459
0.0461436324
0.0044470695
0.0151488278
0.0315940492
0.0370197184
0.0275565032
0.0209884308
0.0414970815
0.0385300629
0.0121539216
0.0063180425
0.0111864787
0.0176757835
0.0401872844
0.0526454113
0.0358445980
0.0073906328
0.0257537626
0.0383681543
0.0043332521
0.0307682361
0.0193284862
0.0553548187
0.0650049448
0.0117857521
0.0583950914
0.0240406077
0.0114437891
0.0141368713
0.8248991370
0.0365378559
0.0032572430
0.8235718012
0.0262828935
0.6783968210
0.0306177661
0.0060506309
0.0666399375
0.9557560086
0.0260633361
0.0122968191
0.0606384054
0.0136431400
0.0719018281
0.0185962413
0.0263020359
0.0406187028
0.0216348134
0.0035693471
0.0479931906
0.0373054221
0.0208461881
0.0118195359
0.0257749185
0.0390681811
0.0051305247
0.0405968502
0.0592971966
0.0090838764
0.0039793602
0.0055165617
0.9351300001
0.0042898166
0.0460068323
0.0080772322
0.0098388428
0.0404767059
0.0283128992
0.0094916150
0.0133939264
0.0145978462
0.0697562695
0.0692202896
0.0060281665
0.0566990413
0.0037812465
0.0064102323
0.0387365483
0.0088188024
0.0492606498
0.0292618442
0.0163083840
0.0498581044
0.0073474338
0.0549322069
0.0385779105
0.0061713681
0.0041065039
0.0514693931
0.0171096120
0.0059368466
0.0483006537
0.0444164313
0.0552233197
0.0041029272
0.0270155538
0.0145244282
0.0121832630
0.0067533324
0.0050779115
0.2139154673
0.0726471171
0.0250204317
0.0484162979
1.0039561987
0.0062783672
0.0178391971
0.0428660586
0.0123017933
0.0099729309
0.8693122864
0.0198129881
0.0321449824
0.8832644224
0.0282035824
0.0567658916
0.0609809533
0.9417453408
0.0077383211
0.1814632565
0.0194381587
0.0172205288
0.0724437460
0.0105550094
0.0120628709
0.0195270013
0.0104972869
0.0302991252
0.0126145035
0.0139354710
0.0057128915
0.0522292443
0.0112579865
0.0330083147
0.0041706534
0.0274000298
0.0075505883
0.0358360894
0.0035677759
0.0133080250
0.0063636913
0.0313276239
0.0260163154
0.0514900088
0.0380423069
0.0045487564
0.0089763440
0.0381079987
0.0647878125
0.0060469522
0.0145495301
0.0282390695
0.0120668849
0.0181930251
0.0566183999
0.0158305783
0.0585428178
0.0727664977
0.0063423133
0.0029175133
0.0261050630
0.0566525646
0.0061130021
0.7891454101
0.0291372612
0.0184448659
0.0134030916
0.6838114262
0.0320348553
0.0578174666
0.0037570705
0.1936815977
0.0107222963
0.0031982556
0.0671624318
0.0113115497
0.0639407262
0.0338370502
0.0181373209
0.0040453826
0.0136643220
0.0504539609
0.0669724569
0.0744890645
0.0286303796
0.0177817587
0.0045329081
0.0235997848
0.0222845301
0.1847307384
0.0143909929
0.0608344488
0.0033355316
0.0104160523
0.0519245379
0.0069035217
0.0497527160
0.0108573483
0.0599864237
0.0296873525
0.0093201045
0.0083080670
0.0372661836
0.0352939740
0.0235369820
0.0398877226
0.0176908039
0.0234326422
0.0029444052
0.0439196378
0.9646899104
0.0146353366
0.0075783804
0.0296159852
0.0099021830
0.0088947052
0.0403675735
0.0183777306
0.0107869357
0.8657191992
0.0515591204
0.0093989260
0.0047898930
0.0031245460
0.0038062935
0.0365038924
0.0073437784
0.1143264025
0.0463332124
0.0416168943
0.0271569192
0.0517816693
0.0091904700
0.0064041629
0.0053338199
0.0661492497
0.0395612344
0.0309564862
0.0060523571
0.0079296762
0.0030661488
0.0064524952
0.0391132087
0.0426550247
0.0491638295
0.0128444955
0.0537930168
0.0513180941
0.0171239134
0.0088114357
0.0090752067
0.0167657565
0.0167088341
0.0196901504
0.0088891089
0.0113530131
0.0155667895
0.0132896723
0.0075621037
0.0032648181
0.0052514640
0.0133333886
0.0294136330
0.0285327304
0.0504749343
0.0499025024
0.0121695502
0.0405363068
0.0051809307
0.0035341268
0.0031384444
0.0090462305
0.0041752066
0.0051563741
0.0452906340
0.0340454355
0.0210684724
0.0549897291
0.0101471310
0.0370961763
0.0070140832
0.0042329086
0.0372130200
0.0042103427
0.0429298878
0.0108606806
0.0630314872
0.0357435979
0.0713313073
0.0320006423
0.0116986567
0.0389447138
0.0458848663
0.0059649032
0.0170411654
0.0178202521
0.0647354424
0.0606917255
0.0050645992
0.0255293101
0.0399871655
0.0264681615
0.0318572633
0.0062004747
0.0212172642
0.0345572047
0.0360113159
0.0063210265
0.0038227036
0.0035779860
0.0868171528
0.0182417911
0.0120496964
0.0175791383
0.0147167603
0.0560007468
0.0443846136
0.0395083912
0.0586938970
0.0075189923
0.0171249695
0.0079641994
0.0139462193
0.0247038659
0.0064644204
0.0085284514
0.0206488669
0.0046289898
0.0191828497
0.0082647549
0.0045389957
0.0373890772
0.0401655659
0.0734553710
0.0211702939
0.0596067682
0.0473224930
0.0711079314
0.0464840084
0.0060858699
0.0210744571
0.0259563979
0.0381694175
0.0064224862
0.0515968613
0.0037815494
0.0053030788
0.0108803753
0.0080164243
0.0209702458
0.0107173277
0.0457176119
0.0121117188
0.0039608809
0.0221833140
0.0053461688
0.1311831325
0.0347620212
0.9583917260
0.0333276577
0.0064255791
0.0091738431
0.0276822094
0.0300307628
0.0175106879
0.0611114055
0.0057862098
0.0703231171
0.0435783640
0.0099858977
0.0441930331
0.0584516935
0.0346143134
0.0063778227
0.0050876625
0.0854894146
0.0527107753
0.0499402583
0.0061345901
0.0183200650
0.0455605499
0.0608242974
0.0367161967
0.0200381577
0.0306179449
0.0059817415
0.0047800262
0.0035089145
0.0046234177
0.0040897159
0.0208287928
0.0034329097
0.0426792130
0.0205511916
0.0164046194
0.0099678338
0.0448946767
0.0154503807
0.0059762890
0.1328837276
0.0457729734
0.0141141657
0.0194397941
0.0352670774
0.0032051855
0.0056878510
0.0751136839
0.0154195288
0.0207111128
0.0129530020
0.0073273978
0.0230276771
0.0632895306
0.0478277989
0.0294650197
0.0278391298
0.0075920494
0.0216304008
0.0388588719
0.0106375329
0.0190125145
0.0715747178
0.2987644970
0.0374654569
0.0231726710
0.6926689148
0.0211226121
0.0668871626
0.0411441736
0.0310144629
0.0078102206
0.0670520812
0.0630392954
0.0113847181
0.0238427781
0.0075360681
0.0403068140
0.0429697856
0.0611406602
0.0431148745
0.0144745614
0.0037307302
0.0519349687
0.0065972391
0.0141543541
0.0593336113
0.0593934469
0.0425655283
0.0336828940
0.0643880293
0.0601762719
0.0039529344
0.0288184676
0.0069276555
0.0236371197
0.0176601596
0.0656406134
0.0413488671
0.0407852046
0.0186879057
0.0282583311
0.0049367193
0.0196562707
0.0300377421
0.0600730367
0.0173821766
0.0100694140
0.0303025730
0.0264472514
0.0071026571
0.0567024909
0.0093009826
0.0220505912
0.0141400397
0.0102328556
0.0093919430
0.0192904063
0.8099440336
0.1024274454
0.0091172773
0.0041159173
0.0391579121
0.0078255218
0.0133112222
0.0136885354
0.0039681210
0.0078709656
0.0163084622
0.0074985656
0.7527245283
0.0575994961
0.0172357541
0.0121289119
0.0447852723
0.0035541642
0.0184711963
0.0599783696
0.0314970724
0.0060778530
0.0035855910
0.0746200830
0.0156294443
0.0194823183
0.0115116229
0.0051911664
0.0156732854
0.0136214811
0.0320509784
0.0369760580
0.0583536625
0.0047294758
0.0037866186
0.0534777343
0.0079622334
0.0576047748
0.0317003168
0.0145938862
0.0316173658
0.0463759489
0.0405135937
0.0566048883
0.0348841250
0.0288379323
0.0150000509
0.2781226933
0.0653173551
0.0270012207
0.0543980151
0.0615901835
0.0505255759
0.0030217278
0.0094351778
0.0696415454
0.0082966639
0.0113413790
0.0562015399
0.0686995536
0.0413167886
0.0241198838
0.0066970633
0.0215840340
0.0489305593
0.0041997102
0.0706201270
0.0425613001
0.0372699425
0.0678644776
0.0186429247
0.0046220766
0.0048597646
0.0062554395
0.0698298737
0.0236923136
0.0040405970
0.0193170309
0.0079229530
0.0382851735
0.0138924196
0.0575749837
0.0292980950
0.0055784457
0.0348821282
0.0413898639
0.0369166173
0.0035735718
0.0107502034
0.0368286744
0.0056847632
0.0186804030
0.0687793195
0.0344272815
0.0214394163
0.0636755601
0.0667705834
0.0254991259
0.0612044260
0.0141276997
0.0193335488
0.0130975647
0.0045704106
0.0101910075
0.0251262039
0.2320402414
0.0698383823
0.0092531992
0.0061401208
0.0595299676
0.0263389386
0.0258628447
0.0197395943
0.0512240343
0.0041524321
0.0049726702
0.0298667606
0.0564298667
0.0409299023
0.0659628212
0.0146308625
0.0131349554
0.0283715688
0.0244617462
0.0139236990
0.0189242102
0.0464472137
0.0065833665
0.0133557701
0.0492521785
0.0325743891
0.0592501871
0.0186632052
0.0106982673
0.0076839384
0.9131991267
0.0055114334
0.0167310275
0.0423470400
0.0470086969
0.0085214833
0.0097351642
0.0453895368
0.0064969701
0.0254339613
0.0081477109
0.0071494789
0.0124533912
0.0092946710
0.8906950355
0.0125319650
0.0303693097
0.0494574904
0.0050712270
0.0144295422
0.0147631355
0.0057022977
0.0060863663
0.0094958981
0.0230901930
0.0383767039
0.0108894808
0.0204374772
0.0164974108
0.0659937635
0.0667019859
0.0150473388
0.0387528464
0.0176399220
0.1394645870
0.0385167748
0.0476284362
0.0317931361
0.0402182639
0.0643769652
0.0431006998
0.0672592521
0.0291073453
0.0082069682
0.0038807301
0.0085206870
0.0177925564
0.0071195159
0.8372558355
0.0056486675
0.0059498139
0.0056487452
0.0727820024
0.0544644818
0.0057982770
0.0202159490
0.0304913875
0.0723323375
0.0729716942
0.0244188067
0.0068823141
0.0378322899
0.0159886070
0.0564409532
0.0132302297
0.0704294443
0.0310100820
0.0096216621
0.0499312542
0.0050419294
0.0678915679
0.0170739740
0.0524527952
0.0256045163
0.0428364836
0.0271921754
0.8831319213
0.0569470264
0.0641506687
0.0395301580
0.0439709499
0.0256050173
0.0499326847
0.0422917679
0.0137159433
0.0083668455
0.0034385757
0.0298850946
0.0033588193
0.0489652604
0.0038001435
0.0699700043
0.0066044866
0.0474729352
0.0275974870
0.0104394713
0.0606408715
0.0090283453
0.0085325399
0.0343023427
0.0471588895
0.7836710811
0.0047468208
0.0451787896
0.0432918146
0.0374107249
0.0726476908
0.0245503150
0.0696277022
0.0042511192
0.0085669123
0.0308950599
0.0078286352
0.0382685363
0.0075671840
0.0383695923
0.0533697866
0.0601991527
0.0102142254
0.0322108641
0.0120158931
0.0083243959
0.0779095218
0.0472142324
0.0440383255
0.0042451830
0.0128164692
0.0788420513
0.0192162264
0.0153870415
0.0146950241
0.0145101594
0.0260311291
0.0059177331
0.0189180262
0.0248363707
0.0316616520
0.0642839819
0.0051893885
0.0125562074
0.0677524582
0.0243804343
0.0177857839
0.0129190031
0.0081205899
0.0032990340
0.8668698072
0.0153055713
0.0604187101
0.0138833635
0.0183441322
0.0171944108
0.0683859214
0.0102635156
0.0119794384
0.0070586451
0.0374613479
