0.0304262247
0.0162187964
0.0120302737
0.0058361269
0.0635835156
0.0065457965
0.0064378916
0.0050568664
0.0296913255
0.0123447096
0.0308634322
0.0561633222
0.0060516442
0.0499110222
0.0094519155
0.0181751642
0.0476445891
0.0732024163
0.0096090510
0.0064944075
0.0155334109
0.0414355472
0.0033269373
0.0556204319
0.0381421000
0.0717108920
0.0336986855
0.0623198338
0.0076161004
0.0326875448
0.0199315380
0.0044886651
0.0255208798
0.0077493363
0.0033435593
0.0169566497
0.0102283591
0.0277630333
0.0085165026
0.0342830457
0.0349405780
0.0298629571
0.0531405732
0.0071263625
0.0468693897
0.0655603334
0.0113527318
0.0262414180
0.0436381176
0.0047261538
0.0569543317
0.0147955641
0.0070058480
0.0283832829
0.0039961175
0.0040963353
0.0034025877
0.0037117633
0.0035419294
0.0515779182
0.0091773644
0.0286945142
0.0029609650
0.0124725858
0.0156337414
0.0228184387
0.1079260409
0.0507360585
0.0743694007
0.0157264061
0.0187584460
0.0483956262
0.0574641675
0.0238814484
0.0063666725
0.0393527634
0.0368804559
0.0374863036
0.0401898548
0.0088973828
0.0260025840
0.0116505651
0.0653148293
0.0220024288
0.0062195547
0.0122442292
0.0274617840
0.0079122195
0.0265282989
0.0205547214
0.0049504642
0.0698479041
0.0049386891
0.0048114280
1.1098409891
0.0046188231
0.0354059562
0.0318326689
0.0164819472
0.0097962152
0.0110543054
0.0049811043
0.0475531816
0.0075292978
0.0470733792
0.0315029435
0.0069108354
0.0051416778
0.0095551861
0.0478696190
0.0347917974
0.0266222879
0.0030279981
0.0058333706
0.0453429744
0.0173368342
0.0061008148
0.0728127882
0.0700326785
0.0784582198
0.0122888852
0.0036157570
0.0067605330
0.0191089176
0.0717496872
0.0294269696
0.0030803781
0.0050516455
0.0092580160
0.0166393928
0.0251682010
0.0321084224
0.0388623811
0.0034321710
0.0415245853
0.0618463829
0.0088680824
0.0403202213
0.0457290076
0.2775487900
0.0345222019
0.0067676697
0.0035659994
0.0141373705
0.0105840098
0.0076679359
0.0395325869
0.0126006557
0.0118564824
0.0696843192
0.0313535817
0.0228784923
0.0125658708
0.0994596928
0.0208887756
0.0480300672
0.0620476156
0.1099041700
0.0063601667
0.0367453657
0.0809245035
0.0564272925
0.0244756527
0.0432460830
0.0265214182
0.0320715271
0.0111881681
0.0608126931
0.0363494083
0.0038491967
0.0101844175
0.0648972914
0.0062308176
0.0095324637
0.0495255738
0.0723030642
0.0162067730
0.0487213768
0.0128000211
0.0272446349
0.0097353002
0.0144216502
0.0113718491
0.0054831058
0.0036935851
0.0664577410
0.0163517613
0.0102476515
0.0324967615
0.0031905414
0.0192649420
0.0200599097
0.0277850758
0.0140277930
0.0308092348
0.0052689067
1.1652565002
0.0075675882
0.0122101605
0.2914711535
0.0198663455
0.2446819842
0.0110951997
0.0030489985
0.0382320210
0.0274015944
0.0430757888
0.0044554994
0.0187236741
0.0040173559
0.0309131406
0.0524670593
0.0477883630
0.0039071273
0.0122027956
0.0162834749
0.0034345274
0.0471557379
0.0088668484
0.0099748010
0.0283570681
0.0205564313
0.0051555643
0.0420669392
0.0335043818
0.0284903850
0.0038942208
0.0066313283
0.2184918374
0.0035599638
0.0178893656
0.0401633456
0.0033425353
0.0087607363
0.0087249959
0.0338010229
0.0029811661
0.0455288664
0.0296354871
0.0987083390
0.0273255371
0.0283576790
0.0090823965
0.0236000512
0.0064484226
0.0150257265
0.0341153219
0.0335459262
0.0131056327
0.1660774499
0.0029103516
0.0719399750
0.0039418847
0.0552676655
0.0430203713
0.0201724637
0.0418160073
0.0284051616
0.0103180027
0.0420424789
0.0272225011
0.0201594718
0.0062643718
0.0117157949
0.0671018511
0.0100727500
0.0700765178
0.0154311573
0.0090919305
0.0790078193
0.0731870383
0.0300880298
0.0296038892
0.0560543053
0.0574962310
0.0029582921
0.0221046358
0.0034529706
0.0184777416
0.0098805251
0.0271073580
0.0262933448
0.0073102666
0.0502819046
0.0345733538
0.0416008383
0.0043616695
0.0181395225
0.0405546725
0.0449604467
0.0054861591
0.0033694981
0.0373889245
0.0031998951
0.0367967784
0.0548108704
0.0342845060
0.0063971770
0.0051430454
0.0394715518
0.0080193290
0.0105828261
0.0114444206
0.0077831470
0.0781815350
0.0473331846
0.0145170009
0.0449044928
0.0377273038
0.0087966342
0.0033546090
0.0101405904
0.0310322568
0.0029224334
0.0035018048
0.0094348881
0.0113313515
0.0115899658
0.0725774765
0.0248115957
0.0104109105
0.0053357775
0.0608539432
0.0378917046
0.0123261176
0.0191093720
0.0056259474
0.0038236440
0.0034163611
0.0235398300
0.0278350078
0.0284020081
0.0043838974
0.0050846748
0.0052086292
0.0345643498
0.0047399965
0.0034610576
0.0304271318
0.0422672369
0.0094969533
0.0033868954
0.0030242782
0.0732551366
0.0150239281
0.0333863832
0.0647263676
0.0784032568
0.0241656713
0.0349085107
0.0871985406
0.0424948186
0.0261197593
0.0606043227
0.0263593048
0.0118131526
0.0389882363
0.0244512632
0.0047579217
0.0194377769
0.0090199839
0.0090075815
0.0327926651
0.0161957443
0.0033645709
0.0112887491
0.0514376834
0.0039097364
0.0253924914
0.0318335705
0.0202696156
0.0118788518
0.0036504141
0.0192175079
0.0056014638
0.0208883490
0.0525188632
0.0511527546
0.0238092206
0.0031702884
0.0705371350
0.0358996354
0.0586904213
0.0289926957
0.0529509448
0.0143371020
0.0035901996
0.0653252378
0.0127882659
0.0131363505
0.0202591401
0.0180103369
0.0140523743
0.0534185581
0.0046202214
0.0145910019
0.0064959596
0.0098714335
0.0557754897
0.0260681380
0.0103107458
0.0327859037
0.0594823137
0.0604020208
0.0341275744
0.0221479796
0.0466716811
0.0166814271
0.0036756722
0.0475242659
0.0380230248
0.0109052872
0.0663075820
0.0396707244
0.0319257639
0.0131412009
0.0272297896
0.0327349082
0.0581655204
0.0115134353
0.0073053665
0.0444158390
0.0189720318
0.1007681116
0.0149478093
0.0410385877
0.0080323666
0.0541512109
0.0049269088
0.0413200632
0.4819016755
0.0170612801
0.0394557491
0.0381644741
0.0431272388
0.0907702670
0.0648085997
0.0690604746
0.0211540908
0.0105356919
0.0168219954
0.0124474335
0.0286819898
0.0150141558
0.0687217414
0.0141662983
0.0057854853
0.0067339172
0.0058495211
0.0046645720
0.0452780426
0.0041735186
0.0100702951
0.0398833938
0.0111577595
0.0136008235
0.0082357312
0.0522529185
0.0065495605
0.0039524133
0.0712523609
0.0148034636
0.0731979385
0.0094859609
0.0232369788
0.0210819151
0.0063970978
0.0147220418
0.0606271885
0.0140478797
0.0046797865
0.0625695363
0.0120055517
0.0447318293
0.0068136114
0.0602703243
0.0599020869
0.0060468242
0.0398508348
0.0726965815
0.0654895976
0.0451843925
0.0208863169
0.0268985704
0.0033212272
0.0179723483
0.0100865876
0.0209378041
0.0278049707
0.0121761393
0.0118018351
0.0145089468
0.0476840734
0.0561283045
0.0098006558
0.0411983579
0.0862630382
0.0098674558
0.0211025681
0.0128947766
0.0341246165
0.0803817958
0.1287119091
0.0634230375
0.0471431762
0.0039536133
0.0074237701
0.0608604215
0.0619146116
0.0440823846
0.0386204682
0.0105887670
0.0472152792
0.0322945639
0.0100434721
0.0506579727
0.0682278946
0.0160004664
0.0057374262
0.0436708555
0.0109010739
0.0213365536
0.0067418749
0.0149831064
0.0108098853
0.0047003571
0.0626630560
0.0051171016
0.0134725915
0.0040795645
0.0083688572
0.0501010306
0.0160209220
0.0050271535
0.0172625259
0.0601119660
0.0397972763
0.0360866562
0.0088246288
0.1129583269
0.0054261214
0.0564382561
0.0343309604
0.0229623318
0.0209801793
0.0350906216
0.0154758487
0.0280304085
0.0043330649
0.0281529296
0.0126789017
0.0038455164
0.1110859662
0.0557956398
0.0115968054
0.0035299328
0.0729005635
0.0202564728
0.0585630797
0.0343197510
0.0387976207
0.0505079217
0.0041133305
0.0085226744
0.0358834453
0.0297633428
0.0111830104
0.0475053675
0.0044563483
0.0497614741
0.0116648655
0.0515260436
0.0039760042
0.0644812733
0.0081654629
0.0114206700
0.0674418584
0.0324479342
0.0129118040
0.0173866171
0.0646084845
0.0051145325
0.0120898141
0.1352637261
0.0044811168
0.0123199867
0.0866322815
0.0035778664
0.0520577170
0.1276906133
0.0133534158
0.0054348260
0.0046389014
0.0581038371
0.0404581837
0.0047001611
0.0282417573
0.0499935523
0.0486778021
0.0042724898
0.0077733896
0.0615502223
0.0220229812
0.0117162913
0.0572086014
0.1290357709
0.0174508709
0.0680518076
0.0115889898
0.0418169834
0.0387196131
0.0121641709
0.0363917239
0.0490736812
0.0036461148
0.0238588043
0.0466716476
0.0466318950
0.0095407953
0.0568068884
0.4268728197
0.0268833824
0.0338045098
0.0690009817
0.0216296539
0.0034786109
0.0582822040
1.1320641041
0.0212887209
0.0307243504
0.0037989118
0.0398107618
0.0112690963
0.0172248278
0.0148209240
0.0076075038
0.0173459966
0.0214516036
0.0054592406
0.0038367230
0.0030310526
0.0206777677
1.1509310007
0.0961768627
0.0416779853
0.0056185885
0.0611790754
0.0345022082
0.0049360655
0.0161988884
0.0600931086
0.0495440289
0.0335875563
0.0053698681
0.0450979546
0.0292393565
0.0208642632
0.0250582453
0.0430515707
0.0209047664
0.0887444317
0.2512556016
0.0074966508
0.0310910959
0.0059718932
0.0172767974
0.0041432036
0.0143944407
0.0033081155
0.0162360184
0.0135827269
0.0497912169
0.0203308295
0.0833643302
0.0239473172
0.0802977309
0.0038488719
0.0200204626
0.0170104578
0.0031951272
0.0361881740
0.0135365035
0.0063766493
0.0329342335
0.0110671716
0.0095351310
0.0095806057
0.0328607149
0.0128310043
0.0068246806
0.0374060273
0.0451264195
0.0296306573
0.0060899993
0.0306555666
0.0060474966
0.0120118009
0.0331559479
0.0473544411
0.0068646274
0.0657752603
0.0210124645
0.0081635285
0.0100438017
0.0294093639
1.1525505781
0.0051722177
0.0547722206
0.0046431702
0.0346124545
0.0228359532
0.0108397305
0.0365767106
0.0192636717
0.0447250381
0.0142876776
0.0231258702
0.0137509946
0.0088112699
0.1304926276
0.0084787095
0.0211718436
0.0491375811
0.0602079779
0.0106547689
0.0075492845
0.0088260043
0.0110041285
0.0604743063
0.0148149524
0.0106688039
0.0093390932
0.0566409230
0.0410927422
0.0242911372
0.0042829397
0.0063597746
0.0077552069
0.0264598392
0.0707647949
0.0846990943
0.0046797371
0.0070909192
0.0079310983
0.0640063733
0.0364723988
0.0455269739
0.0038099920
0.0029455749
0.0340920985
0.0233396795
0.0806716755
0.0040404908
0.0339939483
0.0095337499
0.0424384624
0.0891278833
0.0206308849
0.0248120129
0.0060311351
1.1554145813
0.0064126970
0.0071655023
0.0030647020
0.0208277311
0.0177678596
0.0029879743
0.0252948590
0.0037703644
0.0125988508
0.0137743009
0.0115089267
0.0468492396
0.0341321900
0.0104471920
0.0238812305
0.0161348600
0.0405767448
0.0044264193
0.0068124672
0.0277466048
0.0049430532
0.0372359604
0.0426926576
0.0046933335
0.0141601721
0.0344711132
0.0113242548
0.0381724983
0.0259952024
0.0369939730
0.0381699651
0.0100900689
0.0164027698
0.0751072317
0.0550790429
0.0333575979
0.0101155089
0.0466056801
0.0442821458
0.9814196825
0.0421448536
0.0032951969
0.0040231086
0.0274193995
0.0042303875
0.0042806109
0.0710994750
0.0056105205
0.0164189376
0.0223016068
0.0058006332
0.0039487537
0.0511047654
0.0383655280
0.0037764560
0.0231810752
0.0455954894
0.0330887251
0.0417996533
0.0156397540
0.0366686098
0.0353561305
0.0217996556
0.0300024692
0.0213626288
0.0031227651
0.0164912622
0.0593563914
0.0149713838
0.0099278120
0.0108292447
0.1197198629
0.0053928350
0.0212621558
0.0113121616
0.1323605925
0.0341553204
0.0128288381
0.0059673409
0.0683968961
0.0092819529
0.0038836787
0.0031633109
0.0345150903
0.0711278394
0.0129125807
0.0345620513
0.0104673086
0.0100590447
0.0057189353
0.0518870987
0.0370014720
0.0097038224
0.0262055267
0.1426710933
0.0333359353
0.0707455501
0.0382191911
0.5554149747
0.0512680896
0.0200004205
0.0184758864
0.0528050512
0.0100860214
0.0053349673
0.0349359810
0.0062506022
1.0198496580
0.0291634891
0.0537425280
0.0181358103
0.0194182899
0.0395732634
0.0066798590
0.0089610592
0.0065318872
0.0425548851
0.0545437187
0.0299599487
0.0063003455
0.0411472246
0.0100931628
0.1683414280
0.0243294258
0.0212626550
0.0479003564
0.0256806165
0.0103034610
0.0078878468
0.0065751397
0.0509431325
0.0122269811
0.0070075430
0.0109018357
0.0188767407
0.0184582584
0.0780736431
0.0194078106
0.0547102951
0.0286172573
0.0286137350
0.0097912233
0.0321786888
0.0292610824
0.0137956999
0.0321493261
0.0334412307
0.0125466418
0.2941950858
0.0174912345
0.0335474424
0.0402997583
0.0034350902
0.0067931409
0.0499829054
0.0219728313
0.0165227484
0.0069993436
0.0247323439
0.0753419325
0.0093142129
0.0313110463
0.0111692389
0.0040140538
0.0275805965
0.0281898864
0.0511427075
0.0441881157
0.0031350672
0.0106758550
0.0228259619
0.0282752719
0.0339392461
0.0113196475
0.0676857904
0.0169283431
0.0046143592
0.0051897583
0.0129989693
0.0061606690
0.0041331463
0.0395808555
0.0708225891
0.0080806781
0.0692385361
0.0495417900
0.0337975584
0.0523831472
0.0033312710
0.0066968454
0.0483823046
0.0191965848
0.0510758944
0.0454949737
0.0555350929
0.0136112431
0.0095394645
0.0188171342
0.0111265043
0.0132666901
0.0472582690
0.0060397298
0.0510833487
0.0117123099
0.0729823709
0.0087664742
0.0371532105
0.0550102964
0.0035389108
0.0106916688
0.0266370624
0.0083125858
0.0050288849
0.0681908950
0.0061145471
0.0706766546
0.0391256697
0.0358536281
0.0063566221
0.0067828014
0.0497258417
0.0563614294
0.0372162387
0.0661516190
0.0237353705
0.0186283477
0.0063489452
0.0620790273
0.0153034525
0.0546006784
0.0166883841
0.0250858348
0.0173137411
0.0658426285
0.0145739019
0.0107098660
0.0622447580
0.0044143121
0.0032367471
0.3538727760
0.0414745174
0.0057411548
0.0468254760
0.0102503421
0.5057158470
0.0041005011
0.0059942212
0.0443226434
0.0033146171
0.0337478071
0.0151726510
0.0729265735
0.0611988641
0.0190503169
0.0251222663
0.0758249983
0.0668203607
0.0042885663
0.0278791767
0.0037101996
0.0087080784
0.0390896648
0.0213044789
0.1824875027
0.0402627960
0.0051818886
0.0716588423
0.0035200133
0.0126613500
0.0036129029
0.0051542418
0.0664736331
0.0581188574
0.0215170700
0.0098863235
0.8208643198
0.0679169297
0.0082706744
0.0034570612
0.0710841194
0.0158806238
0.0174282938
0.0275216307
0.0248321593
0.0301375519
1.0619416237
0.0344399624
0.0180809330
1.0737911463
0.0100772297
0.0181640852
0.0425078124
0.0074717756
0.0332571492
0.0241863187
0.0249048118
0.0076559708
0.0681586266
0.0461203158
0.0331334919
0.0662150830
0.0458796211
0.0068311081
0.0039124917
0.0421322100
0.0289888922
0.0036473153
0.0478835404
0.0223034564
0.0172957126
0.0038963221
0.0259102210
0.0878196210
0.0243511740
0.0132596027
0.0538021177
0.0075264047
0.0349889621
0.0513944998
0.0215617120
0.0490839481
0.0057241963
0.0710007101
0.0041749375
0.0102838110
0.0041570039
0.0079384781
0.0297567211
0.0641836971
0.0439579785
0.0145899830
0.0198781639
0.0555509441
0.0523687154
0.1053757444
0.0085568801
0.0038204875
0.0042888816
0.0601774976
0.1364646405
0.0036918044
0.0125254793
0.0146662835
0.0122309541
0.0106153470
0.0177625101
0.0034877826
0.0110328728
0.0237664580
0.0080342852
0.0313621499
0.0203620903
0.0092615085
0.0278455019
0.0229730643
0.0304768104
0.0482420884
0.0054892115
0.0102203228
0.0230935216
0.0391647518
0.0258615613
0.0477526300
0.0159675498
0.0029137495
0.0308136977
0.0060485406
0.0058991844
0.0323943347
0.0526394770
0.0153739247
0.0161523521
0.0252412427
0.0134193143
0.0056466493
0.0667912290
0.0321701616
0.0257719513
0.0063829822
0.0342084579
0.0030337693
0.0275875963
0.0044579147
0.0207148548
0.0437372439
0.0486822389
0.0188917797
0.0109702712
0.0375087224
0.0196298901
0.0282271504
0.0121141979
0.0541756935
0.0133856423
0.0201085210
0.0066762562
0.0142229265
0.0401311852
0.0074234805
0.0659484863
0.0619647913
0.0156488121
0.0310305245
0.0312146265
0.0082748970
0.0805215240
0.0670689419
0.0040260777
0.0031221055
0.0341861658
0.0086658141
0.0143724484
0.0057356288
0.0719034448
0.0321350619
0.0044102562
0.0403179452
0.0287416708
0.0351106972
0.0200448390
0.0718327984
0.0245186854
0.0034239730
0.0677116290
0.0173529647
0.0275959391
1.0534027815
0.0045215525
0.0150410254
0.0460949987
0.0061932998
0.0416773334
1.0156736374
0.0069999318
0.0725897327
0.0048512951
0.0474543311
0.0297473390
0.0484666452
0.0358740762
0.0772631243
0.0029408482
0.0087935496
0.0273728445
0.0219832975
0.0036420564
0.0479343124
0.0420928523
0.0133744609
0.0205732957
0.0099814786
0.0513105616
0.0174289066
0.0151623348
0.0106365178
0.0187785998
0.0455019847
0.0058572022
0.0038878729
0.0581504256
0.0288896859
0.0246906169
0.0100422828
0.0336698703
0.0678958744
0.1313766390
0.0371602811
0.0327398069
0.0245049465
0.0499230810
0.0185463484
0.0323993266
0.0120388661
0.0167689789
0.0063964091
0.0184631869
0.0175730493
0.0161078516
0.0160232950
0.0042832745
0.0226289444
0.0278747827
0.0034455601
0.0217216946
0.0068435813
0.0086460244
0.0294992365
0.0138574047
1.0747361183
0.0363505147
0.0534367599
0.0432705209
0.0205272771
0.0295866542
0.0131425858
0.0270285979
0.5228006244
0.9208630919
0.0116337789
0.0119514354
0.0152761433
0.0085368343
0.0453809351
0.0168942492
0.0447086059
0.0120564951
0.0080705360
0.0215051156
0.0155233014
0.0704278052
0.0222811159
0.0119235730
0.0111632226
0.0292738341
0.0348380581
0.0353280157
0.0285413582
0.0074930303
0.0478513166
0.0065004132
0.0302079283
0.0263323225
0.0375041589
0.0952065364
0.0364739299
0.0565471239
0.0076238262
0.0442586802
0.0057927147
0.0597397871
0.0279143900
0.0048591453
0.0038507862
0.0037203813
0.0338765010
0.0061121057
0.0057307109
0.0029328708
0.0483638979
0.0351784602
0.0054117325
0.0843989328
0.0061640106
0.0030303129
0.9701164365
0.0416054502
0.0050262627
0.0227874480
0.0060578207
0.0134741385
0.0210103877
0.0075836391
0.0590343066
0.0486697257
0.0561382510
0.0212175921
0.0232927706
0.0056251562
0.0066102194
0.0092716413
0.9918407798
0.0315169170
0.0270896647
0.0219210368
0.0405877829
0.0117182517
1.0939040184
0.0126809096
0.0106883803
0.0058259056
0.0106794471
0.0373127721
0.0183438938
0.0090383813
0.0420220643
0.0142167639
0.0126447231
0.0029636708
0.0117121190
0.0205106977
0.0151788956
0.0548243560
0.0670188293
0.0371285975
0.0896785855
0.0313101597
0.0650522113
0.0130742677
0.0044611390
0.0089483066
0.0137295146
0.0373743810
0.0132868532
0.0271589588
0.0344470032
0.0233142693
0.0380964316
0.0275544096
0.0214418788
0.0043160664
0.0108447941
0.0045545343
0.0105270008
0.0086594811
0.0473176464
0.0077857110
0.0195763726
0.0288829599
0.0209350958
0.0060079554
0.0379801057
0.0133456932
0.0067378618
0.0118646082
0.0114010060
0.0476369374
0.0098952288
0.0536998399
0.0448852554
0.0656153336
0.0113768056
0.0042596175
0.0103726760
0.0361263938
0.0376216806
0.0156836528
0.0163284875
0.0087520797
0.0160571449
0.0490216203
0.0032220061
0.0653610453
0.0142650194
0.0099527920
0.0311226957
0.0915461704
0.0251297131
0.0244135875
0.0069566937
0.0507934205
0.0217901729
0.0126578612
0.0487001799
0.0462542810
0.0190676153
0.0058704587
0.0676381513
0.0443218835
0.1038392484
0.0658571497
0.0608074218
0.0032441518
0.0206228346
0.0074063037
0.0351560935
0.0435883962
0.0782999322
0.0349950269
0.0533601157
0.0244707111
0.0421025380
0.0091179423
0.0053376462
0.0466047116
0.0258543678
0.0325645767
0.0126260333
0.0331136845
0.0346850455
0.0268418193
0.0047449535
1.0845212936
0.0032330267
0.0138850287
0.0184924658
0.0128904926
0.0087769292
0.0070909215
0.0088303071
0.0553652160
1.0819437504
0.0234617107
0.0042675021
0.0679835528
0.0603492409
0.0068262168
0.0104581183
0.0416909829
0.0052621854
0.0179683398
0.0137852086
0.0138397301
1.0807489157
0.0441304147
0.0328009240
0.0234459732
0.0757122412
0.0092726126
0.0346711203
0.0180642530
0.0264792331
0.0219672993
0.0798320696
0.0394704491
0.0491933897
0.0416495800
0.0033706406
0.0085708322
0.1110970154
0.1239364222
0.0276729967
0.0038571667
0.0111009767
0.0242900010
0.0201091133
1.1523579359
0.0185160339
0.0563372001
0.0139258048
0.0178238023
0.0410548970
0.0091944896
0.0043381439
0.0211986322
0.0117083956
0.0058566313
0.0222281236
0.0681014732
0.0245125815
0.0287250876
0.0130058220
0.0533288382
0.0556325950
0.0095775425
0.0637005717
0.0032735988
0.0262831952
0.0137332380
0.0620482042
0.0855452195
0.0035987673
0.0219466873
0.0659645721
0.0035994865
0.0479658395
0.0091550872
0.0294466969
0.0738242120
0.0120219681
0.0324237011
0.0075465972
0.0517944321
0.0228406787
0.0326586142
0.0068189991
0.0039951825
0.0123412339
0.0503991581
0.0414361730
0.0484255180
0.0085482672
0.0034620005
0.0356104150
0.1876221001
0.0463966094
0.0083169471
0.0043215342
0.0477433503
0.0040869508
0.0458850525
0.0035504883
0.0925790966
0.0143618127
0.0186330322
0.0313271992
0.0136527028
0.0153324539
0.0032580902
0.1157872379
0.0441550277
0.1169456393
0.0053684236
0.0724347010
0.0185162593
0.0048323502
0.0293598119
0.0105298571
0.0502489619
0.0037549646
0.0289719757
0.0237080418
0.0044314363
0.0419973768
0.0107007967
0.0029804981
0.0079039289
0.0533501543
0.0032117751
0.0291207936
0.0066065369
0.0339044705
0.0576760210
0.0042938404
0.0065714023
0.0122044440
0.0171496347
0.0283410586
0.0365491323
0.0467818007
0.0237300340
0.0328718536
0.0682296976
0.0384780355
0.0678236708
0.0063402331
0.0296447407
0.0300992150
0.0574140251
1.0629576445
0.0273117330
0.0370809250
0.0064896005
0.0313571841
0.0442088731
0.0639052168
0.0045472980
0.0060837604
0.0621216819
0.0104770567
0.0305451266
0.0105004553
0.0750485957
0.0125244670
0.0077185798
0.0306508224
0.0154914847
0.0202578697
0.0266718939
0.0206951573
0.0045302347
0.0365847796
0.0535644703
0.0342202708
0.1211254522
0.0283059478
0.0160023551
0.0397616029
0.0682561919
0.0704162791
0.0584388450
0.0185529683
0.0235742852
0.0279828720
0.9299540520
0.0333941095
0.9774993062
0.0149752805
0.0749114454
0.0030234337
0.0054155462
0.0185197312
0.0102814417
0.0418893285
0.0118566714
0.0279640835
0.1847337633
0.0423444249
0.0089721084
0.0696301237
0.0225277152
0.0575829111
0.0191883966
0.0451897569
0.0465935767
0.0539318472
0.0198144224
0.0374493636
0.0189148430
0.0533169508
0.0533901155
0.0058520534
0.0127867926
0.0280439109
0.0119593833
0.0434217639
0.0184566863
0.2814140320
0.0363362990
0.0398768745
0.0070505999
0.0263503883
0.0210638046
0.0409614854
0.0046924697
0.0265989881
0.0618870966
0.0302016977
0.0474689789
0.0062367371
0.0614162385
0.0271427594
0.0401099436
0.0525122285
0.0451192223
0.0234529413
0.0312769525
0.0271602832
0.0047587543
0.0068495045
0.0075772186
0.0080744643
0.0324595086
0.0110265510
0.0419971794
0.0737272352
0.0183314513
0.0064299293
0.0484098196
0.0176892616
0.0709867701
0.0266013723
0.0303082280
0.9236357212
0.0032959133
0.0236759484
0.0053567397
0.0145571362
0.0364240259
0.0070668384
0.0432449281
0.0065506264
0.0480819941
0.0327151902
0.0444989167
0.0492808595
0.0232283548
0.0263869427
0.0449496880
0.0051273941
0.0540461615
0.0431604721
0.0515918024
0.0571146645
0.0476209261
0.0429870635
0.0130650587
0.0049844673
0.0046249023
0.0322218128
0.0109866112
0.0088312207
0.0104198940
0.0415872298
0.0332072563
0.0050233356
0.0429437459
0.0050017433
0.0051848297
0.0905652940
0.0039244867
0.0254381280
0.0176892392
0.0357064679
0.0477535129
0.0074150413
0.0123353526
0.0189149715
0.0116247097
0.0180774089
0.0093297837
0.0084473602
0.0045095230
0.0165181756
0.0031329547
0.0136797875
0.0118880719
0.0563142560
0.0118730450
0.0250178613
0.0058053872
0.0318740569
1.0412523746
0.0142102754
0.0589184649
0.0405170135
0.0270013884
0.0051388685
0.0313506871
0.0055679837
0.0044351746
0.0557675846
0.0031007950
0.0176893659
0.0124957273
0.0081953816
0.0057113017
0.0638675839
0.0351947770
0.0610966235
0.0280905794
0.0106589282
0.0141988564
0.0145533709
0.0058860611
0.0663848668
0.0037589371
0.0423132814
0.0077559655
0.0114164371
0.0052840710
0.0355199724
0.0114047034
0.0492412001
0.0079385731
0.0577640794
0.0302629713
0.0194460005
0.0097223138
0.0055490267
0.0339431092
0.0371035859
0.0069714691
0.0040591299
0.0197959021
0.0047952491
0.0349894576
0.0158767235
0.0137234451
0.0326189995
0.0133999651
0.0403936282
0.0631861314
0.0259194467
0.0042515150
0.0121490825
0.0868614167
0.0468825065
0.0042521898
0.0053493194
0.0440666638
0.0031824291
0.0759250149
0.0220386423
0.0254877042
0.0035545614
0.0211189575
0.0049738772
0.0115993582
0.0442303382
0.0529730916
0.0252290946
0.0033674606
0.0284468178
0.0717142820
0.0595985390
0.0030970036
0.0282025896
0.0112813935
0.0334218591
0.0263878703
0.0457448475
0.0709377006
0.0053719012
0.0056761447
0.0351514630
0.0504041947
0.0240680799
0.0420600474
0.0096779959
0.0614368059
0.0031467257
0.0607415922
0.0478595719
0.0428037681
0.0291278660
0.0136369346
0.0736930594
0.0098050125
0.0110011175
0.0682887733
0.0312267691
0.0066237352
0.0203133132
0.0095199812
0.0270353481
0.0128734736
0.0060148640
0.0166607909
0.0057047997
0.0123315519
0.0053116092
0.0105808834
0.0473930873
0.0096628144
0.0274009798
0.0131614478
0.0084459065
0.0213987678
0.0090122484
0.0349035189
0.0275204275
0.9624968767
0.0293468982
0.0211624391
0.0040620831
0.0237573590
0.1574052721
0.0082560806
0.0945834294
0.0032429933
0.0070591182
0.0635649189
0.0635004640
0.0091831498
0.0282668881
0.0474723056
0.0115485620
0.0066124890
0.0077342051
0.0183912255
0.0095386393
0.0721299350
0.0117082549
0.0682433024
0.0032102419
1.0868300200
0.0048042848
0.0375988148
0.0080383895
0.0254204199
0.0045785489
0.0182547309
0.0085748332
0.0155966775
0.0096868835
0.0078147566
0.0079833185
0.0169102885
0.0607375167
0.0552877076
0.0138699124
0.0703733712
0.0428910516
0.0035162091
0.0031341752
0.0123502761
0.0594535358
0.0058124298
0.0051007783
0.0588230453
0.0371892154
0.0043162387
0.0411829241
0.0364286155
0.0288240239
0.0049123573
0.0129552176
0.0053807003
0.0226018745
0.0624185391
0.0029302025
0.0717701465
0.0087962253
0.0564703532
0.0111273313
0.0140185263
0.0129163275
0.0265189912
0.0148378145
0.0566443056
0.0193140153
0.0065263002
0.0583314523
0.0174511876
0.0082559260
0.0134885535
0.0397067070
0.0060903560
1.0540406704
0.0151344724
0.0371866226
0.0455414727
0.0216216259
0.0349127911
0.0170734003
0.0587280057
0.0050064302
0.0374099165
0.0369699188
0.0503741093
0.0085992394
0.0235732850
0.0224658716
0.9581189156
0.0100480579
0.0558305532
0.0048466432
0.0249242429
0.0200455096
0.0038038006
0.5402156711
0.0043051448
0.0052431282
0.0633475855
0.0048993034
0.0583576858
0.0178034250
0.0092198513
0.0086646210
0.0201534349
0.0255791098
0.0484697148
0.0120020984
0.0642377585
0.0231763925
0.0096220281
0.0490985215
0.0080788257
0.0512519144
0.0123750344
0.0326587483
0.0059608622
0.0090251518
0.0710250065
0.0099102790
0.0082187429
0.0363677144
0.0132622160
0.2106779665
0.0152379619
0.0456912033
0.0432882681
0.0134857772
0.0564035438
0.1170632169
0.0974644274
0.0065980130
0.0081907324
0.0285386760
0.0070034526
0.0170129854
0.0565363728
0.5001888871
0.0606850646
0.0181730557
0.0645917878
0.0542574301
0.0116206780
0.0047239359
0.0669596270
0.0220918003
0.0212965235
1.0785700083
0.0135500701
0.0359784551
0.0059389691
0.0440016389
0.0075762081
0.0202605259
0.0216615926
0.0676910132
0.0060290690
0.0049924627
0.0621814914
0.0062707225
0.0346816070
0.0059713894
0.0411807522
0.0557455234
0.0582721457
0.0543099791
0.0168243237
1.0729587078
0.0388253778
0.0599034131
0.0620215274
0.0157374050
0.0145157008
0.0501874387
0.0326326303
0.0268467814
0.0466928147
0.0648345202
0.0185050834
0.0731617585
0.0518132038
0.0377844088
0.0081189545
0.0189916026
0.0650991946
0.0099837128
0.0134304957
0.0587918311
0.0327199958
0.0043654311
0.0220048353
0.0127000641
0.0672993660
0.0045754937
0.0170253571
0.0586842448
0.9744776487
0.0617595501
0.0440228693
0.0041229194
0.9067915678
0.0029892949
0.0163215473
0.0052529732
0.0384589136
0.0111274030
0.0209394805
0.0098606339
0.0172127746
0.0051407972
0.0411192738
0.0347575583
0.0394829512
0.0099641718
0.0126151070
0.0497387275
0.0543830507
0.0047762115
0.0073498832
0.0297036655
0.0238079727
0.0247404985
0.0602813736
0.0276187174
0.0717538744
0.0110596046
0.0147963818
0.0058299792
0.0244311672
0.0119325565
0.0058906451
0.0337304361
0.0031285405
0.0227634292
0.0402410775
0.0180398133
0.0468744002
0.0212620012
0.0147764403
0.0353844389
0.0295289271
0.0038332646
0.0337195210
0.0072879707
0.0462041236
0.0371275693
0.0293426774
0.0585522912
0.0329901911
0.0058149248
0.0210448448
0.0236470513
0.0345275290
0.0136773726
0.0237167198
0.0439422652
0.0146846389
0.0303487331
0.0394977294
0.0194302779
0.0064758258
0.0114864754
0.0065129781
0.0354527943
0.0062953737
0.0330444947
0.0553798750
0.0148934247
0.0476727933
0.0353423804
0.0250409562
0.0057917219
0.0079127718
0.0113183204
0.0146392072
0.0490142480
0.0441213325
0.0366796255
0.0190088972
0.0507027544
0.0066000619
0.0060455580
0.0032519037
0.0088798758
0.0185512938
0.0573301055
0.0246967804
0.0243690889
0.0605354495
0.0586434752
0.0387338102
0.0088959616
0.0070937802
0.0255761649
0.0188163705
0.0704083592
0.0401042290
0.0183908697
0.0481348187
0.0383027531
0.0207344014
0.0048610372
0.0223640781
0.0289713237
0.0362625793
0.1212513596
0.0420165546
0.0280016623
0.0068155415
0.0480316095
0.0035938204
0.0041524200
0.0383744575
0.0089751324
0.0100396629
0.0731869191
0.0164531823
0.0622946359
0.0226468109
0.0180179887
0.0306707807
0.0069595235
0.0386760496
0.0036620756
0.0627860799
0.0059614778
0.0423257090
0.0153147131
0.0132643897
0.0069084913
0.0240767784
0.0043158256
0.0287755355
0.0605862886
0.0334198587
0.0270562824
0.0091923550
0.0524961017
0.0170514788
0.0691507533
0.0236255601
0.0599267893
1.0623760223
0.0694598258
0.0513916910
0.0261731148
0.0409883969
0.0042738314
0.0172707289
0.0335882865
0.0367281437
0.0132656740
0.0050702654
0.0159080215
0.0933409631
0.0331546068
0.0076168790
0.0309011750
0.0191781502
0.0099557210
0.0193398278
0.0133563606
0.0248175245
0.0045343665
0.1045094207
0.0269528273
0.0381327830
0.0430453680
0.0030350278
0.0332249403
0.0187503733
0.0235521998
0.0100018736
0.0316574015
0.0048706313
0.0126709379
0.0035987890
0.0220938791
0.0442945808
0.0391286127
0.0069019780
0.0681790411
0.0343588665
0.0590206906
0.0400319323
0.7096351981
0.0176603980
0.0078634964
0.0108213397
0.0088946745
0.0382517241
0.0034031018
0.1480734497
1.1055514812
0.0033602798
0.0039491751
0.0418198407
0.0413509682
0.0038376462
0.0162890479
0.0170652755
0.0120464750
0.0088901641
0.0510350652
0.0414930545
1.0972275734
0.0205687080
0.0540024191
0.0502790511
0.0233768076
0.0235885866
0.0072897119
0.0042376970
0.0054084403
0.0205087420
0.0138272354
0.0037483207
0.0141792707
0.0221910886
0.0153295668
0.0208339375
0.0049658455
0.0094807586
0.0277742706
0.0033691379
0.0311760437
0.0456285216
0.0100042149
0.0250202250
0.0029705262
0.0043370170
0.0039725723
0.0037453976
0.0299596749
0.0085448939
0.0058724317
0.0595603995
0.0934612080
0.0460312366
0.0045664422
0.0096636210
0.0132985003
0.0443650484
0.0111576933
0.0244768392
0.0201408993
1.1535266638
0.0238731243
0.0079225684
0.0070854756
0.0114832539
0.0044204877
0.0275280122
0.0105104847
0.0115543250
0.0035000921
0.0218643807
0.0137803638
0.0440437794
0.0113344444
0.0038233064
0.0639702976
0.0108869458
0.0155601157
0.0035721678
0.0076835598
0.0204599034
0.0035228950
0.0597008392
0.0192622785
0.0720095336
0.0405555889
0.0566596799
0.0195597745
0.0578480922
0.0185979251
0.0042360378
0.0439871848
0.0163324792
0.0361351110
0.0158542357
0.0327257216
0.0085589569
0.0064609032
0.0545439422
0.0077456138
0.0509398766
0.0600762144
0.0635038391
0.0855055973
0.0126093850
0.0075565982
0.0367663093
0.0085932352
0.0090047102
0.0035410391
0.0086045694
0.0128803011
0.0729470924
0.0547904894
0.0147157731
0.0058568139
0.0359076224
0.0085424976
0.0104413191
0.0068941070
0.0121809402
0.0464854538
0.0207051877
0.0438390262
0.0139559619
0.0446820669
0.0100516332
0.0357934274
0.0566432737
0.0050600618
0.4135574400
0.0065266849
0.0120534580
0.0386289097
0.0305381734
0.3110599220
0.0342765227
0.0198415536
0.0039282776
0.0541795865
0.0072963331
0.0358440802
0.0172118824
0.0192152523
0.0388548486
0.0567711405
0.0405637734
0.0132071339
0.0035154922
0.0152751636
0.0471849926
0.0416356400
0.0156524163
0.0330429040
0.0355847403
0.0041104080
0.0372733027
0.0338124856
0.0282114577
0.0054740882
0.0086180288
0.0444745831
0.0158608072
0.0032960074
0.0086146491
0.0065008434
0.0047180816
0.0085583115
0.0459639505
0.0083549973
0.0160316452
0.0139962938
0.0191978514
0.0308258366
0.0052020010
0.0453306250
0.0419253036
0.0051495139
0.0951099470
0.0038533404
0.0239211842
0.0083895493
0.0542243607
0.0286882240
0.0298631731
0.0633967444
0.0385383330
0.0073177936
0.0452613011
0.0686536282
0.0720909014
0.0225572195
0.0699661523
0.0040438846
1.0034437180
0.0095942039
0.0091155805
0.0114060268
0.0518456623
0.0279908776
0.0147665944
0.0241179969
0.0281375516
0.0371619835
0.0299613737
0.0041298261
0.0251150895
0.0033669169
0.0266007483
0.0188783612
0.0046515162
0.0032742936
0.0291954651
0.0063667963
0.0150455479
0.0349958204
0.0289139971
0.0605318956
0.0030432895
0.0163002070
0.0238304697
0.0135672092
0.0142052826
0.0458139889
0.0093566105
0.0149990385
0.0339985639
0.0081165479
0.0189613309
0.0154398773
0.0366652869
0.0066422117
0.0183983408
0.0193193387
0.0308958888
0.0141079659
0.0823823288
0.0034688911
0.0230361745
0.0317298248
0.0184844639
0.0300785471
0.0258993711
0.0385260582
0.1655273885
0.0576331727
0.0402979031
0.0063463002
0.0037656329
0.0674803630
0.0378531255
0.0303281676
0.0282728113
0.0335876979
0.0140905008
0.0331079401
0.0046480540
0.0450545475
0.0032891019
0.0261114761
1.1523269415
0.0075494195
0.0639616400
0.0328378752
0.0044290335
0.0386875756
0.0453260057
0.0573633164
0.0029776737
0.0153130218
0.0416303240
0.0184833985
0.0701500773
0.0349403024
0.0329257660
0.0031685350
0.0455281772
0.0058435043
0.0049437052
0.0154709760
0.0196876116
0.0032269261
0.0257198717
0.0472866222
0.0341316834
0.0059270817
0.0714267865
0.0422733389
0.0226557497
0.0152680725
0.0334083289
0.0250403080
0.0191207994
0.9898580313
1.0547803640
0.0327580012
0.0030304806
0.0640072003
0.0208868831
0.0112679340
0.0035911370
0.0090766139
0.0758869424
0.0154834902
0.0174150094
0.0034673796
0.0398910642
0.0092577823
0.0040858560
0.0666646585
0.0120293964
0.1005675420
0.0175207350
0.0711065009
0.0781636536
0.0217019171
0.0031212801
0.0057949461
0.0576110892
0.0137972059
1.0046503544
0.0468949974
0.0641581938
0.0105179464
0.0089908466
0.0266356301
0.0047521847
0.0328606032
0.0044337623
0.0333334617
0.0147287054
0.0033068168
0.0157357380
0.0561973639
0.0157124493
0.0332361497
0.0593940057
0.0155216996
0.0093151387
0.0210367385
0.0391692705
0.0296288859
0.0074398918
0.0325615108
0.0227382276
0.0100346915
0.0586404279
0.0034394395
0.0090253809
0.0194101240
0.0058011855
0.0323850587
0.0160769075
0.0056755762
0.0152599048
0.0433661230
0.0044730669
0.0453664511
0.0695383325
0.0344933756
0.0118026044
0.0602598824
0.0038731161
0.0454098731
0.0166045148
0.0176876299
0.0732050911
0.0254599135
0.0044279099
0.0276965164
0.0607774295
0.0283636730
0.0301944911
0.0057563754
0.0066975378
0.0054169833
0.0366661996
0.0254344419
0.0396775156
0.0193590242
0.0042806333
0.0252368767
0.0280274283
0.0218132883
0.0353076607
0.0578371473
0.0213988889
0.0134853106
1.0509526730
0.0355769545
0.0538284704
0.0589601435
0.0094162375
0.0068528061
0.0034597977
0.0444034338
0.0042670863
0.0062530264
0.0529805422
0.0661946014
0.0143592292
0.0488581546
0.0117976731
0.0485137366
0.0088342279
0.0115116388
0.0123839416
0.0449736267
0.0041025211
0.0318244100
0.0131955557
1.1088637114
0.0090241991
0.0075850957
0.9748697281
0.0464262925
0.0554366373
0.0246151760
0.0573532358
0.0140897352
0.0321404524
0.0173578300
0.0037028403
0.0277327262
0.0530082732
0.0252257232
0.0224982575
0.0044266311
0.0138524240
0.0286591556
0.0069963820
0.0170531049
0.0123082791
0.0276634600
0.1421421468
0.0611571744
0.0140688270
0.0680638030
0.0119371619
0.0372595601
0.0094228843
0.0132815586
0.0259473789
0.0106475363
0.0520216711
0.0134738218
0.0249949172
0.0634472668
0.0254220162
0.0282517392
0.0242971089
0.0041118823
0.0045384369
0.0096985456
0.0042937798
0.0245966073
0.0074258125
0.0346081071
0.0200858973
0.0742202327
0.0075053605
0.0031261314
0.0030428956
0.0054294709
0.0223507937
0.0079611568
0.0182917528
0.0038644676
0.0057998863
0.0095440038
0.0115039712
0.0327723920
0.0712905303
0.0067024743
0.0249396469
0.0549864843
0.0289550368
0.0125975097
0.0231603552
0.0436829478
0.0178558435
0.0033048457
0.0043974612
1.0650798082
0.0636288449
0.0123124393
0.0187659562
0.0276242830
0.0360177048
0.0247393548
0.0246892218
0.0044371150
0.0431698523
0.0230880920
0.0055456148
0.0562055558
0.0312432423
0.0150012607
0.0747464895
0.0105152940
0.0277865045
0.0049597677
0.0709611848
0.0191347394
0.1489328444
0.0316275172
0.0146390861
0.0073994771
0.0588124767
0.0058447877
0.0043776887
0.0052494635
0.0080131665
0.0109509313
0.0397304893
0.0383278280
0.0032683455
0.0542595014
0.0129628628
1.0885484219
0.0086772880
0.0046271365
0.0468462855
0.0690230578
0.0031371289
0.0119430032
0.0185586940
0.0102299042
0.0379835777
0.0132160494
0.0144809866
0.0177069828
0.0293484218
0.0084196869
0.0267890543
0.0509384908
0.0145029565
0.0156092662
0.0085697342
0.0188190695
0.0032863070
0.0456172600
0.0532660261
0.0483342633
0.0198759232
0.0046737958
0.0189733077
0.0584598668
0.0074920296
0.0695134401
0.0075599477
0.0418642014
0.0081383251
0.0081609469
0.0311337002
0.0511695892
0.0216872860
0.0592148341
0.0051806844
0.0188943781
0.0180571247
0.0112885218
0.0655658692
0.0202962346
0.0058163167
0.0055988198
0.0113872103
0.0236611180
0.0268946476
0.0103912260
0.3623118699
0.0045806644
0.0084800441
0.0185197294
0.0101413624
0.0065332684
0.0066254535
0.0446228795
0.0154858697
0.0052945628
0.0597832613
0.0667678863
0.1332567930
0.0087307794
0.0414758846
0.0038311905
0.0687450394
0.0101171983
0.0366175622
0.0149641316
0.0100578172
0.0432786793
0.0715630502
0.0090506654
0.0509295240
0.0041725859
0.0294996798
0.0335994549
0.0165814813
0.0165858082
0.0051413043
0.0365013964
0.0358936973
1.0765969753
0.0214260574
0.0033289543
0.0215590466
0.0507613607
0.0165402088
0.0286616571
0.0300270766
0.0054945201
0.0049027638
0.0266299546
0.0086114788
0.0434433110
0.0616129562
0.0605405718
0.0293913614
0.0064867004
0.0834971443
0.0281615052
0.0086255362
0.0287850033
0.0080199586
0.0492664576
0.0268879030
0.0290867239
0.0383266248
0.0036254865
0.0450220928
0.0197809432
0.0289102327
0.0190388467
0.0043929825
0.0371763520
0.0045314967
0.0616839901
0.0540660545
0.0053133564
0.0230636969
0.0295930933
0.0495283827
0.0156632327
1.0424340963
0.0234552156
0.0029651900
0.0129931280
0.0397947878
0.0326839238
0.0138153005
0.0098959459
0.0502379127
0.0208920557
0.0083299382
0.0108686304
0.0042261560
0.0537380651
1.0960551500
0.0301407240
0.0050946325
0.0249562170
0.0567226112
0.0039543882
0.0435056090
0.0369268991
0.0031015656
0.0194682777
0.0117018614
0.0066956505
0.0344930179
0.0218788199
0.0054500764
0.0219409373
0.0473674126
0.0162127279
0.0366423093
0.0131447949
0.0481687486
0.0094507029
0.1091396660
0.0497862585
0.0303514395
0.0420442075
0.0094954139
0.0162165947
0.0396565050
0.0489762835
0.0487983003
0.0089129088
0.0119338669
0.0157782286
0.0346542671
0.0111060608
0.0943202525
0.0032693583
0.0490985662
0.0029698124
0.0081855208
0.0092552407
0.0176100172
0.0139606567
0.0173663981
0.0554007143
0.0256963186
0.0482514910
0.0067543988
0.0249612704
0.0048967111
0.0037966764
0.0062021236
0.0332234576
0.0282084160
0.0262361392
0.0202983581
0.0272874534
1.0609753132
0.0475972518
0.0034814684
0.0048340079
0.0541463047
0.0344697833
0.0253887717
0.0029570179
0.0142771937
0.0163296480
0.0421175547
1.0656540394
0.0043780413
0.0415026173
0.0142834969
1.0596191883
0.0184698626
0.0117987879
0.0224153847
0.0184005406
0.0182251632
0.0099070007
0.1205480769
0.0077346698
0.0240592901
0.0151939644
0.0091294926
0.0461217389
0.0310644377
0.0059237387
0.0140617089
0.0678900108
0.0360334553
0.0083513819
0.0498592705
0.0416992754
0.0195191540
0.0034485923
0.0401208624
0.0283265840
0.0030610857
0.0446141772
0.0455847159
0.0450494103
0.1165033951
0.0471519269
0.0052404711
0.0177229084
0.0070108636
0.0056564594
0.3043261170
0.0443481691
0.0124360714
0.0252526198
0.0216680039
0.0153085794
0.0157730319
0.0680734813
0.0174563862
0.0323160551
0.0266219880
0.0309494063
0.0045764106
0.0502565913
0.0307101123
0.0513513125
0.0219257567
0.0685895681
0.0062255999
0.0316306539
0.0328307450
0.0118554281
0.0511028469
0.0030716085
0.0223655198
0.0079307826
0.0055897040
0.0060977475
0.0289932415
0.0332045741
0.0096383253
0.0285438690
0.0480504408
0.0276756734
0.0398984216
0.0136573529
0.0115156658
0.0071524866
0.0800244361
0.0055394536
0.0122196786
0.0212045778
0.0085707754
0.0086125853
0.0518336818
0.0159662645
0.0452351198
0.0220312774
0.0036943059
0.0723323151
0.0233362447
0.0284912325
0.0253901798
0.0360011011
0.0357707702
0.0357631445
0.0529542007
0.0136667099
0.0196492672
0.0362327844
0.0176030453
0.0495030284
0.0043554571
0.0546566993
0.0619107895
0.0085517522
0.0130808474
0.0032009515
0.0535131730
0.0035933407
0.0240777135
0.0093753906
0.0168697704
0.0146612450
0.0037583967
1.0509034395
0.0106788408
0.0046177111
0.0180066470
0.0406056084
0.0404898636
0.0211904924
0.0289794840
0.0058211302
0.0561155714
0.0663025752
0.0330064408
0.0575531535
0.0698517486
1.0322480202
0.0755321905
0.0117691001
0.8989560008
0.0399684943
0.3308150768
0.0626365542
0.0184064116
0.0682103708
0.0328921378
0.0103209494
0.0391388610
0.0409148373
0.0069579240
0.0072318539
0.0381349325
0.0275504664
0.0323684327
0.0466351286
0.0085876975
0.0384046510
0.0334120728
0.0470816493
0.0545166098
0.0446076207
0.0616036355
0.0402860306
0.0953930467
0.0072700181
0.0217312034
0.0579282865
0.0380684920
0.0241097305
0.0224254746
0.0170824267
0.0172636751
0.0134033496
0.0286365598
0.0055616526
0.0207091067
0.0863707364
0.0486896634
0.0161530431
0.0380705222
0.0561837740
0.0031549621
0.0176411886
0.0102227489
0.0357768051
0.0360860378
0.0092529235
0.0441198610
0.0157375373
0.0064132032
0.0067930655
0.0142106758
1.0697301626
0.0296544135
0.0047889049
0.0200910009
0.0049873437
0.0042330557
0.0047918563
0.0128005110
0.0079681948
0.0624416247
0.0115245376
0.9512646198
0.0400613360
0.0637195706
0.0035960521
0.0194892939
0.0632227585
0.0383746177
0.0344593227
0.0182402451
0.0203269012
0.0033357074
0.0267799925
0.0602656677
0.0159603469
0.0512184799
0.0244202763
0.0221308060
0.0130892796
0.0046000932
0.0234526638
0.0384419821
0.0247225463
0.0291011650
0.0074164248
0.0221412871
0.0399479643
0.0217209831
0.0349296257
0.0573151298
0.0030568598
0.0083799362
0.0408015549
0.0640330911
0.1006952077
0.0261934530
0.0108279539
0.0121958172
0.0147240153
0.0139137078
0.0072281063
0.0304286107
0.0040165675
0.0171777308
0.0521359593
0.2842072845
0.0246695410
0.0479115136
0.0188817978
0.0628418997
0.0453131273
0.0469085239
0.0491227433
0.0362553298
0.0056301700
0.0129831042
0.0366197005
0.0045370511
0.0382176526
0.0389801711
0.0167865586
0.0224865489
0.0065416796
0.0333721749
0.0033160876
0.0089845387
0.0385593586
0.0367393047
0.0175918285
0.0559403226
0.0036137237
0.0701146573
0.0595825389
0.0040565142
0.0254163127
0.0640338436
0.0041264524
0.0131867118
0.0581340343
0.0325033627
0.0177531727
0.0585901551
0.0413293354
0.0254445877
0.0345779248
1.1625864506
0.0061947671
0.0285012368
0.0164805483
0.0080924891
0.0110090123
0.0213272125
0.0047631669
0.0354168266
0.0229260977
0.0497239456
0.0249440409
0.0159611888
0.0043442883
0.0663811192
0.0329199657
0.0231985468
0.0038522712
0.0068388954
0.0033268074
0.0404597372
0.0120891826
0.0356051251
0.0082632052
0.0097771520
0.0292399153
0.0049412330
0.0078102481
0.0128494687
0.0261468627
0.0124965729
0.0238743797
0.0085599497
0.0094060451
0.0070466232
0.0102528324
0.0080110682
1.0121775866
0.0276719201
0.0075572925
0.0207655821
0.0089618405
0.0059018563
0.0111032762
0.0488600396
0.0197293703
0.0053361757
0.0204215255
0.0350682586
0.0106271217
0.0052556181
0.1374042034
0.0040774010
0.0145783210
0.0136385327
0.0057718754
0.0087587433
0.0568034351
0.0482636504
0.0389201716
0.0088560143
0.0045100949
0.0113820732
0.0030318773
0.0296357200
0.0309843551
0.0323148258
0.0399525650
0.0437306874
0.0120680742
1.0807589293
0.0126352748
0.0695858672
0.0268428493
0.0060859276
0.0310428198
0.0676549152
0.0369047523
0.0145570124
0.0179396011
0.0056146202
0.0031717753
0.0037873087
0.1758237779
0.0191630851
0.0598873198
0.0033457095
0.0060224184
0.0220405813
0.0176872965
0.0182695501
0.0480560549
0.0268455185
0.0549576394
0.0649163201
0.0665538982
0.0215145461
0.0246980321
0.0244850256
0.0068046688
0.0384712107
0.0112814568
0.0288589522
0.0205062125
0.0146699371
0.0765635669
0.0501693040
0.0346087106
0.0354403853
0.0143988384
0.0156807024
0.0516427234
0.0228211042
0.0232394654
0.0477178916
0.0364072025
0.0108044920
0.2311557382
0.0087696640
0.0045211278
0.0449902527
0.0057936353
0.0941586271
0.0307067577
0.0080925971
0.0029448224
0.0680181310
0.0062009278
0.0346509479
0.0305247772
0.0121355001
0.0554629639
0.0240748823
0.0101909665
0.0041070180
0.0045906538
0.0269762594
0.0518442616
0.0504100882
0.0052278936
0.0428458750
0.0520259067
0.0482726991
0.0056071738
0.0381836966
0.0432239026
0.0406638347
0.0082410965
0.0033155773
0.0170712490
0.0566956364
0.0361443684
0.0084298979
0.0398191847
0.0382003151
0.0078560561
0.0148488851
0.0476166829
0.0079525020
0.0039796666
0.0352524705
0.0040505482
0.0031335214
0.0542330034
0.0210130401
0.0034513073
0.0240472611
1.0438208580
0.0055725724
0.0055825124
0.0315901786
0.0164007321
0.0198997818
0.0189476162
0.0440249518
0.0173695739
0.0417387523
0.0506953634
0.0140891727
0.0055743507
0.0459450260
0.0274704862
0.0509907193
0.0176044907
0.0821995735
0.0265009496
0.0233979020
0.0052207019
0.0044383025
0.0310338512
0.0228671543
0.0696643814
0.0200512744
0.0084173707
0.0037994930
0.0395066291
0.0774989054
0.0371263735
0.0822331533
0.0039517493
0.0984742418
0.0149225602
0.0300435238
0.0316701941
0.0319990963
0.0462283827
0.0469793864
0.0289930496
0.0431619026
0.0111340005
0.0146878054
0.0135166142
0.0108853197
0.0446882620
0.0318054706
0.0037122467
0.0071257353
0.0863343850
0.0436445251
0.0595355295
0.0662504807
0.0039427509
0.0112001132
0.0154806944
0.0545481928
0.0316569656
0.0078569399
0.0133511433
0.0313631780
0.0081057651
0.0611046404
0.0146090658
0.0271978006
0.0228518825
0.0055476162
0.0096101491
0.0031155031
0.0727438703
0.0148722166
0.0164469928
0.0431831740
0.0736173540
0.0093961712
0.0373417139
0.0087784175
0.0119313644
0.0136620887
0.0343512781
0.0076916255
0.0084316796
0.0562560484
0.0579600818
0.0538896471
0.0342342779
0.0062442063
0.0251738876
0.0656701028
0.0037089125
0.0354037061
0.0670518875
0.0048121284
0.0240413100
0.0196726378
0.0655812323
0.0083425902
0.1148800477
0.0185878221
0.0413711034
0.0612063110
0.0034581497
0.0048838397
0.0195487123
0.0072433483
0.0229186025
0.0231714007
0.1036575884
0.0263204053
0.0301886145
0.0624501891
0.0313463956
0.0065952786
0.0262261331
0.0330058187
0.0176751353
0.2372417152
0.0081871906
0.1049484685
0.0089561921
0.0037552987
0.0342102535
0.0661561936
0.0293020476
0.0106616598
0.0532756150
0.0034781131
0.0105073694
0.0653239191
0.0282632709
0.0244241636
0.0534476489
0.0072597158
0.0490145721
0.0496660806
0.0491012447
0.0085533895
0.0037491228
0.0413854979
0.0698033422
0.0349253193
0.0149988821
0.0530334152
0.0099722706
0.0116771683
0.0030257895
0.0041970983
0.0446137749
0.0231711306
0.0508613139
0.0146855172
0.0202092864
0.0318232402
0.0287575871
0.0650921017
0.0041135387
0.0101770824
0.1028175876
0.0113007613
0.0384020954
1.1641726494
0.0046551358
0.0034948932
0.0714866519
0.0367082916
0.0486729704
0.0125509687
0.0189901832
0.0511302426
0.0707323179
0.0097030774
0.0300235935
0.0424060598
0.0457513966
0.0350028947
0.0070798178
0.0510450229
0.0421220362
0.0181188229
0.0194722116
0.0076643350
0.0031367566
0.0042316983
0.0209417287
0.0180024523
0.0287984498
0.0096424045
0.0493761413
0.0174045973
0.0445028767
0.0172857791
0.0044349246
0.0131446039
0.0035437462
0.0163205024
0.0185458343
0.0359781571
0.0066727088
0.0255757887
0.0095835607
0.0142814536
0.0388826542
0.0106763244
0.0349422246
0.0213763528
0.0403670557
0.0209435727
0.0145639768
0.0541723557
0.0030921695
0.0090921130
0.1822934747
0.0161966588
0.0400682911
0.0683535561
0.0106111625
0.0214672666
0.0121912742
0.0088105705
0.0338797905
0.0213574637
0.0736827925
0.0651854277
0.0247345921
0.0645745620
0.0691745505
0.0234067030
0.0311975796
0.0060479268
0.0171812195
0.0094219483
0.0271185096
0.0049417345
0.0064813104
0.0048167217
0.0216553025
0.0425104313
0.0223909933
0.0490134880
0.0405202657
0.0041470127
0.0258819629
0.0066926917
0.0074897171
0.0318073742
0.0356725864
0.0108014010
0.0064715268
0.0429284833
0.0229313895
0.0291291848
0.0062638577
0.0141315535
0.0922359750
0.0130722970
0.0036131488
0.0403741971
0.0478378609
0.0125223016
0.0056631602
0.0225733239
0.0667480677
0.0137370126
0.0709366873
0.0612943210
0.0665590167
0.0739662126
0.0058023729
0.0730085522
0.0704841688
0.0042033303
0.0301474463
0.0898128301
0.0216149502
0.0168917067
0.0066857492
0.0167008657
0.0417590961
0.0267948415
0.0389808454
0.0103703374
0.0036984738
0.0264009573
0.0362090468
0.0989375934
0.0529693477
0.0157968346
0.0566850118
0.0244961698
0.0119328257
0.0293980036
0.0221275669
0.0284246542
0.0468348898
0.0051849452
0.0423710868
0.0049281293
0.0382172130
0.0185772255
0.0625017658
0.0200439412
0.0058287326
0.0683483034
0.0109252948
0.0350762159
0.0072232843
0.0472997688
0.0215423312
0.0037569720
0.0178901460
0.0096777109
0.0638780966
0.0517717190
0.0600629337
0.2402140498
0.0305265542
0.0637481734
0.0462811776
0.0391131155
0.0101954406
0.0042429650
0.0051693497
0.0498731919
0.0092525715
0.0449836850
0.0943714306
0.0678136423
0.0140472222
0.0975479558
0.0128057189
0.0063602831
0.0126747116
0.3772200644
0.0040315832
0.0101430910
0.1081812605
0.0654230639
0.0060768272
0.0453789793
0.0182160810
0.0193513222
0.0111955553
0.0053072562
0.0345675573
0.0166081861
0.0191254113
0.0300458539
0.0057834778
0.0203080345
0.0060487110
0.0796229690
0.0401405394
0.0060770949
0.0048081037
0.0755781308
0.0122603895
0.0080824941
0.3668724895
0.0131965829
0.0085561629
0.0128103122
0.0047622309
0.0138519257
0.0615435056
0.0463205948
0.0094747180
0.0340763219
0.0048563736
0.1305307299
0.0659049973
0.0316500738
0.0182464812
0.0031816296
0.0110481950
0.0039135898
0.0107814148
0.0553490892
0.0030880184
0.0766073018
0.0369113162
0.0249352418
0.0059441025
0.0366872363
0.0136296004
0.0093348492
0.0122499699
0.0238428935
0.0234688725
0.0222713314
0.0540209636
0.0536885671
0.0082742292
0.0293206163
0.0083585316
0.0075073773
0.0042054001
0.0067325546
0.7341754436
0.0039429832
0.0509662405
0.0121248337
0.0508815423
0.0452008955
0.0237191375
0.0192044545
0.0099931946
0.0030220845
0.0090117007
0.0032527065
0.0038008608
0.0042447946
0.0802785754
0.0256222710
0.0161049031
0.0040912190
0.0082435673
0.0648076460
0.0291588642
0.0070230099
0.0459669866
0.0546336211
0.0531956479
0.0185616873
0.0653080866
0.0276255310
0.0360934399
0.0072783665
0.0436649881
0.0059358659
0.0084056435
0.0137560153
0.0245251246
0.0188421961
0.0104964236
0.0113930944
0.0297472421
0.0951909721
0.0193301179
0.0690944269
0.0549064912
0.0321884230
0.0113628739
0.0031723657
0.0040926076
0.0199647695
0.0090674460
0.0152518386
0.0490302853
0.0291706268
0.0030081221
0.0094935717
0.0244605448
0.0389332473
0.0108893728
0.0068252846
0.0162544549
0.0402890444
0.0199870002
0.0316921212
0.0130682774
0.0075027780
0.0147323189
0.0726968795
0.0050837547
0.0370788835
0.0286525711
0.0094562145
0.0083893770
0.0068132645
0.0038307353
0.0373210385
0.0067092557
0.0068942802
0.0295441635
0.0491479225
0.0778905228
0.0096513033
0.0645052195
0.0385433696
1.1546568871
0.0051138550
0.0201523118
0.0656407326
0.0033141342
0.0185829978
0.0288199168
0.0052747861
0.1465909332
0.0252961032
0.0321802460
0.0040915105
0.0147022465
0.0361332372
0.0412406586
0.0261568632
0.0178793930
0.0099549303
0.0068482631
0.0795691013
0.0391274430
0.0032241717
0.1348699629
0.0311541669
0.0150355920
0.0064013731
0.0310841501
0.0349479243
0.0189336482
0.0414671674
0.0030914759
0.0239515863
0.0130547229
0.0342040844
0.0050515956
0.1248535514
0.0098569375
0.0048363199
0.0286702700
0.0096152248
0.0043427842
0.0566354319
0.0533377752
0.0071712453
0.0105824256
0.0599635579
0.0096934959
0.0346338190
0.0554902926
0.0105083082
0.0069043995
1.1440236568
0.0269477554
0.0495184064
0.0698202103
0.0354173668
0.0176697578
0.0311315041
0.0051413397
0.0251372308
0.0271603838
0.0381940641
0.0060838838
0.0489637665
0.0417767130
0.0035464056
0.0305473600
0.0138207087
0.0239055697
0.0107010910
0.0287569128
0.0525711514
0.0076521928
0.0604003705
0.0183475837
0.0134907775
0.0225648265
0.0121285403
0.0579692423
0.0183468666
0.0108165247
0.0285276957
0.0495943576
0.0043206657
0.0077014249
0.0364530683
0.0285053514
0.0051324968
0.0075585516
0.0515130013
0.0034675444
0.0206194352
0.0325431265
0.0472422689
0.0139251575
0.0184172727
0.0317550823
0.2433260083
0.0144447545
0.0268234145
0.2557687163
0.0080171591
0.0262270812
0.0326162241
0.0332366228
0.0646204129
0.0156248249
0.0522853509
0.0274421107
0.0135759506
0.0152165443
0.0269788317
0.0095441518
0.0173247177
0.0901784301
0.0035156598
0.0457903072
0.0241421312
0.0089118741
0.0604925789
0.0274510439
0.2743877470
0.0402038880
0.0150898155
0.0132164480
0.0041530710
0.0421179868
0.0445187129
0.0163247641
0.0718238950
0.0238832124
0.0769232586
0.0126856687
0.0175889805
1.1376696825
0.0651009083
0.0050868914
0.0625861287
0.0270101186
0.0177181438
0.0174810644
0.0049883723
0.0180974808
0.0231146067
0.3466212749
0.0379514620
0.0103394315
0.0305575617
0.0414408632
0.0136253359
0.0075721052
0.0080934325
0.0624553934
0.0202583279
0.0723403841
0.0076312944
0.0310778283
0.0041034636
0.0475059748
0.0054496941
0.0045743026
0.0199917611
0.0117743211
0.0120217111
0.0633429289
0.0304306559
0.0553794019
0.0086090900
0.0717632398
0.0238477979
0.0045251255
0.0663161427
0.0282405149
0.0190937780
0.0516662933
0.0139395176
0.0220393855
0.0070064864
0.0035508818
0.0493538193
0.0075808745
0.0164374001
0.0411534756
0.0198217146
0.0469911732
0.0367097408
0.0364305712
0.0046604844
0.1363138556
0.0753220096
0.0648808852
