0.0240145456
0.0209404603
0.0049651647
0.0378561839
0.0741254687
0.0787201151
0.0223253407
0.0084876586
0.0313006379
0.0490775220
0.1383301020
0.0504393652
0.0403710529
0.0546694696
0.0271539818
0.0060449075
0.0063762767
0.0073073981
0.0038141469
0.3355654180
0.0460594334
0.0698787943
0.0104550337
0.0146837896
0.0310469046
0.0075705545
0.0674040914
0.0110507039
0.0067379382
1.0675369501
0.0692579374
0.0735482723
0.0113580627
0.0037328603
0.0250053555
0.0389341377
0.0596211404
0.0466557108
0.0379181392
0.2161356360
0.0550460331
0.0435825065
0.1328711659
0.2517847419
0.0089542018
0.1373359859
0.0306642335
0.2615861297
0.0777390674
0.0210312940
0.0567673482
0.0219404083
0.0074028820
0.0071665673
0.0769467279
0.0650455207
0.0080467416
0.6797198057
0.0032722708
0.0067910701
0.0286926981
0.0566922911
0.8981124163
0.0031648872
0.0031165879
0.0429307520
0.3281762898
0.0305818245
0.0661017522
0.1944726557
0.0939246491
0.0308635030
0.0575672798
0.0293303840
0.1845122725
0.0043985853
0.0033872786
0.0397137888
0.0626243502
0.0396046676
0.0051411870
0.8446730375
0.0030853269
0.0073325559
0.0127570769
0.0344656110
0.0366852395
0.0115227532
0.0545889884
0.0983379930
0.0352357440
0.0498003289
0.0326999314
0.0256863907
0.9824097753
0.0205071252
0.0622506104
0.1036623418
0.6829389930
0.0278100558
0.0524340533
0.0103277741
0.0399571843
0.9799150229
0.0081619127
0.0046728714
0.0089963078
0.0267020836
0.0231739618
0.0239419043
0.9017350078
0.0063531357
0.0123663973
0.0294359159
0.0116839716
0.0045950380
0.0238086041
0.1295414269
0.0775481090
0.3207032382
0.0733200610
0.6106634140
0.1043305397
0.0043146061
0.0099023590
0.0250922926
0.0135371331
0.0363348834
0.0173339359
0.0031852608
0.1249746829
0.0852747858
0.0343497396
0.0192117356
0.8878551126
0.0187954362
0.1284772754
0.0061983578
0.0553327203
0.8354536891
0.0296216570
0.0067585963
0.0617250130
0.2150854170
0.0039453516
0.0041786772
0.0235983357
0.0308489725
0.1080386266
0.0076991026
0.0174155124
0.1044433564
0.0701704472
0.0045185345
0.0556894653
0.0037016543
0.0734526739
0.0060228659
0.0038003570
0.0207298305
0.0172402747
0.3517756164
0.0529689416
0.0139556695
0.0168745145
0.0378875695
0.7028970718
0.0780067891
0.2410670966
0.0335053019
0.0282537658
0.0350275487
0.0134252561
0.0372048393
0.0284053124
0.0168877542
0.4563475549
0.0072545782
0.2015864104
0.4681293666
0.0220953654
0.0999847427
0.0140316710
0.0568253994
0.0648948327
0.0123019535
0.0079531390
0.0698216707
0.2620492280
0.4961033463
0.0134292720
0.0035480915
0.0052198041
0.0053852978
0.0219669137
0.0038648222
0.0522302501
0.0303631891
0.1265122443
0.2365199775
0.0500372648
0.0448498875
0.0281922240
0.0192056354
0.0053859851
0.0032731381
0.0473348275
0.0316033885
0.0168633796
0.0191098005
0.0487964377
0.0326659158
0.2768684924
0.9115925431
0.0607732907
0.0344852656
0.1597288102
0.0122754034
0.0227813795
0.0103303837
0.0374307558
0.0129538765
0.0038483336
0.0096049150
0.0337098688
0.0077665616
0.0383847095
0.3576596677
0.4489554167
0.3431124389
0.0700846836
0.0319520049
0.0054890192
0.0497984849
0.3503619432
0.0140373046
0.0235986747
0.0201902911
0.0434287824
0.0403260440
0.0724942163
0.0622061640
0.0805338472
0.0714015290
0.0049488666
0.0127947647
0.0511913598
0.0739246160
0.0193242915
0.0216066483
0.0306784529
0.0310167111
0.0075480295
0.9531832337
0.0309350435
0.0130091850
0.3641524613
0.0071998844
0.0352795273
0.0312154368
0.0292478614
1.0115728378
0.0138484649
0.0393158905
0.0121465642
0.1054950878
0.0151010044
0.0397938639
0.0391567275
0.0174071547
0.0212092288
0.0386727229
0.0236107334
0.0369587094
0.0143458126
0.0084084887
0.0118238721
0.0085847545
0.0330313072
1.0601923466
0.0121946344
0.0206038468
0.0173354819
0.2466466427
0.0345982872
0.8759202957
0.0212460794
0.0293098409
0.0154217891
0.2699644864
0.0579372607
0.0604332201
0.5609126687
0.0103312070
0.5572659969
0.0383896455
0.0573384240
0.0771391392
0.1026079133
0.4454131424
0.2773400247
0.0494800769
0.1816376299
0.0292679630
0.0334473252
0.0079193553
0.0224504657
0.0084765917
0.6086857915
0.0037314356
0.0582986102
0.5882664919
0.0743344054
0.0379157439
0.0560247302
0.0066213002
0.5219872594
0.0134954080
0.0177451558
0.0284065921
0.6076523066
0.0033742536
0.2796846330
0.0455769040
0.0714560598
0.4150796533
0.0037038319
0.0359987989
0.0121711735
0.0165311992
0.0077977879
0.1611289531
0.0549354553
0.0520451739
0.0096268095
0.0049222778
0.2183537483
0.0773189142
0.0547316708
0.0820105076
0.0085601564
0.0696077645
0.0627427623
0.0058647958
0.0485806055
0.0260912273
0.0273629203
0.0289944187
0.0462038070
0.8984798789
0.0439286865
0.0112612797
0.0154235447
0.0391286872
0.6104770303
0.0083599361
0.1262636632
0.0146362055
0.0454024188
0.0183594488
0.2480454892
0.0039471542
0.0044594854
0.0053153289
0.0446889997
0.3816587031
0.3739836514
0.0029585869
0.0408683829
0.0219867509
0.0517508611
0.0105289640
0.0145117417
0.0515971892
0.0094905831
0.0649404526
0.9697648883
0.0576995201
0.1235094741
0.0408909284
0.0112109659
0.0095886430
0.0422673039
0.0170682427
0.0052457158
1.0347969532
0.0085720392
0.0240175985
0.0050632833
0.0206347164
0.0719230771
0.0032140126
0.3558233976
0.0098562194
0.0112455664
0.9295608401
0.0384143479
0.7451356053
0.0434799269
0.0203631930
0.0130637856
0.0719381124
0.0205676183
0.0053076902
0.0228357203
0.0160967056
0.0115941670
0.0702534020
0.0094147222
0.0265235696
0.0088555822
0.0032607606
0.0136156613
0.0287228711
0.0159069709
0.1238479987
0.0041714106
0.0029579159
0.3461589813
0.0082170637
0.9045938849
0.0473608188
0.0439647883
0.1408793181
0.9282999635
0.0699088722
0.0209217817
0.0335454680
0.1005631834
0.0066485675
0.0089566847
0.2043607086
0.1822924167
0.0225516204
0.1373620480
0.4551994503
0.1097322777
0.3335253000
0.0923051164
0.9967714548
0.0843099877
0.0259429030
0.0059666336
0.0049650506
0.0578702502
0.3167213798
0.0047722138
0.8223034739
0.0065079569
0.5800327063
0.0505960472
0.6975635290
0.0214009713
0.0257573854
0.0147490939
0.0162212532
0.0172071382
0.0189355724
0.0154499449
0.0449880511
0.0431872532
0.0082629137
0.0191617236
0.0923951417
0.0131765464
0.0053901710
0.0391654931
0.0686407238
0.7099673748
0.0056870282
0.0179360323
0.0347601101
0.0291320812
0.0725568980
0.8328897357
0.8091740012
0.2854863107
0.0395214222
0.0079727899
0.0125655457
0.0375554115
0.0138627654
0.0207604766
0.6861186624
0.0045566680
0.9560135603
0.5869828463
0.0142048988
0.8452023268
0.0055732704
0.0090982914
0.0492898375
0.0130962338
0.0223982334
0.0647325367
0.0052404702
0.0583436117
0.0809036866
0.0156769361
0.0682155639
0.0705031455
0.0073445784
0.0218174998
0.0075797639
0.0051920190
0.0529288873
0.0074320910
0.0275828969
0.0559826680
0.0281315986
0.0205762424
0.1177806035
0.0166351087
0.0281832870
0.2759778202
0.0152748236
0.0063742851
0.0089202877
0.0216951948
0.0516176522
0.0073722536
0.0246444996
0.0063155098
0.0446350127
0.1024206951
0.0199180990
0.0403868556
0.0184638053
0.0032301133
0.0072465008
0.1536106616
0.0612553954
0.2107164860
0.0837097690
0.0297374316
0.0740753263
0.4987722635
0.0073408396
0.0133691793
0.9811418056
0.8392278552
0.0648619235
0.0448912084
0.0240419731
0.0098061273
0.1382383406
0.0511027388
0.0342360698
0.1010065600
0.0058726603
0.0039695916
0.0045396322
0.0134168183
0.0567640513
0.0695806667
0.0692394078
0.0491673797
0.0102186566
0.6151947975
0.0548848845
0.0048092655
0.0128205456
0.0118207810
0.0367355049
0.0040678545
0.0647069961
0.0669762269
0.7621434331
0.8376718163
0.0145331873
0.0513504483
0.0242833644
0.0161087327
0.6659399867
0.0033946601
0.0045168325
0.0655785352
0.0032613936
0.6660487056
0.0115182241
0.0711790994
0.0073105767
0.0292496718
0.0039609163
0.0698007047
0.0114010405
0.0461787246
0.1743516475
0.0121132480
0.2354176939
0.7669467330
0.0047969879
0.0576229244
0.0981872380
0.0087615717
1.0368611813
0.0369404443
0.0707892776
0.0127634360
0.0437266156
0.0187621247
0.0204767622
0.0398058556
0.0899830833
0.0086191976
0.0092847357
0.0454281457
0.8913163543
0.0440637879
0.2914532423
0.0264527369
0.0148201147
0.0050894050
0.0108776009
0.1087316722
0.0844483972
0.3344022036
0.0699650720
0.0077050715
1.0211706161
0.0244891159
0.3825042844
0.0256554373
0.0240079183
0.0043838313
0.0702795237
0.0159724969
0.0397556834
0.0433210917
0.0048421142
0.0519412905
0.0099907499
0.0096464334
0.0192843024
0.0703959465
0.0552936047
0.0364297256
0.0111199515
0.0087991096
0.7039338946
0.0144466469
0.0631158054
0.0089840526
0.0431064405
0.0696316585
0.0051726727
0.0392529741
0.3636741638
0.0406532399
0.0462966710
0.7390077710
0.0336220227
0.0069743721
0.0230270308
0.0194361974
0.0077254786
0.8661237359
0.6430864334
0.0439968705
0.5559665561
0.3555521667
0.0419717357
0.5624006391
0.0589154661
0.0041115913
0.0159930084
0.0061978498
0.0422337614
0.9710388780
0.0433107615
0.0725985765
0.7523354888
0.0181282870
0.0080677085
0.0659502149
0.0049428474
0.8350111842
0.0554782338
0.8636882901
0.0086059850
0.0299286284
0.0236575343
0.0211295690
0.0060292562
0.0211334694
0.0476173945
0.8547460437
0.5128003955
0.0697568879
0.0286443122
0.0731108263
0.0066646799
0.0246754773
0.0454946123
0.0146097969
0.0055827587
0.0791746378
0.0206682850
0.0116190277
0.0450137556
0.0041840770
0.0061263833
0.0498222411
0.0048679821
0.0687038526
0.0037379342
0.0042752917
0.0685266107
0.1059152931
0.0180281457
0.2852271795
0.0186537355
0.0416144207
0.0514038056
0.2463755310
0.0343752876
0.2103238851
0.3248765469
0.0639837161
0.0405655354
0.0066208923
0.0124767963
0.0340108387
0.1530860066
0.0206287019
0.1121147573
0.0794142187
0.0232397430
0.0172951706
0.2614470720
0.0067269751
0.0136083122
0.0041896291
0.0139335655
0.4580957592
0.2983774543
0.0111844903
0.0059455857
0.0206109285
0.0099217882
0.0241044369
0.6241334677
0.0045143459
0.0063731875
0.7422476411
0.0317250714
0.0152894231
0.0404019803
0.0293995328
0.0391106345
0.0200754497
0.0106263440
0.0044961227
0.0543507412
0.6199617982
0.2183039933
0.0065336758
0.2862401307
0.0144828325
0.0200115927
0.0110140815
0.0633590892
0.0454224907
0.0127356136
0.0118332701
0.0655241758
0.0175805688
0.0152200377
0.0249721576
0.0521580465
0.0165396295
0.1585462391
0.0322069712
0.0171650872
0.9037314653
0.0237776544
0.0193407014
0.0974084660
0.0647646785
0.0285399426
0.1454776078
0.0254108533
0.4638141394
0.0075859968
0.0252142027
0.0127392486
0.0442285649
0.5761135817
0.0705780238
0.0602271035
0.0040154811
0.3054304123
0.0131775429
0.0569629781
0.0275869202
0.0308449753
0.0295616407
0.1075217649
0.0363976322
0.0040281471
0.8314177990
0.0156748146
0.0088387663
0.8309531212
0.1229903847
0.0615784973
0.0206451323
0.0072264974
0.2962671518
0.0205718856
0.0037424774
0.0029786148
0.0591999926
0.0539467372
0.1697517186
0.0690065548
0.0580070391
0.0724568889
0.0028761525
0.0136295669
0.0654795468
0.0628125593
0.9036414623
0.0594459921
0.0718453601
0.0551050901
0.0843343139
0.1002791449
0.0655820519
0.0036308744
0.0055243592
0.0385755375
0.0544140264
0.0505264737
0.0573382378
0.0248663463
0.0091715734
0.0183965620
0.0237843841
0.0048160544
0.0249235071
0.0118470835
0.0298802294
0.0146227069
0.0494471639
0.0039940821
0.0173377115
0.0667871833
0.0575815402
0.0650001764
0.0178915430
0.0664054006
0.0604577363
0.0251680352
0.6881453395
0.6989297867
0.0714210197
0.0713032410
0.0252839364
0.0081889154
0.0370319560
0.0069021722
0.0045206812
0.0058551566
0.0221381001
0.1779068857
0.0155152380
0.2968709767
0.0169561971
0.0068679741
0.0488913469
0.0554148331
0.0053411573
0.0057315165
0.0263042487
0.0161051210
0.0426691994
0.4911831021
0.0032598632
0.0090979738
0.0052224393
0.0346484296
0.0143227866
0.0523366630
0.0195598844
0.0666387007
0.1583758444
0.0133513696
0.0071259355
0.0050595859
0.5661556125
0.0389497392
0.0696246773
0.0290877633
0.0496617183
0.0655703843
0.0425521098
0.1146038622
0.0710520670
0.0672821328
0.0048747975
0.0171691533
0.5506894588
0.0650204718
0.4323582351
0.0409127586
0.4076417089
0.0840454027
0.0661397427
0.0314363576
0.0093873283
0.0554492027
0.0521059819
0.0031360232
0.0682974756
0.0059882370
0.4169167578
0.0319971591
0.0230584014
0.0110474052
0.0107160015
0.0199474413
0.0192848556
0.0227857903
0.0646341816
0.9409561157
0.8195586205
0.0328740142
0.0190955698
0.2490797192
0.0340846553
0.0725602284
0.8998782635
0.6775548458
0.0097019747
0.0544480681
0.0164809115
0.0081693595
0.0881847292
0.0140995262
0.0041219802
0.0700255781
0.0533443987
0.0215311889
0.1149505526
0.9938874841
0.0705382600
0.0217556413
0.0947621316
0.3259185255
0.0098867463
0.0571280234
0.3208079934
0.0164820943
0.9984446168
0.0319510810
0.1236629188
0.0420792587
0.0518237725
0.0703910664
0.0287315249
0.0282992795
0.0394082591
0.0374514908
0.0924126431
0.0174352154
0.0539459884
0.0265665650
0.2773357332
0.3567803204
0.0038896010
0.0150179993
0.9264110923
0.0668493807
0.4112524688
0.0181777794
0.6920040846
0.0376922823
0.0469366685
0.0312894061
0.0221507344
0.0228924286
0.1417883635
0.1182831228
0.9317865372
0.0473192297
0.0105232345
0.0559415109
0.0090051480
0.3331384957
0.0125121213
0.0486735255
0.0540158004
0.0130895637
0.0039922199
0.4471521080
0.6137135625
0.0712706447
0.0543803535
0.1000717655
0.0081739798
0.0093249893
0.0614238679
0.3630605042
0.0073625264
0.0209295321
0.0383797698
0.0213768687
0.1303171813
0.0324330591
0.0143329622
0.0084882090
0.0292821694
0.0180860348
0.0104612382
0.0547079109
0.0665913150
0.0674954057
0.0195417833
0.1588931531
0.5288545489
0.0078536551
0.1559633762
0.0091528120
0.0061566108
0.0965930074
0.1446565241
0.1085633561
0.0677560866
0.0517988168
0.0453322493
0.0158485398
0.0611548163
0.0045106038
0.0342375189
0.0047351541
0.0384815484
0.0914286450
0.8070980906
0.7570918202
0.0292454753
0.8679811358
0.0221052747
0.3731021285
0.2214856893
0.0593157522
0.0415924974
0.0550422668
0.0426035672
0.0365721732
0.0266905315
0.0672966391
0.0080234399
0.2087094635
0.2950828075
0.2602209747
0.0086657628
0.0394913703
0.0455343165
0.0131424805
0.0063740676
0.0275652539
0.0042000762
0.0173153114
0.0283442754
0.0280453749
0.0215763357
0.2235648334
0.0268077981
0.0103641441
0.0232430864
0.0126015125
0.0386466458
0.0684555173
0.0524964929
0.0343410410
0.0222165026
0.3088184893
0.0048477170
0.0152150085
0.0046294951
0.0131044239
0.0125221461
0.0391336046
0.0661039650
0.0634244382
0.0062567038
0.0045580408
0.0357632041
0.0534812510
0.0179570112
0.0063461009
0.0050718640
0.0174431875
0.0592633560
0.2326462716
0.0145893600
0.2233651280
0.0042095063
0.0449712798
0.0075170770
0.0561364405
0.0067775045
0.0319512673
0.0039898939
0.0091004837
0.0065949839
0.0214417167
0.0098555675
0.0105342465
0.0598281212
0.0836356804
0.0104920687
0.0211423524
0.6276947260
0.0253009424
0.1352726370
0.1159057990
0.8404591680
0.0084394086
0.7852786183
0.0289197285
0.0063296878
0.0626671463
0.0040198537
0.0549515709
0.0044007376
0.0031346702
0.0030434735
0.0206642672
0.0267744306
1.0611760616
0.0633360893
0.0725705922
0.3106614351
0.1421456635
0.0388655588
0.0149292899
0.0548047163
0.0062529580
0.0061078700
0.0129027180
0.6219976544
0.0669701323
0.0301495995
0.0298627485
0.0615704432
0.0153211234
0.0043745935
0.0646734759
0.0251964387
0.4705924392
0.5337287784
0.0098336395
0.0419690199
0.0053404202
0.1737933755
0.0199947488
0.0227500927
0.0471771322
0.0280371625
0.0663326085
0.0283415206
0.0746620670
0.1280515790
0.0274501853
0.0208216012
0.0263911206
0.0472915657
0.0085044922
0.0190844983
0.0082930820
0.0032100237
0.0136614926
0.0286194626
0.0362354293
0.0104511464
0.0674426630
0.0043928982
0.1175860390
0.1892508417
0.0049860170
0.0635833964
0.0406419039
0.0130412905
0.4601266384
0.0468503982
0.0053681550
0.0666118115
0.0247337744
0.0255054869
0.0572575368
1.0260173082
0.7203001380
0.0462510772
0.5344690681
0.0617775731
0.0053086802
0.0479095355
0.0456967130
0.0043413397
0.1359737217
0.2800628245
0.0336671397
0.0696533248
0.1828178614
0.0445598252
0.0260162540
0.1357806474
0.4736664891
0.0253384039
0.0432983786
0.0411067791
0.0725238547
0.0294497665
0.0306117032
0.0353398174
0.9124300480
0.0043664132
0.0247359741
0.0639534965
0.0685179234
0.0146343587
0.4475061297
0.4899951518
0.0824311376
0.1566875130
0.0031522438
0.0142944911
0.0086223511
0.0541904233
0.0151319196
0.0443704091
0.0401288979
0.2755558491
0.0672302991
0.0149569204
0.0258341581
0.0191216040
0.0595304854
0.0635596365
0.0061462210
0.0627573356
0.0363584384
0.0051842541
1.0413446426
0.0504681319
0.0093408674
0.0636103302
0.0250658672
1.0638622046
0.0109100081
0.0372999944
0.2504875362
0.0214600358
0.0457704924
0.0076055955
0.0266026650
0.0224319305
0.0087830611
0.0096054282
0.0046347417
0.0608520582
0.0277293045
0.3516813219
0.0062834769
0.0099723460
0.0533054210
0.1460970491
0.0445725992
0.0599692240
0.5486391187
0.0745733604
0.0639006943
0.0684129670
0.0114039043
0.0034075112
0.0149906287
0.0462079458
0.0105946092
0.0058657811
0.0636268258
0.0118717821
0.0082295621
0.0206034910
0.0408811159
0.0577179231
0.0328032374
0.0114137316
0.9506928325
0.0039288714
0.0040483642
0.0331623591
0.0061383005
0.7331796885
0.0099246642
0.0381574370
0.0521858260
0.1268503219
0.8911308646
0.0275739357
0.2051802427
0.0250834301
0.0073585375
0.8912703395
0.0059387367
0.0498626679
0.0218508765
0.0104941446
0.0065376167
0.8532135487
0.0147895562
0.0038717077
0.0115156705
0.2823989093
0.0323444530
0.0403788760
0.0604414642
0.0496284664
0.0250428263
0.0448869579
0.0652760491
0.0073495205
0.0485167056
0.0442428105
0.0487140231
0.0071341330
0.0657841861
0.0038221339
0.0523166507
0.0127304522
0.0305763111
0.0125804674
0.0641197115
0.0242383461
0.0128670549
0.0629482567
0.1882566214
0.0719789937
0.0552545562
0.0791496709
0.0585536957
0.0052591884
0.0052811410
0.0188048519
0.4861365855
0.0193591565
0.0433642082
0.0328084193
0.0337821431
0.0202092305
0.0590017810
0.0067097954
0.0254672505
0.0860241130
0.0260739308
0.0249971915
0.1806003302
0.0694618300
0.0256864019
0.0130800633
0.9849568009
0.0434819609
0.0359569937
0.4676715136
0.0504644290
0.0448884964
0.0077870330
0.0672281533
0.0551618375
0.0730678216
0.0134883765
0.0152636142
0.0289114639
0.0037858996
0.0321824551
0.1657643169
0.0457192287
0.0054903314
0.0121450005
0.0601629727
0.0459604301
0.0026543373
0.0388355814
0.0804196373
0.0199754760
0.2606141269
0.0685635060
0.0300995726
0.0483059734
0.0255912952
0.3764190078
0.0685944185
0.0089882696
0.0152225485
0.0158904679
0.0158103034
0.0066487412
0.2826501429
0.0514514484
0.0029505799
0.0073000016
0.0386471339
0.0261210464
0.0295327473
0.1872949749
0.0207709186
0.0206029471
0.1489208341
0.0671046078
0.0058679180
0.9257498980
0.0150706349
0.0316768028
0.0876766220
0.9544280767
0.8164961338
0.0056514544
0.0197545830
0.6113134623
0.0073157046
0.0523638092
0.0521157160
0.9769919515
0.0705322400
0.0401359312
0.2231235653
0.0678621531
0.1178625450
0.0410879813
0.0223029070
0.0033971060
0.0685055777
0.0314063467
0.0391540118
0.0045191795
0.0523217283
0.0179170948
0.0101374639
0.0170477387
0.0581940226
0.0029520355
0.0234313067
0.0187107380
0.0680839568
0.0667578578
0.0497456603
0.0431430265
0.4328130782
0.0119478265
0.0064782617
0.0394060649
0.0235463381
0.0047011971
0.0494537130
0.0795466378
0.0733939260
0.0107548730
0.0460216515
0.0107899066
0.0664073005
0.0056808279
0.0272748210
0.0720050037
0.1511213332
0.0157758649
0.2925975919
0.0399453156
0.0053333663
0.0585604683
0.0287092756
0.0674474612
0.0032174424
0.0148542905
0.0035019091
0.0819268152
0.9586873651
0.0270805117
0.0045459555
0.0166355167
0.0128782345
0.0273032654
0.0428880304
0.0401986167
0.0129838996
0.0319563895
0.0334210508
0.0284973625
0.0634459928
0.6789911985
0.0084507968
0.0378448851
0.0772739127
0.0252278745
0.0033840183
1.0509339571
0.2358869165
0.0588342361
0.8209302425
1.0562580824
0.0150209330
0.0548664555
0.0574812517
0.0080033457
0.0109768063
0.0449361205
0.0950985700
0.1038387045
0.0407864451
0.0045130579
0.1889138967
0.0100410469
0.7512998581
0.0947065949
0.0060369819
0.0635982975
0.0058680563
0.1251572520
0.1879125088
0.1453131735
0.0357028618
0.0862982869
0.0592376515
0.8169423938
0.1303752661
0.0037200600
0.0386527292
0.0720951334
0.0443524048
0.0133711146
0.0179626960
0.0181017388
0.0713609233
0.0181648899
0.0130299469
0.0933958665
0.0181495938
0.5843603611
0.1204348579
0.0643710569
0.0060490277
0.0485469662
0.0300518367
0.0114251012
0.0258323532
0.0158377215
0.2563518882
0.0117387846
0.0232942030
0.0086276699
0.0505868122
0.0680003539
0.0147003764
0.0126349060
0.0440458097
0.0373814702
0.0262094010
0.0336164087
0.0081106247
0.0546693727
0.0674785078
0.0367864296
0.0062241997
0.0137291513
0.7553619146
0.0111633874
0.0126621006
0.0638306960
0.0140318992
0.0313330144
0.0481768139
0.0517103449
0.0170240775
0.0388652720
0.0148861092
0.0117255235
0.0269498676
0.0678618699
0.0579345711
0.9094549417
0.4316332042
0.0034894270
1.0304553509
0.0212378651
0.0559347160
0.0069772783
0.0105377445
0.0038407845
0.0107993055
0.0519123450
0.0599553771
0.0212816335
0.4000604153
0.0036820017
0.1550589055
0.0447433367
0.6687021852
0.0206448548
0.9791129231
0.0480491668
0.0462919846
0.0243065357
0.0306653511
0.0087115066
0.0051418352
0.0047395118
0.0439281240
0.2452051342
0.0466016531
0.0038153743
0.0291326996
0.0528067313
0.0202292558
0.0033458904
0.0046099806
0.9776401520
0.0129041858
0.0051559163
0.0262918491
0.7820640802
0.0209706463
0.0171538945
0.0815853477
0.0202198867
0.6676146984
0.0031429657
0.0045314054
0.0591468140
0.0162339211
0.0462553687
0.6272434592
0.0122651486
0.0143591315
0.0430206098
0.0169036966
0.0324513949
0.0335727446
0.0766215548
0.0485650562
0.7944614887
0.5677431822
0.0309255496
0.0282917432
0.0329992250
0.0097199930
0.2459991723
0.0365747102
0.0218965728
0.0094344756
0.0065719243
0.0228961222
0.0525944531
0.0592618920
0.0542396046
0.0156640280
0.0701494217
0.0120771155
0.2797374725
0.0445060879
0.0040799850
0.0167673826
0.0503855124
0.0497639962
0.0505147241
0.0409770235
0.0385291353
0.0456820950
0.2350702435
0.0330063850
0.8033338189
0.0327635929
1.0249820948
0.0507881679
0.7819185853
0.0899248421
0.0078371037
0.0082424441
0.4380448461
0.0069760927
0.0177574027
0.0238888990
0.0484845564
0.0035872944
0.0113602774
0.0235723183
0.0335600376
0.1316277087
0.0553841479
0.0688417032
0.0094265006
0.0466355309
0.9842296839
0.0122691626
0.0248439256
0.0377363935
0.0420690328
0.0447319485
0.0260721706
0.0427885726
0.0132447230
1.0168514252
0.0144445179
0.0082853334
0.0155406520
0.0589467138
0.5262932181
0.0499865338
0.0043427809
0.9963641763
0.0685281307
0.8892929554
0.0181128439
0.0348669961
0.0404411629
0.0052779312
0.8150172234
0.0158772729
0.0061916374
0.0060986178
0.0135396961
0.0114508793
0.2821855247
0.0700022429
0.0050848559
0.0102907186
0.0615117662
0.0207792260
0.0679862052
0.0161538012
0.2452110052
0.0079936907
0.0135655226
0.0619712956
0.0711990520
0.0528829768
0.0275310930
0.0381206386
0.3917445540
0.0222877320
0.0336017646
0.0134415934
0.0460171849
0.0684461147
0.0885381550
0.0080455327
0.0691903979
0.0711473152
0.0062370882
0.0066393758
0.0341520831
0.0030892917
0.0029902002
0.0136983395
0.0073905573
0.0072170976
0.8261704445
0.0099553857
0.0396999009
0.0251069143
0.0574809611
0.0221961346
0.0649416000
0.0600805134
0.0388355739
0.0105492622
0.9446301460
0.0072390847
0.0355711728
0.0503742546
0.0107110189
0.6227483153
0.0040947245
0.0435630344
0.0112905037
0.0245675500
0.0332259126
0.7648702860
0.1828918904
0.0071741692
0.0750752687
0.0213907547
0.0052002929
0.0034020739
0.0069666533
0.0550171472
0.7276589274
0.0105343508
0.0438697226
0.0151884658
0.0403122641
0.0089740278
0.0433688723
0.0571516640
0.0205107462
0.0090303095
0.0312116854
0.0152274752
0.0184144340
0.0145906890
0.0676337332
0.0042262007
0.0555971004
0.0598285794
0.0524770766
0.0136316372
0.6648148894
0.0064694099
0.5181846023
0.0579215996
0.0126822693
0.0358727463
0.0274966639
0.0068506934
0.6844673753
0.0210941192
0.0060496111
0.0030936878
0.0128805554
0.0238926709
0.0089679230
0.0347165801
0.0288010258
0.0166726001
0.0610339269
0.7103496194
0.0391900316
0.0238274783
0.0085679777
0.0179729294
0.0420143716
0.0097993258
0.0502090268
0.0117846783
0.0275386814
0.0088450294
0.0034506768
0.0263262726
0.5051057935
0.0104222158
0.6233707666
0.2521309853
0.0045765522
0.0439606532
0.0468102656
0.0038741543
0.0279091150
0.0361704081
0.0271655247
0.0086481962
0.0103623867
0.0119031910
0.0822455436
0.0058211558
0.0438818932
0.0277507976
0.0218179058
0.7070598602
0.0590718016
0.0197925027
0.0049407231
0.0096736336
0.0269912872
0.9047160149
0.0727674067
0.0085691893
0.0647154003
0.5442505479
0.0167426392
0.0184742585
0.0361696444
0.0043195733
0.0277893767
0.0060406416
0.7258363962
0.8200698495
0.0215719715
1.0166426897
0.0537189804
0.0356280990
0.0066476380
0.0192419086
0.0129015176
0.9768457413
0.6534109116
0.0265211277
1.0098067522
0.7249585390
0.0317709036
0.0448358320
0.0220253598
0.0088455193
0.0066441535
0.0664956048
0.0628477484
0.0155000398
0.0321477391
0.1554100662
0.0366731435
0.0618066378
0.8228634596
0.6564217806
0.0112472763
0.0651661307
0.0706497729
0.0843152404
0.0594963692
0.0222781524
0.0312517695
0.0438113809
0.1535271704
0.0623911284
0.0209272485
0.0226346347
0.0132628633
0.0149540780
0.0750963390
0.3059838116
0.0029960417
0.0288855545
0.0227199271
0.0407653078
0.0267137364
0.0469553694
0.0143814571
0.0047083329
0.0126858931
0.0061708353
0.0255524330
0.0217985474
0.0089578908
0.2535232902
0.0546385869
0.0117696151
0.0302876122
0.5103098750
0.6615645289
0.6593630314
0.0592776574
0.0493824854
0.0103901755
0.0638971701
0.0423942506
0.0316712707
0.0159927122
0.0345732160
0.0061269938
0.1695847064
0.0255227257
1.0065534115
0.0071395943
0.0597726479
0.0029806173
0.0543611459
0.0095933396
0.0313553438
0.0237880051
0.0401460640
0.9196168780
0.0097873155
0.0573229827
0.0051437840
0.0983315334
0.0222973377
0.0092856027
0.8336832523
0.0097642420
0.0604524650
0.0644297972
0.0180765949
0.0354205593
0.9487944245
0.0148580484
0.0255109537
0.8207467198
0.0113524701
0.0043968069
0.0047748000
0.0093052052
0.0685812458
0.0484359004
0.6538267136
0.6195020676
0.0534414016
0.0724111423
0.0097135482
0.0115790227
0.0056570331
0.8109975457
0.0454133190
0.0672321990
0.0085047130
0.0059002531
0.4977282882
0.0508134216
0.0534887165
0.1539956480
0.0116400681
0.0477560423
0.0599401593
0.0072319284
0.0314685777
0.0074692774
0.0163183492
0.0134046795
0.0729734898
0.6160553098
0.0289135408
0.0525251329
0.0173090994
0.0143606560
0.7089681625
0.0243898202
0.0403727666
0.0615858808
0.0237027295
0.0135338977
0.0149912070
0.8352301121
0.8662531972
0.0207732897
0.1734820604
0.7777026296
0.0462860651
0.0170655102
0.0270381756
0.0266713612
0.0168248434
0.0060184067
0.0516088270
0.0036015669
0.9258244038
0.0533521734
0.0576344877
0.6837342978
0.0366223715
0.8298842311
0.8945735693
0.6034607887
0.1553239673
0.0490636118
0.0774825588
0.0282272864
0.3874453008
0.0237977747
0.0076726405
0.0445163883
0.0132939974
0.0641668141
0.0576378405
0.0041113081
0.0207736548
0.0034995850
0.0276774727
0.0204045586
0.2625796497
0.0280137435
0.9518185854
0.0860805735
0.0913767591
0.0039638248
0.0800151154
0.0288465470
0.0222530458
0.0148549657
0.9589576721
0.0110586490
0.0828516707
0.0143562071
0.0265061408
0.0099675078
0.0527251512
0.0116311619
0.0036140948
0.0035508315
0.0581182837
0.0601614118
0.0066567669
0.0058640954
0.7466943264
0.0037350333
0.0311251245
0.0104197226
0.0073237633
0.8102509379
0.0219294857
0.0457788818
0.8723693490
0.5241861343
0.8382617831
0.0134544875
0.0039300802
0.0439505018
0.0060332064
0.0175297093
0.0081119686
0.0468406677
0.0306896362
0.2926624715
0.7940781713
0.0239442177
0.0479301438
0.0136588765
0.0473596081
0.2347208411
0.9043301344
0.0246320665
0.0047790809
0.0044608884
0.7985553741
0.0228046402
0.0695625991
0.0104211736
0.7306408286
0.0040453519
0.0077412133
0.0216469076
0.4791492820
0.0249870121
0.0165067036
0.0113747828
0.0057710819
0.0156195890
0.0289002638
0.1597700119
0.0663453266
0.2140663713
1.0650134087
0.0058510494
0.0102417944
0.0357473530
0.0148139400
0.8068140745
0.0136954989
1.0945693254
0.0559936389
0.0268036854
0.0124566313
0.1006026641
0.0190148726
0.0140415197
0.0517167449
0.8629419208
0.0204581786
0.0479901806
0.0042088581
0.0182078984
0.0233039781
0.0577427112
0.0121790590
0.0336564668
0.0036843966
0.0552804358
0.0401207395
0.0124118999
0.0385515913
0.0249607954
0.0277873278
0.0046186363
0.0084176855
0.0067458097
0.0039947494
0.0313373171
0.4189238548
0.0040772348
0.0622146502
0.0220505316
0.0710013285
0.0127802519
0.0104181711
0.0377970934
0.0033922463
0.0452694371
0.0248525310
0.2075237036
0.0396100804
0.0302682724
0.0238742065
0.0600015372
0.0568512902
0.0137293395
0.0038738383
0.0385800265
0.0311550051
0.1196987480
0.1363873482
0.0407957137
0.0616581850
0.0341749117
0.0098116659
0.0658928677
0.0255532227
0.0053621600
0.0030960825
0.0052890144
0.4530229270
0.0171722062
0.0073291915
0.4963344634
0.7185094953
0.0636973977
0.0075857006
0.0370767042
0.8809036613
0.0032954926
0.0070680282
0.0191626232
1.0322208405
0.0420014746
0.0107383914
0.0548095629
0.0033377840
1.0322576761
0.0071469969
0.0078769084
0.2766968012
0.0220945440
0.0054975213
0.9410731792
0.0149405589
0.8275599480
1.0258742571
0.0479965284
0.8028389812
0.0081503578
0.0132163474
0.0364887193
0.0248513967
0.8539529443
0.0069868597
0.0182441138
0.0321132168
0.0140385116
0.8494629860
0.0690682009
0.0041899262
0.0385614857
0.0283773039
0.0381455235
0.0047103018
0.0208816566
0.0455839708
0.1677913964
0.0628111884
0.0064619365
0.0034608301
0.0154823344
0.0030626820
0.0039021152
0.0110099278
0.0396125391
0.9313075542
0.0171143487
0.0517589115
0.0425337180
0.0496903136
0.0173505899
0.0122889895
0.0071772151
0.0564283766
0.0140836891
0.0035333615
0.0666305199
0.6774256825
0.0448483676
0.0034579725
0.0087733343
0.0252350420
0.0093610864
0.0070344806
0.0138808982
0.0379995741
0.0268665049
0.0674133003
1.0556629896
0.0034563688
0.0288139340
0.9752787352
0.9446563721
0.0451336280
0.0347036533
0.0063643232
0.0260033105
0.0035092556
0.0210576262
0.0112414286
0.0093871355
0.1047988161
0.0210891403
0.0091812229
0.0038334669
0.0037146178
0.0106645562
0.0240113810
0.0475229025
0.0259429943
0.0308247097
0.0686908960
0.0108675770
0.0298921205
0.0633702651
0.0502477773
0.4531109929
0.0492613837
0.0056166919
0.0207645614
0.0237491857
0.0031401566
0.0738791674
0.0050165216
0.0069205998
0.3003884852
0.5301507711
0.0461935699
0.0088229552
0.1509972960
0.0469778143
0.0038311842
0.0258289706
0.0290289167
0.0047377353
0.0133539522
0.0233072788
0.9081909060
0.0501399040
0.0403722897
0.9028905630
0.0217504594
0.0228802375
0.0214823987
0.0174722951
0.0719162226
0.0070594223
0.0077060824
0.0118769407
0.0682460964
0.0075636064
0.0415119529
0.0156005472
0.0410527065
1.0141015053
0.9569334388
0.0035912408
0.0717300028
0.0068518114
0.0047611771
0.0506316945
0.0329156667
0.0329061635
0.0307927541
0.0320220441
0.0234032646
0.8481534123
0.0121706957
0.8751275539
0.4738753140
0.0140243564
0.0352143943
0.0389932320
0.0206309333
0.0078679621
0.0101295328
0.0377638787
0.4222787023
0.0455040708
0.0030465082
0.0518533327
0.0037559739
0.0114750033
0.0113349324
0.0044948347
0.0387791246
0.4168428779
0.0589023121
0.0231691152
0.0699656010
0.7233043313
0.0347197577
0.0531683154
0.0318778232
0.0128912469
0.0320245735
0.0080107730
0.0137477415
0.0462641492
0.0168309584
0.0146929817
0.0652965233
1.0561621189
0.0658266395
0.1011411175
0.0175024662
0.9906343818
0.0097612403
0.0120489569
0.9368280768
0.0471353158
0.0356006250
0.9777191281
1.0311783552
0.5832688808
0.9321300387
0.0104497047
0.8953337669
0.2112910450
0.0180833545
0.0099364771
0.0042688190
0.0141122686
0.0081279138
0.0309137907
0.0430936925
0.0347504467
0.0417752229
0.0159737505
0.0060574100
0.0278263837
0.0614682585
0.5708010197
0.5680284500
0.0040218919
0.2423629761
0.0817374811
0.0632531121
0.0087202424
0.0606982559
0.0726276562
0.0332640894
0.0223994646
0.0212370474
0.0628465489
0.0469798669
0.0050794547
0.0047444724
0.0420897938
0.9377579689
0.0276544690
0.0691097751
0.0482745096
0.0237175692
0.0319588073
0.0604598410
0.0203898791
0.0217297487
0.8488249183
0.5767775774
0.0103201242
0.0146426624
0.0309223216
0.9253396988
0.0035405750
0.0438186266
0.0087396232
0.0070660715
0.0074883932
0.7642567158
0.0039687888
0.0212336071
0.0039130789
0.0075906124
0.0215313081
0.0368806124
0.5612456799
0.5958331823
0.0103718145
0.0247271806
0.0355321355
0.0153828328
0.0453869328
0.0629840121
0.0388227962
0.0072822073
0.0050207279
0.0543790869
0.0064345915
0.0617535189
0.3115729094
0.0081349108
0.0322827138
0.0187706500
0.0742037594
0.8601968288
0.6990492940
0.0055980752
0.0885104313
0.8097964525
0.0127908895
0.2738154531
0.0143690836
0.0535039268
0.8033583760
0.0463581420
0.0534453914
0.0311410669
0.0054983059
0.0319003873
0.0141192414
0.0151092652
0.0558704883
0.5991072655
0.0346135423
0.0305933170
0.0031131124
0.0338385217
0.4377853572
0.0316531919
0.0152665330
0.0177010540
0.0300175548
1.0142410994
0.0062072342
0.0500866212
0.0350267887
0.0248394441
0.0238919873
0.7041978240
0.0122818723
0.9751685858
0.0209430791
0.0683295727
0.0725271478
0.0289076306
0.0278673079
0.8556413651
0.0279870573
0.0535688028
0.0112287877
0.0059357397
0.0044077397
0.7986323237
0.7212744355
0.0135890143
0.8046982884
0.0145103857
0.0700254068
0.0297710076
0.0074318126
0.3722938597
1.0533761978
0.0622315072
0.0050198529
0.0529388338
0.7815072536
0.8023702502
0.0314760581
0.9232042432
0.0188986529
0.0731972754
0.2472980469
0.0122544663
0.0291888826
0.0442560837
0.0377151482
0.0201593563
1.0028722286
0.1237521172
0.0522770248
0.0361853205
0.0170401987
0.0743840188
0.0154692288
0.0374698751
0.0526178628
0.0093275150
0.0045661530
0.0315211117
0.0111901239
0.0077210399
0.0881914943
0.0111519862
0.8849613667
0.0141108455
0.0524308681
0.8692744374
0.0039329194
0.4217330515
0.1938077509
0.0101222573
0.9537026286
0.7464712858
0.8306340575
0.0248028580
0.0035995755
0.0620931946
0.0311809331
0.0148159303
0.0540160127
0.0140286507
0.0525786430
0.0712393895
0.8987433910
0.7241478562
0.0200453009
0.0349339209
0.0035449066
0.0174992345
0.9784483910
0.0355843157
0.0238427892
0.0388679057
0.0237083454
0.0443956852
0.0205261949
0.0087795639
0.0685984865
0.0223113205
0.3250693977
0.0704615340
0.1112458929
0.0095306262
0.0146050211
0.0095442282
0.0143982777
0.0115449391
0.0340245217
0.0547541268
0.9446994066
0.0300931092
0.0060210484
0.2390065789
0.0653097108
0.5536947846
0.0272548795
0.0247595850
0.0239807647
0.0570163168
0.0245637763
0.0206221025
0.0722125322
0.0498727635
0.0041482919
0.1124807596
0.0625816435
0.0073922132
0.0480029285
0.0753282011
0.2177163512
0.0029241373
0.0214284286
0.9654884338
0.6140981317
0.0370318592
0.0222853199
0.4460541606
0.0661645532
0.0207348652
0.0514218211
0.0289364960
0.0231173746
0.0040893788
0.5841308832
0.0951410830
0.0131204342
0.0149693759
1.0270808935
0.0063429154
0.7634713650
0.0121946642
0.0233583152
0.0106249247
0.0374803022
0.0445643775
0.0067850673
0.0047916071
0.1177244186
0.7064386010
0.0349200405
0.0052782930
0.0077475710
0.0294078607
0.9555853605
0.0259444453
0.0138785047
0.0526446775
0.0214752536
0.0445348173
0.9578257799
0.0090766884
0.0080801556
0.0530964397
0.1913499236
0.0038461732
0.0074649109
0.0100483699
0.5298640728
0.0615448654
0.0129955905
0.1412754655
0.0095837787
0.0044289343
0.0366306379
0.0663226917
0.0051894207
0.0093410453
0.0672529191
0.0059714564
0.0172324330
0.0057575321
0.0069563934
0.3332347274
0.0136595489
0.0343836732
0.0249017440
0.0035899857
0.6319842935
0.0873032883
0.8466225266
0.0088691264
0.0418826453
0.0327545889
0.9895027876
0.8509165645
0.0345722325
0.9269713759
0.0171705820
0.0040722135
0.0237940922
0.2248315066
0.0059123035
0.0196066462
0.0063295616
0.0422299094
0.0361818038
0.0148333935
0.0055698701
0.0141796609
1.0570814610
0.0263779499
0.0030214603
0.0065813335
0.0251062252
0.0251485351
0.0494554378
0.0602808632
0.0471734963
0.9145174026
0.8255156875
0.0641070604
0.9230459332
0.0289399996
0.0207666438
0.7516795993
0.0648412555
0.0137697319
0.0689064562
0.0352461636
0.0649435595
0.0176735949
0.0453929454
0.0471043922
0.0184565354
0.9986125231
0.0029307618
0.0185269080
0.0036729663
0.0083060125
0.0398703814
0.0040421435
0.0129007064
0.0132984910
0.0202375315
0.2045652121
0.0518121198
0.0232235994
0.0033879266
0.0115398625
0.0937247947
0.2132147253
0.0436380766
0.0697200969
0.0879788697
0.0534162670
0.0627329424
0.0157596935
0.0079124533
0.0099775586
0.0270695388
0.0182337482
0.4930409789
0.0046281414
0.1104262024
0.0263554528
0.0067911674
0.0091537265
0.0251621101
0.0032327569
0.0319775753
0.8833376169
0.0075198100
0.8887325525
0.0452168174
0.0227168035
0.0414025374
0.0240219682
1.0251867771
0.0152364941
0.8203831315
0.0227159206
0.0443176441
0.7651799917
0.0462472253
0.0034697447
0.8439844847
0.1023232713
0.0034585050
0.0304623265
0.2846829295
0.0541839860
0.3340208828
0.0417451635
0.0058495118
0.0711555928
0.0053918548
0.0439758375
0.0238913596
0.0598982275
0.0102681499
0.0208655242
0.0161122438
1.0431745052
0.0126005765
0.8574389219
0.0219683610
0.0664241537
0.7310935855
0.0353476480
0.0174618587
0.4771796167
0.0463551916
0.0042377007
0.0538497344
0.0444186963
0.2871915698
0.6047512293
0.0300488863
0.0185071975
0.0214888453
0.0070473072
0.0510612354
0.0456704013
0.0048137689
0.0476943366
0.0081146983
0.1246457994
0.0837297291
0.0169135258
0.0241175294
0.0049067279
0.9654681087
0.0247700457
0.0198882744
0.0292924829
0.0066895583
0.1124407351
0.0123469913
0.0033101374
0.0340774469
0.0690878108
0.0173917189
0.2915057838
0.0162758511
0.0087123560
0.0219246000
0.0662934333
0.0351614542
0.0033295057
0.0806403160
0.0671737269
0.0155226188
0.0388649963
0.0319265202
0.0060960557
0.0648635551
0.0177925844
0.3864467442
0.4900110960
0.2939471900
0.0551538095
0.0171615072
0.0031123860
0.3290354013
0.0063862274
0.9071331620
0.0072153248
0.0448309034
0.0029939665
0.0052088439
0.1722998768
0.0822727308
0.0059111617
0.0173098240
0.5247178674
0.0407826193
0.0532613844
0.0073093465
0.0049201366
0.0332559682
0.0118313981
0.0855018049
0.8442406058
0.0088378200
0.6686014533
0.8762030005
0.0342320241
0.0266257208
0.0734563246
0.0058343601
0.7489520311
0.7796358466
0.0190534797
0.0063954713
0.0478849374
0.0362055264
1.0065464973
0.0037339607
0.4807021618
0.3995161355
0.0535191670
0.0093342923
0.0452509224
0.7330490947
0.0613078140
1.0330537558
0.0347868688
0.1606315970
0.0179125313
0.0478147864
0.0192082077
0.9777731895
0.0571924634
0.0598421395
0.7274177074
0.0288689360
0.3292421401
0.0413316786
0.0225091670
0.0405055881
0.7438082099
0.1433453709
0.0378860645
0.0428145304
0.0033318691
0.4760133624
0.5674127340
0.0377253704
0.0034163694
0.0264854524
0.0038255833
0.0471171550
0.0715698451
0.0242978670
0.0592888407
0.0121857896
0.0488341749
0.0044566211
0.0268599037
0.9062488675
0.5271881223
0.0036907187
0.0183809996
0.0202510301
0.0544914678
0.2257925570
0.0061852848
0.0229034442
0.0291877799
0.7253808975
0.0050913002
0.0061694961
0.0411159471
0.0225561205
0.0286308415
0.0332855247
0.0105641419
0.0455435961
0.0413009487
0.8316719532
0.0052804924
0.0216962155
0.0109371208
0.0056518251
0.9795566201
0.0602208115
0.0303545576
0.0135071659
0.8242265582
0.2565254569
0.0402201302
0.0587916709
0.5381879210
0.0218030158
0.0053403070
0.0051002423
0.0121450275
0.0233364571
0.0901632383
0.0399360172
0.0262235403
0.5563751459
0.0697510988
0.7284580469
0.0041397093
0.6719575524
0.0090508414
0.0098521048
0.0617111064
0.0637298226
0.0267434623
0.0275829993
0.0162810069
0.3662316501
0.1709384769
0.0033343446
0.0118297106
0.0079006776
0.0091707418
0.7995219231
0.0058385325
0.0305063501
0.0499155410
0.0255261622
0.0099556772
0.0552932806
0.0083260080
0.5826768875
0.0051961201
0.0513009056
0.1126310378
0.2129745036
0.0323824622
0.0363725424
0.0162769966
0.0171676073
0.9346576333
0.0512202159
0.0694497004
0.0348282941
0.3540488780
0.0099593187
0.0052980972
0.0071634464
0.0255744401
0.0122120129
0.0229975544
0.0383974984
0.0136800241
0.0052501969
0.0104196658
0.0112974625
0.0663378611
0.1388200372
0.0071483967
0.0046675266
0.0648009703
0.4918395579
0.0551812984
0.0295491200
0.0181229990
0.0137043959
0.0307726674
0.3644592762
0.0432696156
0.6008005738
0.0028696163
0.0251059663
0.2344633490
0.0473606810
0.0198003836
0.0593627617
0.1544173509
0.2481131852
0.0079563539
0.9452396035
0.4954448044
0.0753727853
0.0124893785
0.0832822099
0.1836916804
0.0129467435
0.0725182593
0.0905648544
0.0785667747
0.0101232426
0.3796549439
0.0096644638
0.1554019004
0.3043488264
0.0430675596
0.0079532620
0.0657849386
0.9194437861
0.0132809039
0.0038779613
0.9448978305
0.0382494181
0.0410878174
0.3861764669
0.0385559686
0.0350591093
0.0263565388
0.0257580355
0.0034895169
0.7252289057
0.0044810306
0.0670815632
0.0107688466
0.8971166611
0.0089415228
0.0032260988
0.0132988198
0.0346409529
0.0089594666
0.0149492519
0.0066783410
0.0594848730
0.3975355923
0.0704419985
0.1118351445
0.0437961370
0.0266711693
0.0246441066
0.0070239115
0.9991117120
0.0910321996
0.0694996640
0.0681847408
0.0130949970
0.0138463136
0.3579350114
0.0175550822
0.4798667431
0.0161422342
0.5145273209
0.0136258900
0.0240547583
0.0063558863
0.0311543029
0.0140643157
0.0080026761
0.0140957693
0.0676208436
0.0081619387
0.0319783948
0.5303905010
0.0066320226
0.0449777767
0.9454485774
0.0260950085
0.1105942503
0.0100583639
0.0045225606
0.8435806036
0.0065747038
0.3879699707
0.0085706664
0.0065079653
0.3299978375
0.0703434572
0.0373881534
0.0049286266
0.0183249153
0.0133582065
0.0077507780
0.0053579221
1.0166304111
0.0519326888
0.1553577930
0.0724233761
1.0175564289
0.0221096277
0.4383322895
0.4989578724
0.1091577709
0.3030421734
0.0315737240
0.0716267973
0.1994394511
0.0107330037
0.0041451543
0.2464770675
0.0220808629
0.0157052800
0.0706714615
0.0497630350
0.0100777494
0.0137605807
0.0442395136
0.4386128783
0.0438681729
0.0601771101
0.0562557131
0.0081286449
0.0507117547
0.0071266610
0.1258295923
0.0552943088
0.0220218170
0.0320910551
0.0047016037
0.1602679044
0.0593687929
0.0336748175
0.0903065056
0.0111344187
0.0573121980
0.0053163515
0.0187844336
0.0745793283
0.0179257151
0.0438055359
0.0291587412
0.0175703280
0.0465303697
0.0390075445
0.0057567209
0.0176917836
0.0029999348
0.0051430380
0.0774602070
0.0102981869
0.0626199991
0.0055576293
0.0600728132
0.1108639538
0.0468121916
0.1853224933
0.0072550396
0.0076265302
0.0137209594
0.0087908665
0.0120387711
0.0806637704
0.0072213984
0.9145603180
0.6406995058
0.9005707502
0.0352531001
0.0212673694
0.0486703329
0.0057067960
0.2795167863
0.2308402359
1.0366017818
0.1316491216
0.0541458689
0.0060198638
0.0558555834
0.0314137861
0.5514509082
0.8958153129
0.3470685482
0.5439991355
0.0546066761
0.0039777039
0.0045235092
0.8589571714
0.0312944390
0.0070573920
0.0086566424
0.8532170653
0.1018079147
0.0062446170
0.0552232526
0.0176298637
0.9357225895
0.0034477802
0.0196374431
0.0044384911
0.0583380982
0.0078371838
0.0259480253
0.0585052110
0.0485833250
0.2860462666
0.0243871827
0.0133956317
0.0290728305
0.0714691505
0.0108684395
0.0048715617
0.0063178600
0.0698151961
0.0314086378
0.0093202051
0.0488590673
0.0919950157
0.0644628108
0.0734827667
0.0509431772
0.7676696181
0.6230174899
0.8359326124
0.0156299155
0.0277473945
0.8379909992
0.6121245623
0.0357634984
0.0139979450
0.0132569997
0.0548014939
0.1955075711
0.0363298729
1.0542670488
0.0047608428
0.0555826463
0.9963936806
0.8725180030
0.0555296466
0.9766380191
0.0426398106
0.9573516250
0.0607753992
0.0232153665
0.0189238675
0.0835575163
0.0064498158
0.9225564599
0.1444620490
0.0443820432
0.2469755858
0.0162704252
0.0276658833
0.0049446481
0.0131874597
0.0348964743
0.0208262093
0.5639510751
0.0663795695
0.0311882235
0.1255179495
0.0069587580
0.0230179802
0.0173354708
0.0587665401
0.0207129903
0.0042606206
0.0706742480
0.0391008109
0.0036844751
0.0632381514
0.0048516649
0.0431269705
0.0086968197
0.0476004556
0.0051912665
0.0319957621
0.0340140499
0.0057645021
0.1941512227
0.0800404325
0.1148978844
0.6118592024
0.0177700035
0.0043226052
0.6137559414
0.0134664541
0.0129665686
0.0049317023
0.1398295760
0.0075719450
0.0167254042
0.0138988690
0.5075247884
0.6395400167
0.1027465463
0.0730359331
0.5596109033
0.3045171797
0.0964678153
0.0041624717
0.0440161787
0.0515589416
0.0041447543
0.0455782712
0.0034553127
0.0679695532
0.0677071363
0.0041642454
0.0426456071
0.0157933570
0.0195930544
0.0126383761
0.0036392424
0.0093316454
0.0157923028
0.0116623128
0.0250924248
0.0718827695
0.0134330476
0.0404216945
0.0057956511
0.0532161891
0.0083825523
0.0479071327
0.0038756200
0.1736396104
0.0161871985
0.0066190935
0.0435588881
0.6009734273
0.5287926197
0.1114898324
0.0642296076
0.0095151877
0.0127332890
0.0708988830
0.1033373997
0.1204968691
0.0061320970
0.0493995920
0.0460422114
0.0164129026
0.0064038523
0.0289246235
0.0813114792
0.0292955376
0.0533273071
0.7428940535
0.0066348072
0.0430171117
0.7559123635
0.0055806236
0.0796825215
0.0100049321
0.0717206895
0.0662958100
0.0637306273
0.8930852413
0.0362894796
0.0124217328
0.0435968041
0.8969328403
0.0477948524
0.0097287055
0.0499375574
0.0945412666
0.0092681395
0.0671641678
0.7153235078
0.0030290380
0.0353363790
0.0491082966
0.0381337740
0.7949393988
0.0227768179
0.0426730551
0.0356975347
0.0223947484
0.2055290341
0.0160754379
0.0678704605
0.0037959954
0.0133293178
0.0096166451
0.0557983741
0.9229711890
0.0280154794
0.0157988556
0.0185518879
0.0546026491
0.0447092913
0.0225849114
0.0269527100
0.0421969667
0.0463124104
0.0673045516
0.0159124229
0.0217159912
0.0098353792
0.1533652842
0.0314443633
0.0112463646
0.0181149710
0.0283133127
0.0172214042
0.0322583988
0.0187703297
0.0164166018
0.3207822144
0.1649885029
0.0903649330
0.0499144383
0.0496447980
0.0315219350
0.0057286303
0.0200324953
0.0645659044
0.0274604280
0.0144190090
0.0386812612
0.0447236709
0.0167886689
0.0136564076
0.0132963918
1.0167549849
0.0100032231
0.0371101350
0.0074190986
0.0051281676
0.0150564136
0.0095101641
0.0523423068
0.0169943348
0.0320575796
0.0709784180
0.0544129238
0.0154916458
0.0088245915
0.0036425281
0.1630051583
0.0042413543
0.0080097402
0.0222089011
0.0674691275
0.0178052336
0.0655625761
0.0700715780
0.0111937709
0.0305740573
0.0677315146
0.1479576528
0.3215481043
0.9529793262
0.0538149774
0.0092380438
0.1091647744
0.0757937729
0.0505819097
0.0213705041
0.0350622386
0.1088063344
0.2401620448
0.0621679015
0.0084375730
0.0480362549
0.0354346670
0.0680637956
0.0587912239
0.0060729608
0.7241290808
0.0056441743
0.0093773054
0.2525907159
0.0077097137
0.0053688353
0.0131516540
0.0145565160
0.0644131377
0.0068103336
0.0081890011
0.0135838939
0.0384269319
0.0196069796
0.0443945825
0.0727142394
0.0482686982
0.0093883146
0.0142500857
0.0184903648
0.0045959684
0.0112991324
0.0175113622
0.0046318918
0.0093416283
0.0078522386
0.0149459494
0.0257097986
0.0323532596
0.6774533391
0.0633934662
0.1213267073
0.0221426543
0.0052019604
0.0034952196
0.0474601872
0.0216419697
0.2730107605
0.0048193950
0.0052790870
0.0259951130
0.0133657372
0.0490261614
0.0521720015
0.0205345359
0.0509059057
0.0134333102
0.0087855132
0.0045964508
0.0797937289
0.0096538812
0.0088726692
0.0140275499
0.0582879633
0.0517997406
0.3994389474
0.0409365706
0.0110141225
0.0152292913
0.0415793657
0.0580963604
0.0052940208
0.1629825532
0.0363184735
0.0143632190
0.0535612367
0.0275536999
0.0326642804
0.0668191910
0.0360746756
0.0165576730
0.0389498435
0.0534930415
0.0661833882
0.0470833406
0.0037860204
0.0234863628
0.0461460911
0.9519342184
0.0048232269
0.0031970413
0.0150311161
0.0806270242
0.0608418882
0.0521155000
0.9513136148
0.0064290701
0.0046421876
0.0050932248
0.0116601437
0.0480596796
0.9830597639
0.3201359808
0.0400198065
0.0631692186
0.0512663424
0.0336887054
0.7646266818
0.0032140212
0.0059747188
0.0042997529
0.0718035027
0.0333909355
0.0304865576
0.0105434302
0.0727093443
0.0536395758
0.0039926586
0.0030351894
0.0391966961
0.0058661718
0.0550910868
0.0136535540
0.1723922193
0.0620741174
0.0671809986
0.0820842534
0.1535145044
0.0283942316
0.2515347302
0.0220651273
0.0700751543
0.0600920394
0.0382107645
0.0079400893
0.0750714615
0.1246632114
0.0438388735
0.0162490122
0.0092846770
0.0298744533
0.0073509007
0.0038749517
0.0394056477
0.7992185950
0.0173064303
0.2485719174
0.1270964891
0.0337764733
0.0634054616
0.0048122643
0.0374425277
0.0638362616
0.0123875104
0.0126539264
0.0476985648
0.0052422378
0.0094196675
0.0098515861
0.1221645400
0.0678740069
0.0179830156
0.6793676615
0.0059040599
0.0127868084
0.1182181016
0.0122886775
0.1206840202
0.0343695544
0.0649002865
0.0047204890
0.3149786592
0.0226349384
0.0265632439
0.0670338497
0.0041112481
0.3856505752
0.0382960588
0.0131606078
0.0037725379
0.3245745301
0.0182055775
0.0102916397
0.0401917398
0.7869644761
0.0072673899
0.0359178372
0.1671654433
0.0436650217
0.0179003850
0.0036003669
0.0159977973
0.0143159805
0.1137340963
0.1520064324
0.0184220392
0.0140161626
0.0136394296
0.0205656961
0.0201451741
0.0038843316
0.0413809270
0.0442179032
0.0057309452
0.0386271775
0.0191010777
0.0034312566
0.0062139388
0.0041512614
0.0132283363
0.0207091570
0.1229916289
0.0265664216
0.8569303155
0.0418695323
0.0284158997
0.0134401564
0.0258260462
0.0173986908
0.8609343171
0.0041619455
0.0163207669
0.0298905689
0.0036989301
0.0541633293
0.0053777830
0.0046755685
0.0040274584
0.0474602766
0.0109764896
0.6961120367
0.0066744229
0.0650037155
0.0031239055
0.0098322295
0.0140920170
0.0220515803
0.0333860591
0.0555596240
0.0478697531
0.0168517381
0.0922270417
0.0708668157
0.0104583027
0.0348805487
0.0349790677
0.0039417702
0.0055496651
0.0179415103
0.0280723013
0.0618447922
0.0523737855
0.3806048036
0.0349794328
0.0033922973
0.0582478195
0.0106855147
0.4578242302
0.0801914260
0.0188487265
0.0419814959
0.0361804925
0.0162339099
0.0100286575
0.6633937359
0.0092767123
0.0446901657
0.1405095160
0.0033066843
0.0139197921
0.0330345333
0.0784093663
0.0190163907
0.0306360666
0.0127257770
0.9790027142
0.0089784265
0.0308039691
0.0041537508
0.9216418862
0.2059877366
0.0034124893
0.0082638357
0.9482117295
0.0367566012
0.9716406465
0.0157276653
0.0440045819
0.0103073455
0.0154229281
0.1097296253
0.0087748319
0.1019684672
0.0346828811
0.0325052626
0.0338436998
0.4014472663
0.0755151138
0.1995472014
0.0522627346
0.0547693372
0.0951506048
0.0230025165
0.0105795627
0.0154754799
0.0124495886
0.1323584169
0.8591266274
0.0431111082
0.0404577218
0.0115380539
0.0629772544
0.0083012916
0.0606903546
0.0060468153
0.0587433651
0.0403188765
0.0484303162
0.0558958612
0.0498914048
0.0246451534
0.0396493338
0.0042148456
0.0059286663
0.0355453491
0.0161579438
0.0659157634
0.0034132476
0.0577704459
0.3032611310
0.1056235880
0.0291843638
0.0139606446
0.1547888070
0.0038906697
0.0732235312
0.0679820552
0.0240491591
0.0056323363
0.5279709101
0.2007770985
0.0349332355
0.7472826242
0.0605813265
0.0148722418
0.0533004142
0.0041325372
0.0539031588
0.0182985011
0.0081845168
0.5774251223
0.0189499427
0.2168457955
0.0230444055
0.0282862093
0.0367923975
0.7494795918
0.0326219648
0.0076373708
0.0112700341
0.0107668033
0.0040833675
0.0450032465
0.0094833970
0.0370795764
0.3603998423
0.0265758801
0.0097736418
0.0046951766
0.0186623614
0.0257519726
0.0038661365
0.0063295886
0.1257969588
0.0363083407
0.0639258102
0.0873776898
0.0326845348
0.0725110918
0.1360359490
0.1378567368
0.1131033227
0.0180757251
0.3320609331
0.0035485800
0.6981092691
0.0054770708
0.0524023622
0.0760949552
0.2028190792
0.0033559219
0.3228998780
0.1207085177
0.0040147691
0.0916633531
0.0031998535
0.0047434391
0.0615807958
0.0299615022
0.0517170876
0.0316511691
0.1400192827
0.1171575189
0.0387446210
0.0527842529
0.0541952290
0.0519333631
0.0206753388
0.0170954615
0.0399903432
0.0105208904
0.0270040873
0.0052267704
0.0692399964
0.0079631247
0.0392656252
0.0078929281
0.4742283225
0.0046333098
0.0037956841
0.0487196706
0.0481872559
0.0703963339
0.0400934257
0.0253642965
0.0167719908
0.0440004840
0.9229290485
0.0406488180
0.9321097136
0.2365830988
0.0386879779
0.0389669500
0.0379908234
0.0631098002
0.0242449343
0.0055137249
0.4472745657
0.0293846130
0.0353816859
0.0394460373
0.0541054681
0.0126548950
0.0725705326
0.0549625009
0.0276626963
0.0384036750
0.0049333833
0.0606207028
0.0561204106
0.0380727276
0.1906286031
0.0717870295
0.0701600611
0.0051186346
0.0231405199
0.0473051816
0.0267477985
0.0279320888
0.0724702179
0.0103171570
0.0097015612
0.0074164919
0.0690165088
0.2461313456
0.0608820468
0.0031498116
0.0034232077
0.0202043019
0.0158470981
0.0083256476
0.1185118034
0.1031127423
0.0406589955
0.0102996659
0.0231154971
0.0291471966
0.0457304120
0.0708366409
0.0725625530
0.0128105544
0.2203114927
0.0643426999
0.0066816905
0.1019322872
0.0333548896
0.0668036640
0.1492132694
0.0465395041
0.0252277013
0.0408353247
0.0437031835
0.1398686767
0.0078264158
0.0233485736
0.0443468094
0.1291170865
0.3126351833
0.0265000537
0.0282102451
0.2078039646
0.0029203198
0.8322808743
0.0030658145
0.0401963443
0.0208170712
0.0036100678
0.0211480688
0.0244783387
0.0109741949
0.0379391983
0.0115477741
0.0456557795
0.4709479511
0.1014713570
0.0675440505
0.0228349827
0.0513187386
0.0627355129
0.8689103723
0.0493292548
0.0326658152
0.0671179816
0.0183855426
0.1419373900
0.0047766175
0.0034577053
0.0093619814
0.0425503254
0.0531547479
0.0396280438
0.0354500785
0.0609500110
0.0035180820
0.0089743678
0.0224792808
0.0222521815
0.0223018266
0.0079311421
0.0035331137
0.0310589019
0.0029955227
0.0044128122
0.0520170666
0.0057719760
0.0081718313
0.0120622348
0.0153862182
0.0122167738
0.8338549137
0.0415803380
0.0107720867
0.0682491958
0.1493398398
0.0081334785
0.2811251879
0.0040293164
0.0082081128
0.0087873060
0.0244554095
0.0204339512
0.0283563528
0.0413117707
0.0681470782
0.9924662709
0.4601289630
0.8246818185
0.0150358938
