0.0691695362
0.0089099882
0.0474165268
0.0431553684
0.0535726883
0.0190542340
0.0454885922
0.0371670164
0.0516743027
0.0076375194
0.0418178253
0.0163581148
0.0180717073
0.0620701388
0.0198758841
0.0129277650
0.0063995845
0.0166022498
0.0387769565
0.0820618942
0.0171882678
0.0260723475
0.0484954678
0.0499361269
0.0281632598
0.0064078365
0.0685881823
0.0126603246
0.0057110530
0.7795656919
0.0068954034
0.0395486280
0.0066078291
0.0058711818
0.0178503785
0.0061337086
0.0314899497
0.0177403595
0.0462881625
0.0301450137
0.0144480523
0.0186351538
0.0709202141
0.0505866706
0.0085282298
0.0267569106
0.0048599862
0.0694850832
0.0423352569
0.0369018763
0.0502731055
0.0548700839
0.0042720651
0.0092760790
0.0567189306
0.0034825746
0.0086370856
0.3863670528
0.0684370026
0.0406015515
0.0196773726
0.0348807648
0.8695656657
0.0083373468
0.0036880418
0.0229894090
0.0846129954
0.0263984874
0.0540157743
0.0708717182
0.0467150025
0.0251019988
0.0113768457
0.0327696800
0.0266309343
0.0150658861
0.0230337232
0.0195014514
0.0087152477
0.0062629716
0.0080607114
0.5881643295
0.0226863660
0.0719589740
0.0063883765
0.0581993312
0.0045566419
0.0442075022
0.0072761597
0.0741051435
0.0135565009
0.0180499610
0.0052047386
0.0112078199
0.7100288272
0.0585282296
0.0551887751
0.0074286936
0.2844875455
0.0099242702
0.0444702692
0.0065639745
0.0315516293
0.7074434161
0.0094340025
0.0224875323
0.0126810102
0.0638522506
0.0698632374
0.0249209628
0.7290918231
0.0071596042
0.0080693047
0.0187452678
0.0133280056
0.0038656702
0.0087946188
0.0397839062
0.0089602312
0.0553237870
0.0258066803
0.2031729370
0.0606488474
0.0565464459
0.0509248711
0.0241922978
0.0680144578
0.0697286651
0.0389409810
0.0469440743
0.0478471257
0.0085162874
0.0088662151
0.0365638174
0.5111577511
0.0222058706
0.0399169028
0.0107740201
0.0311748516
0.7003347278
0.0670990422
0.0242619030
0.0235393606
0.0518211722
0.0162507817
0.0253869779
0.0192800835
0.0188691579
0.0116135068
0.0256808251
0.0430167504
0.0082063274
0.0537289605
0.0132530266
0.0137827294
0.0320216343
0.0633780211
0.0308593735
0.0098960716
0.0037303686
0.0590625219
0.0572242923
0.0617582910
0.0285970625
0.0257624947
0.0068416577
0.2797746360
0.0106518893
0.0857261792
0.0728406385
0.0304517224
0.0141423894
0.0179420114
0.0500416085
0.0145158414
0.0179243851
0.1568456888
0.0539734364
0.0494193137
0.1018406451
0.0222615376
0.0059147966
0.0120331421
0.0041786069
0.0516849943
0.0032923021
0.0285780933
0.0720982030
0.0680009127
0.2064832002
0.0143462978
0.0216249451
0.0165266357
0.0124049373
0.0235364195
0.0049166265
0.0728778988
0.0149067696
0.0221489407
0.0319640152
0.0492538475
0.0073636035
0.0323745720
0.0248061735
0.0365360491
0.0045310971
0.0715770721
0.0195378736
0.0336561874
0.0145800617
0.0507409237
0.0043540383
0.0943162441
0.8696770668
0.0277427919
0.0624097511
0.0656461492
0.0073933662
0.0113804089
0.0133422995
0.0469931774
0.0605569370
0.0493454672
0.0041258605
0.0328020565
0.0291709583
0.0594133586
0.0770454779
0.1172551066
0.0624658987
0.0165768228
0.0733259544
0.0351914130
0.0646830350
0.0594783276
0.0198984444
0.0560264848
0.0683918446
0.0504575521
0.0360711887
0.0315083936
0.0112949219
0.0637367666
0.0054690330
0.0110334028
0.0252876040
0.0180375744
0.0183402356
0.0520251840
0.0250550844
0.0070162895
0.0335684456
0.0214521773
0.7898474336
0.0181428939
0.0261273868
0.0884755030
0.0708661303
0.0675792918
0.0194718130
0.0576787442
0.7473216653
0.0041919188
0.0127259856
0.0658858940
0.0201959722
0.0098081324
0.0053953552
0.0308419541
0.0206926670
0.0168625601
0.0181372445
0.0052207774
0.0340384431
0.0126322070
0.0549979992
0.0260090455
0.0565456860
0.0203492343
0.9594702721
0.0034028322
0.0334033743
0.0053635873
0.0676575825
0.0143290814
0.5796223283
0.0213835463
0.0658132434
0.0477301516
0.0364107974
0.0045215581
0.0033031192
0.1711450666
0.0453111641
0.1804255396
0.0032356370
0.0446886532
0.0442800894
0.0543270521
0.1189640462
0.0658460781
0.0468614772
0.0183448400
0.0277142506
0.0292932875
0.0244099833
0.0651471987
0.0703681111
0.2089735121
0.0692855194
0.0080912160
0.2170336694
0.0432136245
0.0053824629
0.0094851367
0.0194051862
0.1376014650
0.0550649129
0.0289032124
0.0110946139
0.3683384061
0.0264403243
0.0719339326
0.0463299900
0.0255887341
0.1208384335
0.0141722932
0.0446547009
0.0112157213
0.0690723062
0.0237757638
0.0750105307
0.0650254786
0.0043887342
0.0051467540
0.0153357573
0.0672191530
0.0070241676
0.0630072951
0.0307327621
0.0585473552
0.0109249661
0.0106512718
0.0126189785
0.0308937766
0.0266044643
0.0081604803
0.0032471369
0.0044391332
0.7096863985
0.0705952197
0.0219006073
0.0686096102
0.0110237189
0.1829220951
0.0497384444
0.0136127425
0.0061907866
0.0615285225
0.0168335494
0.0607569888
0.0305491388
0.0444436856
0.0123569043
0.0366342105
0.1029287726
0.1215437204
0.0387721509
0.0209783278
0.0057876869
0.0306359157
0.0034181892
0.0217221528
0.0533756427
0.0104038082
0.0610265806
0.5311183333
0.0195487551
0.0171634462
0.0247417018
0.0303409901
0.0089304885
0.0169782303
0.0089359004
0.0229519513
0.8236322403
0.0350459442
0.0074233762
0.0069595035
0.0480625592
0.0395712256
0.0216073748
0.0960325822
0.0050367252
0.0500733703
0.7314872146
0.0486916788
0.5210165977
0.0558517389
0.0187932122
0.0070559955
0.0442038625
0.0267572179
0.0151801612
0.0101638064
0.0033787342
0.0066430508
0.0057663359
0.0140072200
0.0079107555
0.0087735606
0.0196151696
0.0576041304
0.0030197413
0.0624655411
0.0094535425
0.0718921423
0.0053936620
0.0796631277
0.0299783293
0.5388075113
0.0608510673
0.0049005314
0.0284057613
0.8100774288
0.0041169836
0.0074071460
0.0297835227
0.0130125098
0.0224168804
0.0093559017
0.0703653470
0.0366131067
0.0223846566
0.0332607403
0.1343120486
0.0093320739
0.0642298013
0.0240521710
0.8496831059
0.0526108034
0.0648181885
0.0274548680
0.0155578768
0.0168100893
0.0703260154
0.0195947792
0.6134416461
0.0206358284
0.2435154170
0.0151399216
0.2937547863
0.0128554069
0.0090452377
0.0589367598
0.0210552737
0.0561411418
0.0077524595
0.0215170551
0.0241739694
0.0054571228
0.0097408546
0.0515639149
0.0130851753
0.0578373894
0.0240556598
0.0381649137
0.0241634808
0.4767281115
0.0055052647
0.0157514568
0.0036871131
0.0032299147
0.0277999453
0.4898039699
0.4982651770
0.0503031425
0.0041979370
0.0059433691
0.0049109543
0.0047952924
0.0087081855
0.0063045667
0.4593672156
0.0095970174
0.7939689159
0.2029844373
0.0057832389
0.4184908271
0.0246865116
0.0527490564
0.0227000304
0.0162866097
0.0606692433
0.0502458476
0.0067005437
0.0516031124
0.0353579111
0.0254100990
0.0126979845
0.0067147482
0.0164220054
0.0093342755
0.0671330169
0.0301762726
0.0507601947
0.0133678261
0.0058856858
0.0615761019
0.0050205234
0.0196684189
0.0351040550
0.0267036874
0.0459989533
0.1074487865
0.0111628119
0.0222605765
0.0029902735
0.0657072440
0.0524353199
0.0129229836
0.0166394114
0.0258363262
0.0101573104
0.0703163520
0.0676262006
0.0563723668
0.0188671835
0.0357360430
0.0304863490
0.0280470420
0.0118217794
0.0359763317
0.0395801626
0.0285181720
0.0636876598
0.1370717734
0.0131110232
0.0061220056
0.8500974774
0.5225019455
0.0171538759
0.0261819195
0.0425547250
0.0156734735
0.0201384798
0.0261418223
0.0095229996
0.0194112323
0.0224090833
0.0516028777
0.0523789600
0.0156366676
0.0072784335
0.0090712579
0.0134293027
0.0109659769
0.0086164512
0.3277408481
0.0072124344
0.0664666221
0.0087237414
0.0650668368
0.0038938336
0.0466476791
0.0412603244
0.0094078109
0.3948284090
0.4017402530
0.0448771678
0.0177069083
0.0565935485
0.0496420674
0.2734316587
0.0602021553
0.0089028664
0.0342178680
0.0046538543
0.3267348409
0.0330147892
0.0470746644
0.0150836101
0.0586438924
0.0122199487
0.0574815385
0.0468123369
0.0222620480
0.0683089420
0.0421708338
0.0858379155
0.3617884517
0.0633584410
0.0107014459
0.0344546176
0.0395453833
0.6934114099
0.0642134920
0.0233886540
0.0379308723
0.0714634955
0.0170781910
0.0701422170
0.0114066619
0.0759529173
0.0102749644
0.0275660660
0.0063434811
0.7071522474
0.0320112444
0.0468907952
0.0165368766
0.0182386432
0.0513533391
0.0067940890
0.0184418652
0.0067885597
0.0758532286
0.0038862445
0.0070625963
0.7179903388
0.0031404167
0.1177599803
0.0055527803
0.0311419554
0.0662383884
0.0233233254
0.0141737899
0.0103928447
0.0540027469
0.0141838249
0.0115767075
0.0409217514
0.0150594125
0.0253186338
0.0227342527
0.0062074000
0.0050948034
0.0084708314
0.0030659204
0.3090945184
0.0281015970
0.0446353145
0.0208650623
0.0401973575
0.0038561763
0.0599919781
0.0112907542
0.0895595178
0.0188731961
0.0104769943
0.3868733644
0.0729365945
0.0654255822
0.0170528982
0.0277862363
0.0524184257
0.5543484688
0.2685561478
0.0049634702
0.1559884995
0.0663885102
0.0065074670
0.2030519247
0.0259150416
0.0649017468
0.0353438370
0.0040041045
0.0207758546
0.8653824925
0.0293204151
0.0711871237
0.4843738675
0.0173323695
0.0490367599
0.0255931225
0.0467565507
0.6130104065
0.0554495975
0.8610516191
0.0072114859
0.0292655062
0.0175975300
0.0076988745
0.0300106481
0.0357159600
0.0627532229
0.4954800308
0.1525076181
0.0604120195
0.0063225366
0.0592733026
0.0361322016
0.0046746037
0.0076459548
0.0152560081
0.0646475479
0.0066757812
0.0099044321
0.0316059515
0.0260640867
0.0156558715
0.0053233616
0.0594506636
0.0231934711
0.0119257057
0.0258229990
0.0331473723
0.0522629470
0.0605587997
0.0120642278
0.0993771404
0.0359362587
0.0046557961
0.0298691411
0.0312571153
0.0179231986
0.0438894108
0.1007369682
0.0110335350
0.0263929628
0.0053176354
0.0372195318
0.0332077071
0.0856815726
0.0413003936
0.0175014604
0.0489643551
0.0427624546
0.0276758373
0.0547699928
0.0684257522
0.0639705956
0.0702737272
0.0044377912
0.1147075817
0.0491899811
0.0368671119
0.0077392813
0.0061470238
0.0080839694
0.0132909501
0.3371713758
0.0124048181
0.0094605796
0.3600498140
0.0707082972
0.0650595874
0.0079578105
0.0181184802
0.0362876058
0.0202367250
0.0044317311
0.0069031091
0.0398423113
0.3222603202
0.0336250588
0.0055472772
0.0966300294
0.0158838555
0.0551298447
0.0236627925
0.0096774297
0.0243241563
0.0263809748
0.0142122172
0.0539045930
0.0220395420
0.0535988063
0.0269227959
0.0491378605
0.0085962359
0.0357018337
0.0544136763
0.0331122167
0.7317517996
0.0528608561
0.0210407488
0.0057125380
0.0706431568
0.0029702296
0.0546141714
0.0095195184
0.1398509294
0.0040411302
0.0273060985
0.0059756571
0.0492336936
0.2283691615
0.0270821359
0.0478869230
0.0046357214
0.0461477712
0.0133592691
0.0094955433
0.0425381027
0.0081907501
0.0407510661
0.0239611622
0.0650750250
0.0075319600
0.6370302439
0.0191152655
0.0033419055
0.4879938960
0.0107014589
0.0321947373
0.0487907939
0.0095142704
0.0847184882
0.0111139547
0.0057381606
0.0328767821
0.0229761805
0.0407499261
0.0816226676
0.0491231307
0.0106809512
0.0447680503
0.0344966538
0.0713228509
0.0660493448
0.0185128637
0.8562566638
0.0370094404
0.0122028105
0.0042843949
0.0107113309
0.0580429472
0.0537803583
0.0404174030
0.0226355940
0.0274168961
0.0717348903
0.0244013444
0.0468124077
0.0126695838
0.0164298359
0.0658133626
0.0322682448
0.0453548655
0.0065203598
0.0046215164
0.0091370791
0.0330570266
0.0495343395
0.0184317157
0.0618697293
0.0427509695
0.0287954435
0.0344696864
0.0447048433
0.0120490352
0.0312586986
0.0715572461
0.5087957978
0.5853455663
0.0170172155
0.0108191231
0.0375106111
0.0316821784
0.0666522682
0.0451219752
0.0156450402
0.0121980002
0.0396231785
0.0328692384
0.0226414576
0.0553997532
0.0131997215
0.0650636330
0.0043723360
0.0087394360
0.0161366202
0.0447301790
0.0056079016
0.0069404831
0.0042502908
0.1845431924
0.0379430801
0.0140708834
0.0222195443
0.0208923034
0.0681840256
0.0411885828
0.0441021472
0.0060347328
0.0267400481
0.0558800548
0.0394528843
0.0593422800
0.2298596501
0.0231346041
0.0599243380
0.0387046263
0.0066201482
0.0140729193
0.0079605011
0.0749287605
0.0078382241
0.0543184876
0.0096282139
0.0072647915
0.2601208985
0.0713648051
0.1097601652
0.0064789760
0.1324921548
0.0087163532
0.0238878038
0.0067161969
0.0075258943
0.0390294604
0.0033620177
0.0727976412
0.0048783608
0.0047151153
0.1047574580
0.0709233359
0.0642146319
0.0541162342
0.0062757088
0.0464703739
0.0201511551
0.0508273095
0.0562849790
0.7321287394
0.5926615000
0.0296560973
0.0039662463
0.0421293564
0.0574548952
0.0038752938
0.6532437801
0.2980033159
0.0179543383
0.0484225489
0.0101718586
0.0159102026
0.0498988666
0.0459963568
0.0089967018
0.0432342552
0.0123377582
0.0098287892
0.0160193741
0.6215081811
0.0201723836
0.0109801153
0.0683633611
0.1034561396
0.0723606646
0.0332988240
0.0872411504
0.0187283680
0.7130148411
0.0326286182
0.0171002243
0.0606605448
0.0231871307
0.0153720425
0.0140826153
0.0108121447
0.0056122662
0.0074969791
0.0181222837
0.0467165820
0.0255508218
0.0261088759
0.0418005697
0.1148957759
0.0269867443
0.0067058923
0.7496229410
0.0234573670
0.1064966097
0.0391889960
0.3053807318
0.0077533261
0.0096681304
0.0467768461
0.0554206856
0.0267645959
0.0728381053
0.0235532206
0.6930885911
0.0596574061
0.0348016769
0.0146341734
0.0114232851
0.1115408018
0.0033970706
0.0251544155
0.0029803889
0.0192556512
0.0369658619
0.2154474407
0.2774171233
0.0133157633
0.0411646068
0.0168595426
0.0370756537
0.0094163734
0.0065213516
0.1444926262
0.0403879210
0.0551393405
0.0075805690
0.0291931592
0.0215486940
0.0220540706
0.0306185074
0.0249542650
0.0433203094
0.0040879720
0.0351117738
0.0638005137
0.0435146652
0.0194367208
0.0561767891
0.0207862668
0.1311869770
0.0034813448
0.0689013451
0.0102791805
0.0703563169
0.0456460156
0.0278648976
0.0389403999
0.0171478223
0.0196186993
0.0597829670
0.0369556770
0.0541351363
0.0104632573
0.0376691036
0.0347490571
0.0051726243
0.0438618101
0.3505351841
0.3613023162
0.0281949416
0.6854630709
0.0125752520
0.0693988726
0.0406142622
0.0679083169
0.0495251007
0.0028648246
0.0079322793
0.0049798419
0.0533109456
0.0220969282
0.0061709057
0.0558907352
0.0656389296
0.0754178762
0.0044745617
0.0316382647
0.0369254574
0.0091766566
0.0080237584
0.0482860506
0.0056557395
0.0389337689
0.0649612322
0.0604970679
0.0538531914
0.0513132252
0.0203407984
0.0113341119
0.0056610396
0.0546811894
0.0224007759
0.0045524151
0.0347149633
0.0359391160
0.0315029360
0.1003514007
0.0050472002
0.0123727582
0.0611276999
0.0182145350
0.0601797923
0.0380186215
0.0055133509
0.0707957596
0.0169335175
0.0142085608
0.0139741749
0.0033142138
0.0230939835
0.0225922968
0.0058026337
0.0297824331
0.0372747891
0.0213343855
0.0099385865
0.0363663100
0.0150865987
0.0210693646
0.0335510299
0.0721889511
0.0646422654
0.0683076009
0.0053762649
0.0232165121
0.0438571908
0.0118203759
0.0425377786
0.0413442142
0.0381745361
0.0723250434
0.0307375044
0.0704054087
0.3923990130
0.0455790982
0.0208557583
0.0260740034
0.8165345192
0.0034370355
0.7813243270
0.0127281854
0.0324377604
0.0445432514
0.0107382061
0.0643889830
0.0375766605
0.0390502401
0.0047159735
0.0185504258
0.0233384073
0.7648001909
0.0415445641
0.0156460032
0.0728615373
0.0182554480
0.0367681384
0.0718470067
0.0180266369
0.0077851070
0.0065262532
0.0188731309
0.2241747081
0.0056559835
0.0128947347
0.0356076881
0.0063629085
0.0684811845
0.0145336809
0.0128020197
0.0245583896
0.1226587370
0.1673277766
0.0215756521
0.0504618920
0.0176951028
0.0363384038
0.0035341089
0.0057088812
0.0351437815
0.0103878137
0.0050486820
0.0095196506
0.0463106036
0.0135056125
0.0568135418
0.0044858339
0.0106418971
0.0111652622
0.0083537428
0.0296710469
0.0700732768
0.0151542602
0.0188523550
0.0058408650
0.0042928285
0.0437685996
0.0210125670
0.0231747143
0.0363579802
0.0423472673
0.0195300076
0.0646594018
0.0034920115
0.0061973245
0.1525481939
0.0487792231
0.0318020023
0.0119875828
0.0229027066
0.0033997076
0.0460609049
0.9269652963
0.3198937476
0.0307610817
0.1329219043
0.0310803335
0.0041117854
0.0110513736
0.0189361181
0.0181223638
0.0505711250
0.0419950075
0.0117064090
0.0590514950
0.0302136187
0.0465297662
0.0458624735
0.0124749811
0.1230674908
0.0041382522
0.0040525566
0.0221597832
0.0719567537
0.0103935702
0.0532348268
0.0359259211
0.6414019465
0.0502892621
0.0301294271
0.0060171764
0.0191271529
0.0049764756
0.1687407941
0.1802047044
0.0052922601
0.0554041974
0.0609255806
0.0042677750
0.0176073574
0.0614983886
0.0165839288
0.0198114030
0.0278572030
0.0440756194
0.0319749601
0.0031656895
0.0243765786
0.0365037508
0.0061351210
0.0150573784
0.0506948940
0.0058970009
0.0391512252
0.0034499213
0.7591181397
0.0091357352
0.0177936032
0.0366092734
0.0126483617
0.8600900769
0.0361360833
0.0067769596
0.0920794681
0.0604311563
0.0480920933
0.0637443140
0.0531898625
0.0098043690
0.0127578322
0.0050771423
0.0311769694
0.0686777756
0.0681881160
0.0920295790
0.0152249746
0.0523970909
0.0058710431
0.0103342524
0.0375866070
0.0125662023
0.1869680285
0.0585668795
0.0382750295
0.0698066130
0.0114847831
0.0176938754
0.0588982105
0.0056555555
0.0731410012
0.0108450772
0.0159260985
0.0490111299
0.0541005023
0.0335832834
0.0254855994
0.0679647997
0.0346402973
0.0257417355
0.5765061378
0.0398897044
0.0037444129
0.0124565978
0.0098880101
0.5878394246
0.0059372582
0.0056510670
0.0679283887
0.0127613796
0.5689331889
0.0194161255
0.0507469811
0.0418820493
0.0723973289
0.8034948111
0.0718485415
0.0198398363
0.0505803749
0.0360207297
0.0503288358
0.8209847212
0.0055442620
0.0061840918
0.0602126718
0.0982259810
0.0058523193
0.0107220197
0.0355513059
0.0034024157
0.0239467453
0.0387149490
0.0070833610
0.0209524427
0.0341469161
0.0283686966
0.0290347338
0.0234375559
0.0067295749
0.0586320013
0.0243322644
0.0043336111
0.0232199710
0.0568854921
0.0436217412
0.0098893354
0.0523431189
0.0659134537
0.0466157943
0.0326891169
0.0053645778
0.0532583892
0.0267459713
0.0084651159
0.0239679106
0.0083190566
0.1686149985
0.0126876812
0.0679328367
0.0583229512
0.0375578105
0.0104861176
0.0136956638
0.0055382289
0.0508353449
0.0787236989
0.0694031194
0.0089868605
0.0162661187
0.0259535108
0.0608361773
0.0079651363
0.7661901116
0.0264239796
0.0591604300
0.1770054549
0.0103134029
0.0431151390
0.0096226167
0.0154352384
0.0337268859
0.0217957292
0.0538848862
0.0562353432
0.0282526016
0.0181572326
0.0035378912
0.0323247239
0.0362638868
0.0031370181
0.0091057215
0.0052865520
0.0040620291
0.0316390432
0.0342766456
0.0167504214
0.0366584323
0.0563053861
0.0061593964
0.0199266449
0.0173677485
0.0049795061
0.0725370944
0.0041881674
0.0695522875
0.0412283242
0.0682791546
0.0306809992
0.0042646192
0.0639080852
0.0175129231
0.0029246015
0.0210437737
0.0399830826
0.0633142069
0.0631016642
0.0441631377
0.0097943861
0.0130438851
0.0599208251
0.0345965587
0.0510122105
0.5783450603
0.0355214439
0.0686839521
0.0596441664
0.6937556863
0.4485981762
0.0076154242
0.0473328941
0.3117453456
0.0324429609
0.0210369304
0.0053042900
0.7872245908
0.0075348439
0.0065130419
0.0331286453
0.0109707508
0.0316521786
0.0516237542
0.0199712124
0.0633194521
0.0285837036
0.0061950693
0.0554718561
0.0377957486
0.0056409184
0.0570598766
0.0089029763
0.0167776048
0.0461284928
0.0075155450
0.0108933011
0.0666018054
0.0129667781
0.0190721620
0.0258871689
0.0166280922
0.1229290739
0.0435327366
0.0268427469
0.0081899855
0.0070210919
0.0610836819
0.0091643771
0.0088731730
0.0145814130
0.0358919054
0.0503874980
0.0219541248
0.0078969765
0.0270080026
0.0252974313
0.0336337127
0.0623158142
0.0443169139
0.0801761597
0.0210526455
0.0033295818
0.0389900468
0.0110629993
0.0437008888
0.0630198792
0.0055587417
0.0187328868
0.0456456393
0.6819457412
0.0512463823
0.0146999694
0.0227790028
0.0276214238
0.0458874851
0.0173818469
0.0043336032
0.0637104064
0.0298755597
0.0225490164
0.0059218029
0.0354739949
0.2562435865
0.0461420789
0.0140414182
0.0104097454
0.0108196810
0.0698876455
0.8849141598
0.0320585147
0.0548032634
0.4275891185
0.9238906503
0.0567224100
0.0216689911
0.0041940338
0.0056005362
0.0049187457
0.0708103403
0.0126670152
0.0564358421
0.0139952507
0.0162155218
0.0382331684
0.0130739324
0.7157559991
0.0600625835
0.0072446871
0.0234801192
0.0211456716
0.0140717747
0.0232625417
0.0447839610
0.0302358810
0.0118095018
0.0337158330
0.5925800204
0.0314199030
0.0071205534
0.0032269680
0.0314508826
0.0185983814
0.0037004841
0.0204085503
0.0302673746
0.0035201714
0.0349242873
0.0142112011
0.0352241173
0.0232532918
0.1869529933
0.0407191440
0.0324243307
0.0054180124
0.0300361328
0.0161493849
0.0227730460
0.0166341439
0.0222745221
0.0948641747
0.0708236173
0.0174674783
0.0159637742
0.0249801837
0.0068993387
0.0271195695
0.0113405734
0.0044478630
0.0029341369
0.0359547846
0.0099427635
0.0081064459
0.0038855192
0.0156880636
0.0146086914
0.0293003488
0.0649775788
0.5669768453
0.0405360535
0.0409159362
0.0293161478
0.0560798533
0.0504150502
0.0101689911
0.0113317948
0.0264394153
0.0215125587
0.0544165932
0.0499642380
0.0334045961
0.0167900287
0.0070082797
0.7498171926
0.1428332329
0.0222461652
0.6633840203
0.0084699262
0.0180109330
0.0284624826
0.0086655524
0.0415890329
0.0366328023
0.0560774580
0.0513844937
0.0593107939
0.1087278277
0.0243028197
0.0342096910
0.0100094527
0.2302783281
0.0328764394
0.6578816175
0.0606566854
0.0561403185
0.0032189116
0.0134034390
0.0067158234
0.0429902747
0.0375620015
0.0101372330
0.0864143744
0.0238877609
0.0131471800
0.0031412623
0.0033141375
0.0294719189
0.0558050051
0.0141258994
0.7415905595
0.0150723653
0.0262261294
0.0466861017
0.6422657967
0.0284426399
0.0410734378
0.0056653745
0.0413243771
0.3650996387
0.0427491032
0.0043321052
0.0616627075
0.0201876052
0.0203991868
0.3008958101
0.0477277786
0.0031763813
0.0125563033
0.0047207996
0.0084485039
0.0217767786
0.0101569844
0.0075024995
0.6477590799
0.3148168325
0.0432598032
0.0422103070
0.0115063014
0.0036842779
0.0599183515
0.0433540605
0.0029708263
0.0540129356
0.0091082696
0.0050296797
0.0256727561
0.0076602483
0.0255734529
0.0174910296
0.0351098776
0.0052816099
0.0829857439
0.0143996133
0.0355226807
0.0148613276
0.0299462732
0.0484476276
0.0323822387
0.0227468684
0.0033405223
0.0035273517
0.0619414523
0.0245652217
0.5723616481
0.0261172801
0.8317911029
0.0072823209
0.5137389898
0.0757417679
0.0084556183
0.0271137916
0.1062160656
0.0132608889
0.0242891274
0.0441971347
0.0042977054
0.0362456627
0.0110814516
0.0052144970
0.0040013432
0.0317283459
0.0229814053
0.0059938002
0.0031768458
0.0078883357
0.8000025749
0.0287991166
0.0110611655
0.0269493032
0.0290817972
0.0042614248
0.0382180996
0.0259879418
0.0089357533
0.9703006148
0.0200894531
0.0636691377
0.0056510638
0.0032275757
0.1750579327
0.0134507818
0.0085146986
0.9030933976
0.0118690012
0.6959902644
0.0109866178
0.0072568087
0.0032214716
0.0151183866
0.7879340053
0.0538993962
0.0091671720
0.0416321345
0.0062834374
0.0426184312
0.0557172485
0.0409722105
0.0050121923
0.0682400092
0.0659729987
0.0477925166
0.0502951257
0.0590066984
0.0579126030
0.0118528558
0.0421906933
0.0594893768
0.0170024987
0.0055628596
0.0133545995
0.0165341571
0.0786852911
0.0111217313
0.0367761143
0.0042084213
0.0320235156
0.0134772118
0.0729061067
0.0121296868
0.0450419970
0.0171750691
0.0194836687
0.0056499639
0.0182819217
0.0096305013
0.0076592499
0.0442631021
0.0193032473
0.0323251896
0.7473519444
0.0216169674
0.0589499809
0.0032503954
0.0090772826
0.0258722734
0.0079246797
0.0511836633
0.0205844417
0.0129489377
0.6787861586
0.0614503138
0.0146298772
0.0363632776
0.0085496111
0.2641205490
0.0192102697
0.0071059782
0.0557574891
0.0057245977
0.0120655326
0.4857108891
0.0276869051
0.0035129006
0.0082420055
0.0681270063
0.0156918503
0.0567008480
0.0446587838
0.0499351621
0.6218687296
0.0075213285
0.0080795772
0.0384439826
0.0065194699
0.0378830284
0.0155601176
0.0162469428
0.0088566625
0.0073333080
0.0387283340
0.0121157533
0.0672619268
0.0034173739
0.0087140808
0.0132244127
0.0355380587
0.0178873688
0.0314623900
0.0268266518
0.2681436837
0.0311117582
0.2660917044
0.0269688796
0.0036563994
0.0172421914
0.0242413674
0.0359828956
0.4549016953
0.0395335183
0.0412938371
0.0559363887
0.0031258322
0.0050954800
0.0054849782
0.0100566763
0.0680228099
0.0202363282
0.0592715405
0.8766181469
0.0144350715
0.0282261372
0.0119854026
0.0194489919
0.0247312821
0.0306453295
0.0056217387
0.0235738270
0.0178913902
0.0067067589
0.0589407384
0.0190938357
0.1965440661
0.0275865644
0.2188335806
0.0354508944
0.0477007814
0.0153183984
0.0628474131
0.0365072489
0.0295200851
0.0530662425
0.0423070453
0.0168457199
0.0362425409
0.0044733803
0.0089436918
0.0140349353
0.0175691508
0.0716395602
0.0295553263
0.5417379737
0.0126557704
0.0036961436
0.0538947992
0.0056988122
0.0115807662
0.6568298340
0.0217686091
0.0610993207
0.0064275633
0.2250794321
0.0114596933
0.0410731584
0.0236315131
0.0051476723
0.0125849620
0.0071781594
0.7773600221
0.4574263692
0.0067004403
0.9425631762
0.0292865392
0.0036457337
0.0033888139
0.0298950635
0.0129710948
0.9250226617
0.6960703731
0.0308008138
0.9070906043
0.9875443578
0.0422754250
0.0034499376
0.0170187522
0.0190350581
0.0118204467
0.0508770943
0.0568848401
0.0651164576
0.0345330313
0.0223000776
0.0090939542
0.0277060196
0.3879538476
0.2935615778
0.0566215850
0.0114594996
0.0051680971
0.0681499988
0.0085622007
0.0211929642
0.0048453286
0.0054048221
0.0349306948
0.0211562607
0.0097992336
0.0063764295
0.0155296978
0.0238781758
0.0127753625
0.0877531245
0.0489186272
0.0243171211
0.0135080339
0.0611110143
0.0550564378
0.0049313288
0.0222708862
0.0058056721
0.0070759011
0.0143692661
0.0232368559
0.0211611874
0.0686487630
0.0421223044
0.0064169928
0.0155692855
0.0198839232
0.1381095797
0.3049091399
0.2603044212
0.0108479587
0.0359658450
0.0681775659
0.0162622705
0.0120150866
0.0036940074
0.0038630581
0.0571287721
0.0558282845
0.0702147931
0.0681895986
0.7854378819
0.0582614318
0.0438034870
0.0665642470
0.0334613621
0.0077319103
0.0061505740
0.0482077822
0.0054535028
0.6828939319
0.0461412519
0.0263002422
0.0306999236
0.0526420698
0.0279186182
0.0110171214
0.6608497500
0.0658670217
0.0170916505
0.0058126799
0.0085914265
0.0573589429
0.7694604397
0.0696854144
0.0109310625
0.4969217777
0.0506300703
0.0142659554
0.0320245139
0.0331467874
0.0714148134
0.0043045138
0.3549168408
0.3145039082
0.0601031668
0.0100739161
0.0297618266
0.0035048043
0.0031858385
0.5334680080
0.0361337699
0.0034910755
0.0112450728
0.0147316111
0.1773752570
0.0097402520
0.0107758911
0.0366327837
0.0309176240
0.0087251123
0.0049940688
0.0576551519
0.0412337072
0.0157411452
0.0420612693
0.0461345240
0.0293125827
0.3982848525
0.0415048189
0.0432219319
0.0387365669
0.0231909566
0.6020008326
0.0077105709
0.0696866065
0.0088182529
0.0073044891
0.0303757191
0.0426660739
0.7156865597
0.7991697192
0.0044252453
0.0691562220
0.7824182510
0.0539230518
0.0461749136
0.0422453918
0.0187511351
0.0044953423
0.0058030258
0.0682289079
0.0046302658
0.6110251546
0.0058970405
0.0163567327
0.3363759518
0.0170609653
0.5372756124
0.5051442385
0.2654007077
0.0256647486
0.0054616150
0.0357380249
0.0540608130
0.1165682003
0.0357755013
0.0505011193
0.0287464913
0.0076475497
0.0456953049
0.0029882626
0.0141286431
0.0575538762
0.0493207835
0.0047098901
0.0461365171
0.0514927879
0.0045645107
0.6653180718
0.0572138354
0.0184260327
0.0041411063
0.0614553690
0.0241190288
0.0308773313
0.0607106946
0.8421173096
0.0068809679
0.0069450261
0.0255185720
0.0267892405
0.0140540106
0.0063608484
0.0215216391
0.0633897334
0.0199336708
0.0103378752
0.0239183474
0.0163905807
0.0643113926
0.7809015512
0.0051971148
0.0221901294
0.0314955264
0.0525065623
0.9178751111
0.0087006809
0.0214184131
0.8329347372
0.2903302014
0.5370811820
0.0097785462
0.0173855759
0.0318306796
0.0062487787
0.0376131050
0.0675245300
0.0118056275
0.0127573069
0.0680212379
0.3526282907
0.0031798717
0.0156990215
0.0597016476
0.0050465306
0.0816755965
0.6769635677
0.0257302783
0.0050270790
0.0551770665
0.3894450068
0.0156356171
0.0142340418
0.0380737484
0.7982593775
0.0171467718
0.0720161274
0.0159976631
0.1052582189
0.0598544888
0.0527460687
0.0208111219
0.0070159207
0.0472337827
0.0721458942
0.0673344508
0.0537513159
0.0672002807
0.7425044179
0.0049061361
0.0443465859
0.0043833400
0.0540966205
0.7189260125
0.0170296337
0.8773317337
0.0436702520
0.0303218458
0.0216680821
0.0838899016
0.0554868765
0.0420048535
0.0432455465
0.9113861918
0.0181054939
0.0087319165
0.0176046547
0.0199523102
0.0502627492
0.0390271582
0.0044253026
0.0216867197
0.0369033255
0.0206447374
0.0042975871
0.0407378674
0.0334683806
0.0259455778
0.0283653680
0.0058977320
0.0078229811
0.0221406613
0.0072487891
0.0190675128
0.1176750436
0.0499694645
0.0080717606
0.0713131875
0.0349448361
0.0082408069
0.0618554987
0.0566648208
0.0043693371
0.0498748459
0.0358742550
0.0577019453
0.0103676962
0.0283410698
0.0544548668
0.0083826473
0.0059742318
0.0293759797
0.0428784862
0.0669059828
0.0173236970
0.0399899855
0.0125034004
0.0365421809
0.0489110947
0.0219895151
0.0688640699
0.0210233796
0.0601992570
0.0140222302
0.0658017769
0.0198059920
0.1174738929
0.0655266196
0.0031714041
0.2287994623
0.8788157105
0.0194775071
0.0039304635
0.0315924101
0.5432556272
0.0559091493
0.0566635653
0.0222665817
0.7826800346
0.0141154267
0.0060026939
0.0095344856
0.0430288315
0.9910788536
0.0415088758
0.0662068203
0.1121980697
0.0723825768
0.0647340640
0.7173407078
0.0042794640
0.6508514285
0.8356174231
0.0165535063
0.4756672978
0.0379889496
0.0082119200
0.0374863558
0.0388997123
0.4832555354
0.0515926220
0.0536621138
0.0139788110
0.0487990007
0.8841696382
0.0042685955
0.0098816734
0.0426395126
0.0031749939
0.0244889632
0.0531888343
0.0207943637
0.0396665186
0.0740795359
0.0224919990
0.0679357722
0.0388955288
0.0441229083
0.0042942716
0.0228131171
0.0514677167
0.0250557344
0.6787885427
0.0293873232
0.0373402946
0.0254485067
0.0675198957
0.0032714722
0.0268374514
0.0145472605
0.0465164818
0.0040817140
0.0307885502
0.0461093113
0.3604366481
0.0048811533
0.0203509331
0.0246040877
0.0184090268
0.0137385773
0.0608543754
0.0036073048
0.0321439356
0.0349118821
0.0338789821
0.9448158145
0.0274828300
0.0427925624
0.6773383617
0.6843696237
0.0712239146
0.0631657168
0.0181538370
0.0674097389
0.0479455814
0.0289666299
0.0259214565
0.0643896163
0.0354668498
0.0459188409
0.0414997861
0.0208942313
0.0028230054
0.0306432825
0.0361007452
0.0080141313
0.0195323993
0.0163375661
0.0293177534
0.0067676059
0.0616318509
0.0688600689
0.0192534104
0.0938485935
0.0074697570
0.0487130620
0.0458952039
0.0176173672
0.0334516540
0.0041854540
0.0125250006
0.0228516571
0.0706587210
0.1982059628
0.0471280590
0.0531408451
0.0232648421
0.0158762783
0.0611857399
0.0141921798
0.0093726171
0.0089421635
0.0036948405
0.0262007602
0.8047358394
0.0091398312
0.0365172364
0.6038804650
0.0029294880
0.0327947550
0.0047366614
0.0105079794
0.0325826481
0.0078980848
0.0445079170
0.0478005521
0.0087766265
0.0658918917
0.0037455973
0.0468336269
0.0458618328
0.9094811678
0.7144889235
0.0094346143
0.0541837774
0.0288333967
0.0106456140
0.0164090469
0.0159985200
0.0496282391
0.0550222248
0.0226532724
0.0227120370
0.8136558533
0.0035912746
0.5369077325
0.1299165934
0.0198316611
0.0325052366
0.0183235221
0.0207894128
0.0360062905
0.0108225215
0.0205051675
0.1210471392
0.0265751798
0.0682423785
0.0073280660
0.0482919291
0.0602327585
0.0144945122
0.0060422649
0.0089177089
0.0869997963
0.0427628532
0.0485009141
0.0375970155
0.6723232269
0.0595205911
0.0047997017
0.0250407718
0.0220454521
0.0031637275
0.0196857918
0.0072132335
0.0554180779
0.0159499217
0.0452207439
0.0395839848
0.8598574996
0.0035812545
0.0228002891
0.0570221692
0.7651715279
0.0621056184
0.0104383389
0.6836392879
0.0412686057
0.0188884847
0.7909874916
0.7925392985
0.2729707956
0.6776183248
0.0197974760
0.8044914007
0.0914498344
0.0422140881
0.0067943055
0.0033077295
0.0335317440
0.0277513713
0.0065177688
0.0131332893
0.0342009738
0.0416573621
0.0369466990
0.0427778661
0.0157875437
0.0372622460
0.3497896492
0.1621771902
0.0118924491
0.0406279080
0.0377719700
0.0157061443
0.0101314308
0.0136601264
0.0052721025
0.0384356640
0.0049545779
0.0091157975
0.0536142550
0.0117197605
0.0603366569
0.0051014922
0.0213841181
0.7050704956
0.0110921180
0.0326815881
0.0329334624
0.0064906911
0.0649051815
0.0036678105
0.0113075515
0.0039269226
0.4569384456
0.2480835617
0.0518140532
0.0223842449
0.0327821635
0.6380165815
0.0055415793
0.0055485163
0.0109256878
0.0362307392
0.0171013642
0.3977952003
0.0182754975
0.0288349334
0.0168879554
0.0202068537
0.0146176154
0.0172221288
0.3851832449
0.4710469246
0.0270143077
0.0133652100
0.0487548187
0.0049573947
0.0136385467
0.0082870452
0.0112507166
0.0211687945
0.0352277793
0.0563733317
0.0065501044
0.0065225926
0.1782274693
0.0176616050
0.0317056589
0.0620770156
0.0531172194
0.8386288285
0.3107207417
0.0265092235
0.0697676018
0.4029357731
0.0210081078
0.0374836549
0.0078819199
0.0065886471
0.6082635522
0.0234838240
0.0114540299
0.0149943400
0.0523536466
0.0273968186
0.0277834404
0.0188311823
0.0286900233
0.2251716554
0.0081735719
0.0488943644
0.0530975200
0.0224703290
0.1253417283
0.0076162196
0.0357071459
0.0311505273
0.0296398066
0.7319640517
0.0603499375
0.0216626674
0.0515323095
0.0052361209
0.0255635921
0.4424684942
0.0043539465
0.6823930740
0.0091634737
0.0474040993
0.0687365457
0.0218445230
0.0635068864
0.6558144093
0.0128862187
0.0183274727
0.0170981232
0.0065840520
0.0125922374
0.8795465231
0.6810998917
0.0096080890
0.6573295593
0.0704410076
0.0641909465
0.0497576781
0.0059311441
0.1348559111
1.0283757448
0.0082109217
0.0076890625
0.0076888264
0.8492066860
0.6964769363
0.0331813283
0.7216510177
0.0156941079
0.0699802637
0.0474184267
0.0112522347
0.0596328117
0.0334175043
0.0378918834
0.0207841638
0.7503042221
0.0194201507
0.0367043018
0.0501293950
0.0698869228
0.0496793166
0.0049211606
0.0084659737
0.0682130456
0.0087779909
0.0590534024
0.0556573458
0.0542398542
0.0064069829
0.0473092347
0.0034563222
0.6424417496
0.0107639339
0.0218441952
0.6245141625
0.0029666792
0.1493356079
0.0216626618
0.0121965809
0.6295290589
0.4032152295
0.9120728374
0.0364806429
0.0416668914
0.0250795931
0.0625894740
0.0709120780
0.0140623469
0.0306939520
0.0501787215
0.0121292965
0.8414489627
0.8183308840
0.0040570428
0.0193487238
0.0157481078
0.0529527925
0.8946840167
0.0089364564
0.0039396817
0.0198932383
0.0109863412
0.0032246122
0.0549875423
0.0074957297
0.0096355015
0.0699533075
0.0831604153
0.0370950028
0.0448164344
0.0074249119
0.0194828901
0.0254131667
0.0188896824
0.0117450105
0.0034805334
0.0115365088
0.5573264360
0.0615942925
0.0087456033
0.0272751674
0.0130163962
0.2121512294
0.0407884121
0.0145385182
0.0567535609
0.0344773941
0.0672265738
0.0416105986
0.0480638333
0.0108417012
0.0031652749
0.0231522676
0.0345826298
0.0071740542
0.0031258438
0.0245255195
0.0788383484
0.0096205194
0.0128083052
0.6453306079
0.1956755370
0.0428792946
0.0114200898
0.0959748998
0.0038501679
0.0295773763
0.0618786402
0.0387580954
0.0345225185
0.0145601155
0.2376118302
0.0713975579
0.0078802994
0.0724385604
0.9641149640
0.0377936736
0.8581987619
0.0068986048
0.0239572488
0.0029503379
0.0077604223
0.0215202719
0.0086339945
0.0069482005
0.0270591695
0.5329185724
0.0258068666
0.0033274835
0.0688765869
0.0176902376
0.6825888753
0.0153403329
0.0145792840
0.0181130692
0.0364001058
0.0140237287
0.7472760677
0.0047936370
0.0047728205
0.0597957820
0.0285032094
0.0340051800
0.0202754922
0.0155679239
0.2644288242
0.0333524086
0.0367885828
0.0758773610
0.0162572525
0.0179050267
0.0503165126
0.0031405606
0.0140360063
0.0443700626
0.0359633155
0.0304141622
0.0459032357
0.0437421575
0.0060978113
0.0997668058
0.0043611727
0.0546756014
0.0609710328
0.0526862070
0.3431518376
0.0140891774
0.9088263512
0.0059940927
0.0057702949
0.0228329748
0.8766890168
0.5039834380
0.0695111081
0.6032829881
0.0456902720
0.0089081554
0.0407508202
0.0702888668
0.0347460695
0.0245520882
0.0398200303
0.0340583920
0.0663731694
0.0135549335
0.0101495348
0.0251875557
0.8282083869
0.0041773319
0.0421618894
0.0275817178
0.0666451603
0.0091987997
0.0103638750
0.0299003907
0.0212313347
0.6757702231
0.6573810577
0.0141592529
0.5888440013
0.0201584045
0.0115515245
0.6488856673
0.0370562710
0.0049793138
0.0353194140
0.0200848319
0.0115532232
0.0270439219
0.0163615812
0.0462501571
0.0533303656
0.8461229205
0.0056566675
0.0494126529
0.0088994857
0.0565322489
0.0068863416
0.0680504888
0.0434125066
0.0478827395
0.0152681088
0.0211997479
0.0688349754
0.0698045790
0.0315576419
0.0660397559
0.0406884216
0.0217042174
0.0040777042
0.0250833407
0.0134001374
0.0701289698
0.0043256101
0.0359598510
0.0489688665
0.0202674828
0.0143860504
0.0079357261
0.1559116095
0.0599597171
0.0266281441
0.0102265505
0.0693299249
0.0170604717
0.0247776266
0.0042209085
0.0392231867
0.9247950912
0.0095944647
0.6158503890
0.0071360455
0.0371791758
0.0151196076
0.0230734628
0.8175598383
0.0036765423
0.7145544291
0.0143077895
0.0674095005
0.3972584307
0.0414842330
0.0606806912
0.5382677317
0.0511066690
0.0330642201
0.0087146638
0.0452752411
0.0163661949
0.0616332181
0.0309465006
0.0652905554
0.0228188131
0.0195171963
0.0067582512
0.0448867418
0.0635798797
0.0378846601
0.0426662676
0.0395723395
0.8541718125
0.0136992401
0.5496029258
0.0127165206
0.0090018297
0.3358865380
0.0603193045
0.0048072697
0.1606825888
0.0044990331
0.0096803829
0.0225938428
0.0227538794
0.0404638499
0.2700066566
0.0407953970
0.0037344357
0.0134723401
0.0204833671
0.0048410380
0.0213138219
0.0129974037
0.0128725497
0.0151879247
0.0522006601
0.0221939776
0.0487880781
0.0143036759
0.0025541319
0.5943447351
0.0259743501
0.0043433672
0.0193471573
0.0096367029
0.0603133105
0.0050072684
0.0049834540
0.0300149266
0.0463893712
0.0636606514
0.0720922425
0.0521047078
0.0313218310
0.0080792187
0.0516880974
0.0053658504
0.0225802511
0.0094418554
0.0098514166
0.0304644424
0.0181265231
0.0505424030
0.0069941483
0.0102855349
0.0037177077
0.1334795058
0.1464010775
0.0491014980
0.0038234601
0.0036637231
0.0088021085
0.1058469266
0.0227691438
0.4924879372
0.0091428803
0.0598038621
0.0139095737
0.0153387850
0.0612670705
0.0243893694
0.0492546521
0.0317646638
0.1321762204
0.0396378823
0.0078739291
0.0050147111
0.0110725090
0.0034071726
0.0281152632
0.0188359749
0.3896085322
0.0032605117
0.4468528926
0.5731384158
0.0100920824
0.0063003837
0.0031323449
0.0042589144
0.4411965311
0.7925080657
0.0074544870
0.0038832233
0.0146059515
0.0234202445
0.8756396770
0.0602958426
0.1218359247
0.1223199069
0.0419456996
0.0166152287
0.0406573676
0.5070552826
0.0049837958
0.6570723653
0.0068274643
0.0537837856
0.0072205216
0.0516697466
0.0159886777
0.7683109641
0.0290077627
0.0223970283
0.5834071636
0.0512479730
0.0531510003
0.0186083373
0.0063014850
0.0509504341
0.3298102021
0.0489261337
0.0448306985
0.0213927347
0.0049679410
0.1928751916
0.2658370435
0.0461782403
0.0323188752
0.0059688576
0.0041372990
0.0083933380
0.0110222464
0.0436983556
0.0073290281
0.0038484267
0.0175928101
0.0072740265
0.0164191704
0.6769688129
0.1625653207
0.0280735064
0.0146470182
0.0253255665
0.0154923275
0.0317732468
0.0029315935
0.0279150382
0.0181048196
0.5233228207
0.0206755642
0.0703195706
0.0130931437
0.0330069065
0.0561427772
0.0060922056
0.0125942146
0.0139344912
0.0311843175
0.6284092069
0.0268585533
0.0027457529
0.0050181178
0.0044862544
0.7381126881
0.0165016875
0.0070316950
0.0402657799
0.7709020376
0.0547097027
0.0346437991
0.0068337056
0.2231311351
0.0224447008
0.0321954712
0.0408685096
0.0081230476
0.0172612388
0.0095843300
0.0663292855
0.0109562231
0.1849471182
0.0160210319
0.3979076743
0.0123502072
0.2681897879
0.0181007497
0.0365618952
0.0475138873
0.0544763803
0.0474718437
0.0101181362
0.0264412742
0.0765883774
0.0137530817
0.0062339152
0.0088482955
0.0060551567
0.0443025865
0.6590533853
0.0453241840
0.0088262502
0.0386342146
0.0674762502
0.0045620413
0.0102861859
0.0200098734
0.2116130888
0.0220257174
0.0068147541
0.0539337769
0.0274637323
0.0643331781
0.0269801393
0.0101870941
0.0399598628
0.6416641474
0.0075009740
0.0338454954
0.0572044030
0.0681136847
0.0246734153
0.0060152030
0.0600509718
0.0054164142
0.0181000028
0.0039263689
0.0059044724
0.0111983307
0.0173905380
0.0346615501
0.0091486908
0.0046338132
0.0434701145
0.0041521317
0.0164409522
0.0284442622
0.1751118749
0.0037450909
0.0113117713
0.0190982614
0.0261679348
0.0125821829
0.0665202141
0.0098604904
0.2472463995
0.0424425714
0.0116909975
0.0470400825
0.0449317247
0.0094801895
0.0223074853
0.0283754561
0.0430501327
0.0081637278
0.6967894435
0.1810152829
0.0551370457
0.0331930332
0.0160707049
0.0452358350
0.0035344812
0.0180472098
0.0178026911
0.0618002079
0.0187374819
0.0793692172
0.0428540967
0.0343265161
0.0572207421
0.0182961226
0.0178926066
0.0050325417
0.5902421474
0.0062215445
0.0181535259
0.7736777067
0.0031387641
0.0284651890
0.0808815509
0.0738466755
0.0125028417
0.0313586853
0.0427018665
0.0265960284
0.3328537345
0.0062329872
0.0078004408
0.0304477885
0.8825026155
0.0028030172
0.0699021071
0.0459514894
0.0475756936
0.0139545705
0.0135856951
0.0686613172
0.0528415367
0.1892430633
0.0108740851
0.0723877996
0.0029032405
0.0336374082
0.0251148604
0.0286503658
0.5658370256
0.0193930715
0.0530884899
0.0199450273
0.0541419648
0.0477406979
0.0618675947
0.0466912799
0.1854236722
0.0103311874
0.1740563512
0.0378160588
0.0213374253
0.0218152925
0.0222971234
0.0253451467
0.0033340291
0.0029532041
0.0142638246
0.0115243904
0.0468649007
0.1288466752
0.0204476584
0.0542715713
0.5809901953
0.0322925374
0.0169134643
0.0385690182
0.0656119213
0.4237482250
0.0352345221
0.0907515064
0.0403974354
0.0203675795
0.1065634936
0.0038033454
0.0265939496
0.0056991968
0.0054962230
0.0586955808
0.0201327708
0.0184568111
0.7461206913
0.0126460064
0.0226866584
0.0159815680
0.8121768832
0.0187552385
0.1357787699
0.1635056436
0.0622706041
0.0792597756
0.0227162819
0.0083363671
0.0640350431
0.0273650326
0.0169439502
0.0695048794
0.0199867673
0.0158809368
0.0628521666
0.0083385501
0.0124122314
0.0202843007
0.0142916674
0.1416433305
0.0719704852
0.0639091060
0.0067657735
0.0528547652
0.0095033487
0.0123242587
0.0314472280
0.0735158324
0.0343773663
0.0377084725
0.0227925982
0.0323291793
0.0347592793
0.0429371595
0.0525933467
0.0701756552
0.0387478769
0.0407517068
0.0040817433
0.0165795665
0.0472955890
0.0695425794
0.0462032035
0.0551639535
0.0396253020
0.0249116160
0.0126158642
0.0639585778
0.0636268482
0.0382353514
0.0201053955
0.0385506824
0.0104774116
0.0348769911
0.0058046710
0.0119704027
0.0415402874
0.0575915016
0.0031815658
0.0665484518
0.0070651262
0.0214745179
0.0624474660
0.0270276871
0.0045602657
0.7549678683
0.3997312486
0.6281863451
0.0289583821
0.0636674464
0.0234630778
0.0046468754
0.0731170624
0.0784295872
0.7215242386
0.0265215430
0.0415458493
0.0263788085
0.0062879995
0.0095955888
0.1787818521
0.7288423777
0.0672967583
0.1983907223
0.0441438481
0.0143290060
0.0590894297
0.7073522210
0.0079041179
0.0330098942
0.0237263888
0.4751389325
0.0093668643
0.0432458259
0.0383366160
0.0106688784
0.7262004614
0.0340362452
0.0348603576
0.0077560907
0.0139255244
0.0442195833
0.0120591968
0.0043773483
0.0132105071
0.0347812586
0.0130461948
0.0055078957
0.0063612512
0.0330986753
0.0606073290
0.0103964861
0.0215548947
0.0712102652
0.0098976362
0.0206634849
0.0030293763
0.0735610723
0.0152374245
0.0083671911
0.0484340526
0.6962567568
0.3003554344
0.6982288361
0.0346894525
0.0618888028
0.7594158053
0.3183973432
0.0029950142
0.0420072824
0.0157412309
0.0029756424
0.0712175891
0.0071300347
0.8324947953
0.0629504994
0.0061250636
0.8620547056
0.4682262540
0.0045175059
0.6430255175
0.0046835425
0.5660586357
0.0491734035
0.0556146353
0.0030903241
0.0293441080
0.0375061333
0.6156635880
0.0436698273
0.0688240007
0.0765227228
0.0493532009
0.0052791247
0.0144367162
0.0340324678
0.0685113519
0.0255198479
0.2243110389
0.0125120655
0.0205623638
0.0791912004
0.0166910551
0.0288633294
0.0585919432
0.0043096142
0.0386533700
0.0171309337
0.0090803439
0.0043033073
0.0331514776
0.0349133275
0.0644025654
0.0049416004
0.0432203002
0.0481836982
0.0405193903
0.0217051413
0.0221302919
0.0053824992
0.0726770833
0.0365731157
0.0347630493
0.2766927779
0.0073168622
0.0341659933
0.3619100749
0.0362108201
0.0032219649
0.0050821854
0.0507038794
0.0555115677
0.0288687441
0.0150304511
0.1717635691
0.2902113199
0.0205673408
0.0140866321
0.2772237062
0.1005767062
0.0219723657
0.0204798263
0.0494970791
0.0680187419
0.0453335382
0.0533968136
0.0274739992
0.0153162824
0.0169543661
0.0087595573
0.0641569495
0.0131983878
0.0228363872
0.0605521835
0.0037611024
0.0584982149
0.0179594439
0.0109511716
0.0395224057
0.0645697415
0.0098482510
0.0321605802
0.0425748117
0.0257831328
0.0071233306
0.0084730275
0.0360077992
0.0206321869
0.0043238718
0.0076022828
0.0304777455
0.1886857301
0.2055602521
0.0347543508
0.0037764355
0.0069014500
0.0263270885
0.0281093903
0.0219882894
0.0148836086
0.0129876677
0.0042713522
0.0211505424
0.0361617617
0.0498027280
0.0169443581
0.0433122143
0.0076848594
0.0104003018
0.7281143665
0.0059099728
0.0298702531
0.6148051620
0.0249746758
0.0317259692
0.0048881178
0.0418543667
0.0058677974
0.0122934300
0.5958225131
0.0115431286
0.0585462153
0.0210583694
0.7848798037
0.0231201872
0.0623201318
0.0198136680
0.0147873554
0.0563204885
0.0421651304
0.3049782515
0.0447501540
0.0124672502
0.0660946518
0.0658279136
0.8296967745
0.0475459807
0.0081230979
0.0324871056
0.0214494802
0.0413320251
0.0295754634
0.0183498431
0.0058724470
0.0131692439
0.0515506230
0.0537845530
0.7371152639
0.0207538232
0.0125743700
0.0358124524
0.0511283837
0.0486244895
0.0050702724
0.0034171003
0.0047159004
0.0554418825
0.0541891679
0.0391088612
0.0479734428
0.0663607046
0.0546649583
0.0183028970
0.0116678188
0.0287587978
0.0050646900
0.0365745053
0.0093323858
0.0141569413
0.0182900205
0.1180070639
0.0202632453
0.0478758328
0.0038740693
0.0346054137
0.0671709776
0.0641608834
0.0516059473
0.0069399015
0.0114785451
0.0061800075
0.0110221151
0.0489902087
0.0047716550
0.0045807743
0.0104798004
0.7055216432
0.0731434077
0.0134963384
0.0693393275
0.0130236680
0.0087836329
0.0199673735
0.0642828643
0.0084882230
0.0059977151
0.0055428320
0.0505511053
0.0267240647
0.0416305624
0.0033071334
0.0341729484
0.0169005767
0.0179003552
0.0229098313
0.0059505338
0.0268671717
0.0146199651
0.0503793620
0.0238925237
0.0054101786
0.0195765346
0.0653201863
0.0631587207
0.9102205634
0.0172956847
0.0251607690
0.0347799435
0.0376348905
0.0032259696
0.0366223417
0.0639950186
0.0148511678
0.0260052066
0.0572858937
0.0180823486
0.0314277932
0.0172825977
0.0372172855
0.0491165519
0.0443671234
0.3927631676
0.0031866916
0.0411537960
0.0428376049
0.0086967498
0.0098087173
0.0524714813
0.0267650541
0.0081166560
0.0314009823
0.0028960679
0.0083642537
0.0291883145
0.0266874526
0.0249562226
0.0497667715
0.0399220511
0.0300230253
0.0130365342
0.0085281404
0.0708228201
0.0103295343
0.0216208305
0.0587973408
0.0216190293
0.0128722154
0.0666148737
0.0323685184
0.0157852322
0.6227506995
0.0549261607
0.0625635237
0.0103737405
0.0174854230
0.0404024981
0.0355208367
0.0093330862
0.0449685268
0.0111511732
0.0144873261
0.0173437186
0.0228595622
0.0153237693
0.0082076695
0.0157133508
0.0149763180
0.0150214992
0.0473684520
0.0181272216
0.0134340879
0.0455207676
0.0048306440
0.0564038493
0.0413360335
0.0221168678
0.1325887740
0.0362081751
0.0061187823
0.0217692964
0.0706741810
0.0222890414
0.0494973026
0.0297624450
0.0096757291
0.0635686740
0.0175257139
0.0250911135
0.0391557626
0.0205180161
0.0381099209
0.0088539645
0.0624560826
0.0033729537
0.0069322493
0.0401317328
0.0411070734
0.0222060475
0.0081571396
0.8790100217
0.0102906665
0.0527076758
0.0061064544
0.0045008701
0.0738030821
0.0149234645
0.6270561218
0.0283591114
0.0374064334
0.0258525889
0.0160423089
0.0230375212
0.8244947195
0.0614706613
0.0074181906
0.0046835192
0.0165280625
0.0357916392
0.3717590570
0.0259795245
0.0614232011
0.0284391493
0.0223102998
0.0121232383
0.0099404762
0.0117351320
0.0189168956
0.0693578422
0.0066134981
0.0651524141
0.0202718899
0.0399283543
0.0673217475
0.0031460370
0.0556409247
0.0035880196
0.0047381609
0.0078374688
0.0615309365
0.0250992719
0.1050403714
0.0595525429
0.0119263576
0.0093426257
0.0037411740
0.0119647663
0.0185971409
0.0429478772
0.0114724329
0.0373436622
0.0030016578
0.0476774238
0.0165200848
0.0035723280
0.0508112870
0.6094630957
0.0226968396
0.0659187809
0.0676176623
0.0402215421
0.0340443030
0.0067333779
0.0119330185
0.0227862746
0.0630130619
0.0174387377
0.0037430266
0.0682150945
0.0349554718
0.0313520953
0.0117286416
0.0240836143
0.0174963530
0.2926818728
0.0480212085
0.0240887608
0.0398732051
0.0376400016
0.0300815925
0.0073407530
0.0677245185
0.0373700187
0.0686905608
0.0178504959
0.0085442122
0.0364661813
0.0103268372
0.1329008192
0.0098308660
0.0148681467
0.0392151698
0.0566371754
0.0029488078
0.0093349423
0.0473103039
0.4858586192
0.0129855145
0.0649588183
0.0450316519
0.0495200902
0.0053512035
0.0073910528
0.0090777474
0.0181455575
0.0162489805
0.0396594927
0.0274670087
0.0487115718
0.0068688295
0.0178982001
0.0253714770
0.0443986803
0.0164511725
0.0136393253
0.0182312615
0.0129893702
0.0411711670
0.0121843396
0.0116547970
0.0189098530
0.0262845512
0.0198179558
0.0521388687
0.0051665544
0.5138692856
0.0336432308
0.0725234374
0.0168109834
0.0375161096
0.0347003676
0.6732944846
0.0038593926
0.0254006200
0.0317463428
0.0142327985
0.0526041500
0.0261060279
0.0516436175
0.0551528670
0.0518336780
0.0703146234
0.3164764047
0.0365822315
0.0616878234
0.0287498422
0.0436505936
0.0099016512
0.0230787266
0.0293940604
0.0271172114
0.0035465995
0.0042701769
0.0058342712
0.0405814089
0.0045821066
0.0534810536
0.0353718624
0.0128769130
0.0484417938
0.0453816950
0.0152005991
0.0421977155
0.0174094867
0.0942005441
0.0180046782
0.0560743101
0.0564928763
0.0629494116
0.1350803524
0.0133694904
0.0115785608
0.0147162760
0.0443746820
0.0564819574
0.0314452052
0.3778874278
0.0563413911
0.0340358838
0.0114577087
0.0559140220
0.0547966026
0.0623062141
0.0128772240
0.0199479610
0.0460498258
0.0338943563
0.6628780961
0.0234047156
0.0079139350
0.0219531655
0.7731712461
0.0492976271
0.0496673323
0.0594973825
0.6364339590
0.0436008312
0.6384918094
0.0606292933
0.0147300838
0.0253729168
0.0068595028
0.0469989367
0.0224306099
0.0549903698
0.0350307263
0.0080153346
0.0515296496
0.1184232682
0.0439422168
0.0344030373
0.0319824852
0.0168990884
0.0460145175
0.0539866313
0.0072686528
0.0177761037
0.0634443834
0.0557885654
0.4546314776
0.0060635032
0.0243890379
0.0433915444
0.0294004008
0.0654870942
0.0120782601
0.0188933350
0.0259859357
0.0337470658
0.0627433583
0.0042206412
0.0425205715
0.0058255787
0.0396383442
0.0054921019
0.0326705091
0.0118150497
0.0127013586
0.0125413062
0.0071503418
0.0077059679
0.0506255701
0.0805836692
0.0288008414
0.0165978465
0.0201606750
0.0515940227
0.0685888901
0.0294619333
0.0500760823
0.0216898900
0.1525624245
0.0692346767
0.0184496865
0.5837480426
0.0041983668
0.0373187512
0.0632381439
0.0640292689
0.0088932551
0.0113417264
0.0526241995
0.2353557348
0.0427886248
0.0646050498
0.0648445189
0.0255714227
0.0237731952
0.4182142615
0.0507914461
0.0311349872
0.0199616849
0.0203110725
0.0414727069
0.0081570819
0.0305044390
0.0109882941
0.0688572004
0.0310103055
0.0100923143
0.0191517398
0.0141340923
0.0087968092
0.0405819565
0.0080302963
0.0597617105
0.0255896412
0.0044701053
0.0577011071
0.0486344099
0.0213672444
0.0500724763
0.0175192114
0.0486730523
0.0073079495
0.0596267432
0.0145676546
0.7167865038
0.0668275282
0.0420414433
0.0150381187
0.0343606696
0.0519574620
0.1110042185
0.0148885092
0.0039362414
0.0147719951
0.0044516819
0.0033845203
0.0153907472
0.0067289621
0.0062375837
0.0094674248
0.0319396444
0.0199350864
0.0114452541
0.0270656440
0.0063284887
0.0082164342
0.0315539725
0.0048049991
0.0321930051
0.0072740302
0.0189680401
0.0444848873
0.0065245042
0.0496336520
0.0406333022
0.0583823323
0.1037910432
0.0512726977
0.0564914718
0.0064462591
0.0252927411
0.0143460911
0.0096155554
0.0156689361
0.0292274971
0.0297412425
0.6653711796
0.0321597047
0.6578906178
0.0335579664
0.0185519885
0.0750547647
0.0157134514
0.0355086103
0.0537186190
0.0684392303
0.0958912671
0.0112484312
0.0076903608
0.0083641177
0.0696230233
0.0100469012
0.0672264099
0.0056401342
0.0059851841
0.0057831057
0.0641051233
0.0066655241
0.0276865270
0.0037332312
0.0252278615
0.0035441206
0.0074925488
0.0381512791
0.0305478685
0.0678635761
0.0681127980
0.0033532304
0.0253636315
0.0111562330
0.0660908446
0.0403795503
0.0040122159
0.0385464318
0.0147092286
0.0257269777
0.0622011349
0.0493062884
0.0242924914
0.0441993400
0.0298864115
0.0801205486
0.0185066685
0.0323754214
0.0275672060
0.0519495346
0.0509698577
0.0468934663
0.0618230514
0.0363634229
0.0712770820
0.0037576340
0.0150340982
0.0078121112
0.0616470650
0.0067974068
0.0267461184
0.0166239943
0.0107174637
0.0134643307
0.0541635267
0.0252414085
0.0359559022
0.0036885454
0.0085690077
0.0125336200
0.1267498583
0.0078451047
0.0192586277
0.0382684357
0.0692381635
0.7506293654
0.0692224056
0.0081876656
0.0542191602
0.0046092654
0.0105257686
0.0138616422
0.0224952158
0.0381589644
0.0467916429
0.0223827735
0.1248595193
0.0104948021
0.0402807295
0.0638128594
0.0476786159
0.0554117821
0.5532974005
0.0049747787
0.0262728948
0.0130614927
0.0284884200
0.0572432615
0.0383925550
0.0719652697
0.0285330098
0.0030046662
0.0053788107
0.0683532208
0.0489634573
0.0698966011
0.0048069786
0.0498790219
0.0198290795
0.0029258251
0.0301452186
0.0043484722
0.0224120226
0.0053961612
0.0386919565
0.0651206449
0.0159476604
0.0425300412
0.0040189945
0.0404539816
0.0700027123
0.0162787810
0.7068802714
0.0041044066
0.0049236589
0.0267866328
0.0636798665
0.0563610718
0.0848260671
0.0129441218
0.0365913436
0.0258695111
0.0067126090
0.0093803117
0.0216729194
0.0198993534
0.0152097922
0.6147590876
0.1298834085
0.7118744254
0.0054990984
