0.0176551789
0.0076161074
0.0449309163
0.0682361200
0.1809632033
0.1197997630
0.0508021601
0.0047389632
0.0192428902
0.0150133865
0.2198455334
0.0479402356
0.1603741497
0.0453575402
0.0267829224
0.0246711709
0.0237245075
0.0032405581
0.0474437624
0.4706688225
0.0087503279
0.1009877697
0.0436935239
0.0460916646
0.0034629677
0.0057946839
0.0406189598
0.0035255910
0.0207721218
1.0821266174
0.0117441313
0.1645150036
0.0129159307
0.0095827533
0.0941460058
0.0364783779
0.0040938170
0.0455629230
0.1336232871
0.4370656908
0.0106815826
0.0350333750
0.2033101320
0.4373278022
0.0667983666
0.2971158028
0.0179481301
0.4746976197
0.1015889272
0.0153087573
0.0049175685
0.1096061841
0.0036878460
0.0484885648
0.0314889252
0.0051215803
0.0198082626
0.9222466946
0.0043486478
0.0246117283
0.0684808865
0.0063357386
0.9355536103
0.0055035488
0.0039913855
0.0150225312
0.5300423503
0.1224760041
0.0191260576
0.3756342232
0.2083361298
0.0251798108
0.0180766247
0.1412711889
0.3596963584
0.0371047929
0.0048306109
0.0165975653
0.0481579639
0.0185872596
0.0302588716
0.9412178993
0.0350572430
0.0111773591
0.0065139085
0.0221559480
0.0243188944
0.0295311231
0.0637432933
0.2543557882
0.0390683599
0.0087462654
0.1109808013
0.0242332295
1.0348572731
0.0408534147
0.0442845114
0.1373729706
0.8068348169
0.0475592948
0.1363018900
0.0037461817
0.0707328767
1.0203804970
0.0317183472
0.0082708737
0.0087158708
0.0395787768
0.0939101875
0.0601350591
0.9148208499
0.0644075871
0.0175332446
0.0074031423
0.0075027812
0.0213412438
0.0075596347
0.2261296064
0.0537832864
0.5516983867
0.0744779781
0.7918302417
0.2471288145
0.0032300157
0.0105299465
0.0090673519
0.0051932726
0.0095588276
0.0208834969
0.0181589350
0.2791925669
0.1827856302
0.0042897002
0.1032483280
0.9295956492
0.0044395500
0.2530161738
0.0201849602
0.0206992514
0.9514078498
0.0195320696
0.0371840969
0.0113184452
0.3805238008
0.0090393974
0.0044258442
0.0066428347
0.0118720811
0.1882230490
0.0278296154
0.0140648186
0.1737707257
0.0684866011
0.0060198149
0.0188910924
0.0426972881
0.0820166916
0.0098215584
0.0048757144
0.0271029938
0.0057160342
0.5095342398
0.0163180083
0.0513901338
0.0767629966
0.0663363934
0.8735442162
0.1932641417
0.4328177869
0.1540820152
0.0122477738
0.0111757712
0.0432727672
0.0633917451
0.0583753027
0.0130029302
0.7058776021
0.0308583993
0.3615231216
0.6697419286
0.0206748489
0.1282867491
0.0572597310
0.0285417140
0.0048887143
0.0683091506
0.0766692534
0.0813939646
0.4942657053
0.8287523389
0.0108464211
0.0034036587
0.0193142928
0.0224404819
0.0043002958
0.0261133052
0.0685843751
0.0034722169
0.3056170642
0.4570319057
0.0069385231
0.0442653820
0.0173153281
0.0128010483
0.0032922651
0.0045326636
0.1559444517
0.0119430358
0.0156990215
0.0628012717
0.0726354420
0.0647448450
0.5013792515
1.0599725246
0.1305420846
0.0562887155
0.2592858076
0.0058808373
0.0220476761
0.0137601616
0.0046588131
0.0168721173
0.0318842307
0.0562622957
0.0161079243
0.0664524138
0.0431124307
0.6107463241
0.5777294636
0.5996899605
0.0563633032
0.0787396878
0.0187287796
0.0195089635
0.5658332109
0.0112873903
0.0670305192
0.0559020564
0.0747174472
0.0098983636
0.0194210447
0.0113233645
0.1626395583
0.0095582632
0.0093938783
0.0120340539
0.0195730794
0.0648552999
0.0210352521
0.0263370499
0.0459907204
0.0941732824
0.0346709080
1.0004206896
0.0742751434
0.0076898555
0.5819332600
0.0082332101
0.0207720120
0.0292549133
0.0157665536
1.0893946886
0.0073669185
0.0332370400
0.0076143616
0.2674007714
0.0033089344
0.0480910204
0.0683865249
0.0083654001
0.0204947107
0.0056102467
0.0103412485
0.0229421388
0.0957840905
0.0063371966
0.0579754971
0.0416217409
0.0369780734
0.9423044920
0.0852403790
0.0059557050
0.0703156292
0.4594973028
0.0272826310
0.8104436994
0.0531547219
0.0598533563
0.0815302134
0.4480765462
0.0038333817
0.0087544378
0.7183982730
0.0169786066
0.6964587569
0.0287542976
0.0336749218
0.0989671722
0.1840078682
0.6428738832
0.4713065028
0.0032242532
0.3094731271
0.0120256208
0.0110579235
0.0662420914
0.0205336828
0.0105568171
0.6755757332
0.0667170212
0.0100985821
0.6514443159
0.1704795957
0.1155394018
0.0135093601
0.0157616492
0.7396504283
0.0050467802
0.0297146421
0.0391511172
0.9330989122
0.0386144705
0.4701120257
0.0056871185
0.1078932583
0.6516870260
0.0519239232
0.0177675318
0.0069654146
0.0451943018
0.0177003276
0.3449257314
0.0120603712
0.1139364094
0.0479394197
0.0188580602
0.3434042335
0.0846887603
0.0410584621
0.0422232412
0.0141082946
0.0337899029
0.0652870387
0.0491537675
0.0143576888
0.0734911561
0.0457823537
0.0076430808
0.0480406061
0.8857108951
0.0298431497
0.0030067943
0.0030558205
0.0338160805
0.7045885921
0.0608925186
0.2085785568
0.0915108472
0.0177073628
0.0187283512
0.4065485597
0.0090916334
0.0297137015
0.0139657110
0.0264003482
0.5255632401
0.5971196890
0.0131452726
0.0345676616
0.0051384894
0.0103734685
0.0237644948
0.0438191220
0.0362951905
0.0470229797
0.1264187545
1.0207397938
0.0031120300
0.2830842137
0.0284684580
0.0415255986
0.0033417463
0.0124302758
0.0053050430
0.0176467858
1.0679072142
0.0050962446
0.0198159534
0.0038662888
0.0196204204
0.0045129051
0.0532358252
0.5229781866
0.0291870907
0.0258720089
0.9096211195
0.0057258401
0.9878548980
0.0388473719
0.0102963606
0.0200055391
0.0319083743
0.0140196048
0.0094089694
0.0437060297
0.0034901788
0.0471778810
0.1072630957
0.0030172311
0.0290435869
0.0094852829
0.0060176942
0.0379849300
0.0347638242
0.0108427396
0.2165015489
0.0543924831
0.0075314357
0.4663778245
0.0847059041
0.9715917110
0.0279623214
0.0149998534
0.2789725363
0.9003248811
0.0046053412
0.0337547772
0.0279371347
0.2378025204
0.0728257820
0.0136648966
0.4186982214
0.3732340038
0.0158335082
0.3065450191
0.6927855015
0.1946364045
0.5423030853
0.1002463847
1.0787650347
0.1230131760
0.0314958729
0.0117919967
0.0259033274
0.1300897896
0.4700413644
0.0552301332
0.8683910966
0.0378837399
0.7643349767
0.0295781307
0.7413079739
0.0569500625
0.0897060558
0.0476239473
0.0174413174
0.0451898091
0.0085999304
0.0145266354
0.0622457713
0.0169583540
0.0513006710
0.0168920979
0.2418237031
0.0137216505
0.0363580473
0.0191899184
0.0529854596
0.9814786315
0.0622765981
0.0089405589
0.0529310219
0.0159921385
0.0037625285
0.7855079174
0.9828289151
0.4727542996
0.0210909043
0.0081570474
0.0292948671
0.0284114815
0.0065995259
0.0625422150
0.9676263332
0.0408643931
1.0572032928
0.6720112562
0.0268182103
0.9366943240
0.0103642130
0.0143760545
0.0342018008
0.0081598181
0.0362572074
0.0251367912
0.0217293762
0.0551696531
0.0672797561
0.0121343760
0.0523144230
0.0748635903
0.0037587257
0.0134873334
0.0199825633
0.0580010824
0.0148255620
0.0223016851
0.0607782416
0.0476565920
0.0033130446
0.0295225121
0.2940169275
0.0081544369
0.0477748252
0.4285365939
0.0479585193
0.0068285395
0.0628531724
0.0903942659
0.1106446087
0.0086453389
0.0616333038
0.0427096300
0.0169897787
0.1037296504
0.0376698114
0.0099200774
0.0051851878
0.0434583873
0.0046524033
0.3390793800
0.0540344343
0.3434068263
0.1409491152
0.0164634474
0.1651269346
0.7055761218
0.0493431687
0.0646268874
0.9919939637
0.9809597135
0.0366371758
0.0173627567
0.0222212393
0.0283673927
0.2310922593
0.0194791388
0.0442121103
0.2602776289
0.0279402677
0.0134634115
0.0062953061
0.0409157276
0.0143618081
0.1758013070
0.0149549795
0.0262780674
0.0068555446
0.7726559043
0.0548393242
0.0192485116
0.0058171735
0.0182750542
0.0114892386
0.0356355049
0.0241869539
0.0038681240
0.8702994585
0.9629247189
0.0067616627
0.0468657613
0.0162028186
0.0136340978
0.7583317757
0.0684173256
0.0033973053
0.0306974147
0.0190372877
0.8226649761
0.0097456761
0.0056376453
0.0157043263
0.0776124075
0.0708492398
0.0641777068
0.0175367165
0.1323906034
0.3858340681
0.0109378211
0.3722327948
0.7207720280
0.0267981328
0.0690135583
0.1663206965
0.0131965829
0.9710245132
0.0631980821
0.0041157394
0.0296312962
0.0637808591
0.0143879605
0.0262893904
0.0059209438
0.2477504313
0.0055926787
0.0198160149
0.1097953692
0.9398895502
0.0423085578
0.5005589128
0.0310816150
0.0201185998
0.0144519070
0.0631962717
0.2123867571
0.0763942450
0.5090879798
0.0298349857
0.0109191425
1.0370947123
0.0114518059
0.6542283893
0.0734996125
0.0116056679
0.0403867997
0.0266790334
0.0079156756
0.0149341784
0.0254692361
0.0242080726
0.0656909794
0.0428503305
0.0213828702
0.0967992470
0.1152976602
0.1438493878
0.0685009509
0.0620371923
0.0029930535
0.9019845128
0.0046924753
0.0435868949
0.0477960967
0.0976572186
0.0375569910
0.0099469842
0.0695547387
0.6276115775
0.0070708743
0.0074490253
0.8568300009
0.0823014230
0.0537280031
0.0039046807
0.0323058628
0.0264499020
0.9634724259
0.8297335505
0.0202070978
0.6345238090
0.5661050081
0.0663213506
0.7585782409
0.0049289428
0.0140832392
0.0596867017
0.0555665046
0.1148955822
0.8806615472
0.0571514070
0.0053830645
0.8949556351
0.0117351608
0.0779060870
0.0877456591
0.0340645015
1.0160970688
0.0517780669
0.9538761377
0.0713531598
0.0633819327
0.0117589841
0.0109577961
0.0539434217
0.0131030567
0.0104686264
0.9563045502
0.7008434534
0.0032759693
0.0175840259
0.1528572589
0.0401730873
0.0280351192
0.0557113029
0.0417230204
0.0051294845
0.0854739398
0.0034377116
0.0526899360
0.0615851469
0.0030253043
0.0491214730
0.1311474890
0.0056786239
0.0772261396
0.0305430908
0.0261765327
0.0488255844
0.1328126490
0.0551251285
0.4907286167
0.0370199978
0.0221710876
0.0565319397
0.4195830226
0.0216619857
0.4436906874
0.5598667264
0.0059016966
0.0097436346
0.0073526115
0.0631571859
0.1307973415
0.3491528332
0.0670077354
0.2898308933
0.0388505347
0.0674029738
0.0167410206
0.4631141722
0.0610388964
0.0168196745
0.0083235493
0.0102236299
0.6144255400
0.4543997645
0.0071403235
0.0303085279
0.0217676144
0.0036953504
0.0029388100
0.7614382505
0.0186585113
0.0073331269
0.9346960783
0.0310890954
0.0593708567
0.0549641401
0.0715846196
0.0078625754
0.0040336559
0.0157287009
0.0108375186
0.0838517472
0.8203080893
0.3832955658
0.0044173431
0.4125769436
0.0029215666
0.0036590833
0.0053648376
0.0356537178
0.0180146694
0.0153412987
0.0350933969
0.0734060705
0.0355580337
0.0058237892
0.0054696226
0.0044599413
0.0168289002
0.2346749902
0.0385017656
0.0342898443
1.0408772230
0.0348683111
0.0038922436
0.0846754834
0.0280356109
0.0046176002
0.3013080955
0.0208690129
0.6846762896
0.0088668400
0.0217744391
0.0936826169
0.0142942453
0.7670491338
0.0249944441
0.0163882338
0.0357449986
0.5140765905
0.0344032124
0.0240688249
0.0072601987
0.0649379939
0.0112084672
0.2477266341
0.0524372943
0.0052526770
1.0346277952
0.0112666050
0.0190741848
0.9904423952
0.2130882889
0.0776758268
0.0035886397
0.0064680148
0.4352852404
0.0049933284
0.0652473196
0.0030014548
0.0245428439
0.0197952650
0.2973936200
0.0155079421
0.0055497834
0.1128839776
0.0255662296
0.0408642888
0.1509134918
0.1177873611
1.0336265564
0.0045306091
0.0737692788
0.0590946525
0.0678929314
0.1371921450
0.0455942638
0.0265136547
0.0496850386
0.0049085547
0.0491671823
0.0081768632
0.0111733926
0.0928821117
0.0047836448
0.0201087240
0.0056395945
0.0314369202
0.0092420001
0.0310961790
0.0055834223
0.0249650758
0.0662605911
0.0228080172
0.0265506227
0.1408780515
0.0075354264
0.0453361198
0.0032813228
0.1507188231
0.0037498942
0.0047148145
0.8883540630
0.9622420669
0.0525534227
0.0128604723
0.0223414022
0.0102403397
0.0409458205
0.0051331171
0.0690805912
0.0242312774
0.0113200266
0.3727149665
0.0198896881
0.4892192483
0.0233828463
0.0126207257
0.0123012615
0.0194507968
0.0064552566
0.0530679673
0.0582453869
0.0131600238
0.0222397763
0.6789339781
0.0673282072
0.0377126485
0.0247828849
0.0132151982
0.0072766650
0.0083853155
0.0115769431
0.0075296345
0.3526410460
0.0665023625
0.0566438399
0.0569428243
0.7445892096
0.0927597061
0.0175817665
0.0418954715
0.0448415540
0.0573160909
0.0108081633
0.1968542337
0.0094953058
0.0475006662
0.0547435582
0.0163369682
0.8372933269
0.1091495380
0.6366196275
0.1472139955
0.5481169224
0.1466547251
0.0305658970
0.0331235863
0.0405146442
0.0196653139
0.0085220914
0.0122903697
0.0120850606
0.0183825083
0.5189304948
0.0147181172
0.0350807160
0.0189238135
0.0119826021
0.0316734202
0.0180103071
0.0049608732
0.0762946457
0.9921914339
0.9385726452
0.0242272355
0.0932836384
0.4369430542
0.0573121272
0.1050909236
1.0046585798
0.8806579113
0.0405195020
0.0673481226
0.0709248185
0.0380536839
0.1351962090
0.0476448014
0.0046013426
0.0973823369
0.0053138719
0.0664238036
0.3113424182
0.9709997177
0.0185625404
0.0410154201
0.2124695629
0.5808399320
0.0214997008
0.0061281077
0.5404818654
0.0065958239
1.0104917288
0.0060440879
0.2005920857
0.0088821491
0.0443948433
0.0092707435
0.1211745217
0.0542188585
0.0060736672
0.0184978377
0.1076795310
0.0328005329
0.1228160337
0.0082530277
0.4770660698
0.5772879720
0.0179422125
0.0073492690
1.0557038784
0.0197376404
0.5931297541
0.0427958407
0.8103583455
0.0684268996
0.0286346320
0.0292584132
0.0184341166
0.0473186150
0.3065399826
0.2624165416
1.0748090744
0.0087367995
0.0610339902
0.0756537616
0.0448117368
0.4633943737
0.0198061243
0.1668588221
0.0378292836
0.0111739924
0.0114224441
0.6444436908
0.8595339656
0.0038610518
0.0266217254
0.1880052388
0.0040851152
0.0167570412
0.0319249071
0.6171828508
0.0380831584
0.0155878877
0.0368227214
0.0736586899
0.2639628649
0.0280662403
0.0077744224
0.0050648134
0.0045299875
0.0199903809
0.0478642285
0.0319982171
0.0041303397
0.0195115823
0.0468431823
0.3605505228
0.7276545763
0.0250490103
0.2149281651
0.0882256702
0.0186107028
0.1369586438
0.3102430105
0.2112264931
0.0134046879
0.0282933023
0.0138249313
0.0132779842
0.0646656975
0.0275949128
0.0029519438
0.0059885113
0.0258294065
0.1521696746
0.8375542164
0.8847881556
0.0523284599
1.0350555182
0.0273833312
0.5265035033
0.3949169219
0.0356503539
0.0226401761
0.0061876494
0.0132271592
0.0254775211
0.1081181094
0.0186689459
0.0640633851
0.3871497512
0.5537212491
0.4980647862
0.0132287238
0.0067419540
0.1652837843
0.0113981189
0.0153193465
0.0283511858
0.0080412216
0.0637530312
0.0568284355
0.0801160783
0.0330102816
0.3446231484
0.0258917809
0.0031444950
0.0043138196
0.0037531103
0.0383469723
0.0120708439
0.0558536388
0.0402677432
0.0034160593
0.4881646633
0.0662708357
0.0341763683
0.0155713502
0.0123044634
0.0102271121
0.0466531664
0.0240556318
0.0369810499
0.0068637817
0.0085680187
0.0613181479
0.0463511720
0.0497028567
0.0374689847
0.0627424568
0.0063111586
0.0406325385
0.3861143291
0.0179833286
0.4012208581
0.0088337166
0.0050398489
0.0073383157
0.0428961292
0.0038847488
0.0143001787
0.0041040960
0.0053416593
0.0574467294
0.0426718071
0.0050559235
0.0213647727
0.0222632699
0.2222164571
0.0118682189
0.0074858549
0.8653504252
0.0405652002
0.2471200526
0.2308362275
0.7373149395
0.0048630359
0.9111626148
0.0265698452
0.0144650778
0.0446327813
0.0125579368
0.0197125264
0.0169881154
0.0566477180
0.0560783222
0.0169772785
0.0805575252
1.0039050579
0.0685530156
0.0137647493
0.5154615641
0.2890284657
0.0372058861
0.0090525504
0.0101207718
0.0534820482
0.0360592157
0.0043026847
0.8186054230
0.0037568093
0.0045772735
0.0030249546
0.0357812978
0.0985522196
0.0345277935
0.0265974980
0.0669671372
0.6401748061
0.7294629216
0.0137178786
0.0071308897
0.0236064978
0.3481342793
0.0181874987
0.0095977485
0.0935490727
0.0299836714
0.0263347737
0.0562664047
0.1008574888
0.3085666001
0.1125096157
0.0099065769
0.0208748411
0.0231125727
0.0041849720
0.0566295162
0.0142184487
0.0473119691
0.0032320190
0.0226703174
0.0088008661
0.0043213656
0.0459663533
0.0104263294
0.2326981127
0.3674801588
0.0533910617
0.0077485950
0.0284608100
0.0175246596
0.5966107845
0.0410882421
0.0529925562
0.1998323500
0.0937351361
0.0103955856
0.0115722883
1.0521880388
0.8804499507
0.0268252268
0.6799844503
0.0205645487
0.0068935947
0.0103795584
0.1010584757
0.0168581698
0.2675700188
0.4735733569
0.1286637783
0.1282582134
0.3621444702
0.0523039885
0.0479637422
0.2578199804
0.5946196914
0.0171895623
0.0053026010
0.0298463516
0.0225910619
0.0575977154
0.1033549085
0.0336987488
1.0419479609
0.0115335342
0.0130931521
0.0034467552
0.0068532415
0.0065537728
0.7113353014
0.7569858432
0.1588620991
0.3498071730
0.0280033946
0.0541520081
0.0034533436
0.1492587626
0.0934369639
0.0056687836
0.0518865064
0.4752364457
0.1764089763
0.0033538784
0.0322875567
0.0048185159
0.0400942788
0.0646146387
0.0185736790
0.0180985220
0.0082149049
0.0041430159
0.9529099464
0.0424268208
0.0128051154
0.0313953087
0.0915844515
1.0635811090
0.0167449377
0.0490020551
0.4855971336
0.0041423487
0.0480014384
0.0469934717
0.0066510350
0.0120805120
0.0089828530
0.0246697199
0.0273065232
0.0366319679
0.0286515635
0.5197938085
0.0035204014
0.0058243722
0.0035550257
0.2310189754
0.1118914038
0.0041515087
0.6408321261
0.0276433136
0.0227472223
0.0692699999
0.0263478532
0.0461095236
0.0623474903
0.0173948985
0.0044337530
0.0593698770
0.0030413065
0.0454574898
0.0078158332
0.0606507584
0.0057929545
0.0104123969
0.0064396528
0.0330513343
1.0312188864
0.0083205448
0.0198186301
0.0212202650
0.0061789225
0.9307673573
0.0055652899
0.0163456760
0.0234652329
0.2666703165
0.7275886536
0.0038774463
0.3881054819
0.0056139603
0.0123372637
0.9851156473
0.0197136216
0.0365669169
0.0037098036
0.0650486425
0.0093012694
1.0481940508
0.0387780927
0.0043831165
0.0092409691
0.5036562681
0.1229952946
0.0380456969
0.0040161624
0.0162513275
0.0051363679
0.0042623212
0.0540289059
0.0608404577
0.0119977230
0.0127993003
0.0252048355
0.0161388796
0.0429036319
0.0032390500
0.0716462135
0.0195495002
0.0040782811
0.0159415454
0.0088623594
0.0127277384
0.0047842334
0.0255865082
0.3713706434
0.0081135286
0.0195836164
0.0770232230
0.0445447303
0.0685929507
0.0102515221
0.0634747967
0.6491618752
0.0966065228
0.0090425396
0.0700390637
0.0891206264
0.0172561854
0.0735853389
0.0107651073
0.0434487760
0.1873601973
0.0230745915
0.0233771354
0.2964241803
0.1969079226
0.1007123441
0.1036415026
0.9717348814
0.0052108467
0.0035175190
0.6561634541
0.0278513469
0.0332012884
0.0085119046
0.0079115601
0.0282549579
0.0031247658
0.0228129309
0.0064550922
0.0519728996
0.0031243016
0.0116134733
0.3692434728
0.0043869060
0.0182556696
0.0410834067
0.0060606822
0.0104154740
0.0343592241
0.0049696625
0.1039295644
0.0239808280
0.4464713931
0.0087983813
0.0174925122
0.0062348065
0.0306539126
0.5937137604
0.0038129052
0.0275791157
0.0152448593
0.0029514583
0.0079482924
0.0148902321
0.4522986114
0.0072787157
0.0037597453
0.0037782176
0.0116349189
0.0179331470
0.0256262384
0.3464705348
0.0562122613
0.0238778424
0.3231506050
0.0729862005
0.0215173550
0.8709053993
0.0541127026
0.0657630861
0.1248801574
1.0125834942
0.8261014819
0.0186191015
0.0414149165
0.7304976583
0.0056016441
0.0069185370
0.0410360061
0.9435476065
0.1590531617
0.0079615470
0.3478433788
0.0027499010
0.2450806797
0.0148708783
0.0186842214
0.0050625978
0.2041470408
0.0314983390
0.0136878388
0.0134347882
0.0923735276
0.0144993607
0.0544994175
0.0119474260
0.0054917536
0.0277326964
0.0033734438
0.0072620660
0.0483969301
0.1468196958
0.0134564824
0.0666994527
0.6483806372
0.0174618345
0.0077551645
0.0603031069
0.0080593824
0.0086376676
0.0510538146
0.1697709560
0.0286648367
0.0453202501
0.0577194579
0.0157629345
0.0139349354
0.0183944106
0.0105251968
0.0067902780
0.3085280955
0.0161928646
0.5165343881
0.0779789463
0.0139431683
0.0299052354
0.0040292419
0.0101784039
0.0224957298
0.0273431372
0.0076669529
0.0870376006
1.0783247948
0.0296521746
0.0215229075
0.0220094752
0.0040345155
0.0407838598
0.0307307262
0.0062575527
0.0592455864
0.0533508100
0.0070018172
0.0078759603
0.0105914045
0.7690175176
0.0454094410
0.0687888637
0.2142908871
0.0496428199
0.0053450922
1.0761396885
0.3755106926
0.0356833711
0.8829104900
1.0907529593
0.0045600678
0.1555386186
0.0164082553
0.0056381919
0.0167964194
0.0101627931
0.2249528617
0.1359485984
0.0275287610
0.0154862916
0.3796724081
0.0508086719
0.9022015929
0.2598425150
0.0232247245
0.0060850498
0.0051171379
0.2732635140
0.4046244621
0.3102125227
0.0353098549
0.1835707277
0.0507731363
0.9264436364
0.1830618531
0.0087732896
0.0149881011
0.2024960220
0.1563029736
0.0136562604
0.0208629500
0.0372310802
0.0137963649
0.0490777045
0.0332162678
0.0824988782
0.0645435378
0.7901283503
0.1856915206
0.0539209209
0.0348620974
0.0359731242
0.0042492980
0.0191953145
0.1132778153
0.0836232528
0.4130852222
0.0325906873
0.0888257772
0.0691769347
0.0046518012
0.0423344672
0.0038786104
0.0431676395
0.0248542558
0.0514683500
0.0092525259
0.0141068418
0.0527238287
0.0917348489
0.0856580138
0.0035822503
0.0151814092
0.0153070744
0.7260873318
0.0327321999
0.0079393331
0.0080237463
0.0099034943
0.0268845335
0.0547032990
0.0346557014
0.0164430439
0.0531851240
0.0440312251
0.0407185592
0.0042086928
0.0732114762
0.0264409799
0.8074887395
0.6385638118
0.0271455534
0.9711463451
0.0659142211
0.0744958967
0.0053004129
0.0100845369
0.0256467722
0.0462998115
0.0135616204
0.0733923167
0.0109446300
0.6090436578
0.0084139211
0.3065246344
0.0286378544
0.7435984015
0.0158141889
1.0652455091
0.0198944863
0.0056959800
0.0276301075
0.0134267788
0.0119004967
0.0551555753
0.0108221555
0.0400948264
0.4235560298
0.0134565048
0.0032062023
0.0095858462
0.0048760138
0.0105667291
0.0136507954
0.0199354608
0.9056184292
0.0123927556
0.0574584417
0.0892250165
0.9732905626
0.0408629626
0.0795214251
0.1498093307
0.0204011556
0.8678941131
0.0150449267
0.0486340635
0.0231588241
0.0080984952
0.0058297650
0.8012387156
0.0030886205
0.0056064096
0.0029770264
0.0607029200
0.0317009687
0.0064755976
0.0251377933
0.0725422874
1.0766115189
0.7724768519
0.0597035140
0.0046536145
0.0347210318
0.0176809169
0.4725187123
0.0430862308
0.0378196537
0.0370672829
0.0073732333
0.0045423503
0.0887733251
0.0036287431
0.0673926845
0.0054733660
0.0036137803
0.0227745809
0.4209690690
0.0210138392
0.0097522084
0.0059595145
0.0186978020
0.0037030664
0.0084864330
0.0860066414
0.0090258447
0.0031972353
0.4264775217
0.0407505110
0.9845966697
0.0494265370
0.8957709670
0.0407364368
0.9684783220
0.2176198959
0.0038769420
0.0512668230
0.6198419929
0.0267616287
0.0032827531
0.0087991729
0.0193931349
0.0662658885
0.0124407485
0.0032715793
0.0385248549
0.2729457915
0.0567104667
0.0531316698
0.0414814278
0.1415560693
0.8630635142
0.0041186665
0.0111765349
0.0201275013
0.0324422829
0.0287525300
0.0030657663
0.0170521513
0.0055325786
1.0910249949
0.0232209507
0.0096464511
0.0473371707
0.0694939494
0.7239053249
0.0276762415
0.0053932569
0.9606183171
0.0134274112
0.7793728709
0.0344928689
0.0071213115
0.0337507874
0.0032652495
1.0172535181
0.0180822480
0.0063852686
0.0167045537
0.0187016223
0.0163078420
0.5063865781
0.1264722049
0.0413434580
0.0154800378
0.0718547478
0.0407944955
0.1073272452
0.0423387215
0.4612078369
0.0069398042
0.0622675903
0.1682788730
0.1200245097
0.0140855564
0.0724346340
0.0120136896
0.6178412437
0.0213647913
0.0103277229
0.0309280232
0.1298108995
0.1715018153
0.1144750416
0.0094578378
0.0231780112
0.0246762168
0.0063720010
0.0329515450
0.0124340151
0.0153732114
0.0134315426
0.0032898488
0.0037496290
0.0118391411
0.8271821141
0.0085431086
0.0294471849
0.0046402798
0.0358151533
0.0038168882
0.0138982218
0.0081616836
0.0459233969
0.0728814751
0.8214348555
0.0117189819
0.0317939408
0.0455364212
0.0339963138
0.8449921012
0.0311569050
0.1300890148
0.0700333491
0.0753879324
0.1138257161
0.9989902973
0.3177174926
0.0387773961
0.0224917475
0.0045515043
0.0052829781
0.0071106805
0.0218109861
0.0137269786
0.9395915866
0.0089039383
0.0042300532
0.0110174585
0.0135460515
0.0184958912
0.0259224512
0.0042349938
0.0387165695
0.0381481797
0.0406477191
0.0042544273
0.0296792239
0.0111580966
0.0714603066
0.0056111813
0.0045406255
0.0335508175
0.0113460468
0.0149229225
0.8290349841
0.0046225893
0.7539116144
0.0306219254
0.0126198623
0.0502417199
0.0051915585
0.0116994986
0.8746644855
0.0168781839
0.0288684256
0.0625698194
0.0380023457
0.0052380585
0.0058449572
0.0182142146
0.0101819765
0.0518810973
0.0097380942
0.8882271051
0.0119835678
0.0605315156
0.0589234941
0.0595661588
0.0604236536
0.0070595765
0.0111720096
0.0616104752
0.0150847724
0.0041940766
0.0123799490
0.0220424477
0.6827226281
0.0100267986
0.7973710895
0.4395316243
0.0147452997
0.0417395420
0.0039167036
0.0314648859
0.0036823465
0.0656914040
0.0439043269
0.0578380115
0.0125409244
0.0464584753
0.1055640429
0.0289950669
0.0030643144
0.0408390127
0.0297768638
1.0471965075
0.0162901524
0.0100702355
0.0038315514
0.0070986263
0.0604187734
0.9923622608
0.0095129870
0.0322052315
0.0134246293
0.7854858041
0.0680969954
0.0370316170
0.0127822338
0.0343948193
0.0053996257
0.0133947469
0.8673160076
0.8106765747
0.0120632499
0.9062080979
0.0724217668
0.0620867908
0.0341522507
0.0615700707
0.0678444207
0.7009368539
0.8141169548
0.0869689435
1.0123283863
0.8342690468
0.0092968615
0.0057826205
0.0072358511
0.0682823807
0.0201387722
0.1359829903
0.0033457875
0.0061320416
0.0649455190
0.2569162250
0.1101445556
0.0130892424
0.8474178314
0.7565573454
0.0637489110
0.0590537749
0.0229643285
0.0764520019
0.0068196007
0.0032389748
0.0645334795
0.0250430666
0.3358459771
0.0305438451
0.0194335803
0.0362776220
0.0327958092
0.0650188103
0.1276289374
0.5128151178
0.0348203257
0.1001108065
0.0070802495
0.0564856976
0.0384700522
0.0188643634
0.0112556368
0.0075229849
0.0280647799
0.0095061958
0.0331263728
0.0504296236
0.0103134727
0.3903535604
0.0267777704
0.0357056260
0.0638239011
0.6448832154
0.7373552322
0.8222168088
0.0333544426
0.0097444896
0.0025752392
0.0134608224
0.0193741210
0.0097925011
0.0066443291
0.0275762044
0.0271897856
0.2463088930
0.0099676326
1.0214658976
0.0032352128
0.0088798301
0.0295624826
0.0462231413
0.0164388716
0.0039519216
0.0108823841
0.0053949221
0.9247038960
0.0039398111
0.0654952750
0.0108071379
0.2104458064
0.0053800116
0.0157437772
1.0907852650
0.0192533638
0.1336123049
0.0606842600
0.0334350094
0.0228101611
1.0483552217
0.0435559601
0.0701668188
0.9789575934
0.0507757403
0.0233143903
0.0325038061
0.0453226119
0.0695885345
0.0534377918
0.8995047212
0.8533173203
0.0118607720
0.0076842797
0.0047413683
0.0060944483
0.0130091300
0.9363801479
0.0198704544
0.0394981913
0.0600460432
0.0030993482
0.7508687377
0.0167427436
0.0557898246
0.2829484046
0.0307402462
0.0928565636
0.0041943341
0.0086909886
0.0796108246
0.0067301826
0.0595979057
0.0038422078
0.0045010890
0.7443484068
0.0036174285
0.0044831247
0.0427317061
0.0087131755
0.9678953290
0.0048185172
0.0198163018
0.0033647227
0.0047938544
0.0271037240
0.0071337787
0.9080500007
1.0034483671
0.0598275363
0.2810662985
0.9792251587
0.0071877032
0.0143550625
0.0060837511
0.0397720784
0.0155406240
0.0090074167
0.0306444280
0.0169433765
0.9434054494
0.0059112557
0.0247505754
0.8546886444
0.0762310252
0.9049656391
0.9431935549
0.7981959581
0.2883197367
0.0211984236
0.2014163435
0.0030664522
0.5290006399
0.0299319942
0.0121900095
0.0180789493
0.0719277859
0.0505876057
0.0177758224
0.0038948290
0.0456738025
0.0111789079
0.0763117000
0.0283141136
0.4749645591
0.0334091857
0.9326323867
0.0738508627
0.1061121523
0.0209832992
0.1982309520
0.0353604145
0.0089664431
0.0271580778
1.0080224276
0.0600829422
0.1983329207
0.0220382810
0.0361721031
0.0365453623
0.0032826317
0.0120068295
0.0083837062
0.0276442226
0.0162714459
0.0032865359
0.0040360303
0.0124010928
0.7463389635
0.0056648399
0.0438841879
0.0255293082
0.0378672294
0.9684782028
0.0219179783
0.0412050039
0.8448905945
0.7741771936
0.8580121398
0.0117644705
0.0172303990
0.0579964072
0.0598673336
0.0183101222
0.0135062607
0.0136677828
0.0038690455
0.4520131648
0.8751201630
0.0090356916
0.0035871218
0.0717134625
0.0068877679
0.4005511999
1.0597259998
0.0083267661
0.0029845359
0.0084424810
0.9022380710
0.0623928867
0.1543347836
0.0035434321
1.0803561211
0.0065209894
0.0258131400
0.0207842737
0.6221185327
0.0561413504
0.0070475084
0.0036996480
0.0066119302
0.0633565933
0.0148125961
0.3391599357
0.0662422776
0.3713647127
1.0137940645
0.0417251661
0.0033363840
0.0133898109
0.0228691436
0.7013283372
0.0081186434
1.0341507196
0.0047724433
0.0048676329
0.0140044466
0.2437095791
0.0060686893
0.0507409424
0.0055967560
0.9020427465
0.0091796098
0.0207381435
0.0091005974
0.0066443281
0.0190403014
0.0294343419
0.0154827274
0.0119740330
0.0064453566
0.0573431179
0.0660189092
0.0180983152
0.0572175123
0.0035256792
0.0467103273
0.0210946240
0.0075321742
0.0103697609
0.0254169945
0.0216122791
0.6908054352
0.0497134328
0.0547083654
0.0299566668
0.0044020549
0.0361064710
0.0509494655
0.0968606845
0.0050384668
0.0056803739
0.0789176896
0.4186852574
0.0941460580
0.0054844939
0.0613884218
0.0051310402
0.0133279655
0.0096744085
0.0237370525
0.0034294082
0.0128499549
0.2622127533
0.2669294477
0.0258383583
0.1022027954
0.0338129438
0.0463659316
0.0161737707
0.0142672379
0.0084750345
0.0222069286
0.0271012299
0.5529615283
0.0651521757
0.0361042283
0.6838020086
0.7824361324
0.0051566651
0.0506266095
0.0646379143
0.8806750774
0.0320079438
0.0462296978
0.0184003338
1.0888189077
0.0047236751
0.0317711681
0.0216447804
0.0286549125
0.9706368446
0.0463254675
0.0039560441
0.4307340980
0.0154747069
0.0274592638
1.0312970877
0.0137540326
0.9748060703
1.0963400602
0.0052254670
0.9210732579
0.0334150866
0.0055245748
0.0134057114
0.0635991916
0.9863763452
0.0040489319
0.0525743887
0.0229699668
0.0913672224
1.0104262829
0.0205039866
0.0498738736
0.0622851402
0.0557793006
0.0236095916
0.0555867031
0.0099276118
0.0046167220
0.3390432298
0.0120867854
0.0175177921
0.0274222437
0.0325642340
0.0036245263
0.0130051412
0.0213017240
0.0309516061
0.8806839585
0.0561412014
0.0479503199
0.1068369448
0.1296017021
0.0080416668
0.0253557153
0.0615468659
0.0070696026
0.0098280925
0.0228378177
0.0530636981
0.7747415900
0.0063440176
0.0047103046
0.0089687565
0.0141970832
0.0063048466
0.0037322938
0.0121781090
0.0086483806
0.0435463563
0.0220548157
1.0494629145
0.0168417078
0.0046742684
1.0739040375
0.8500141501
0.0638622865
0.0063626687
0.0426980108
0.0343126841
0.0070210993
0.0635531098
0.0149151953
0.0048629213
0.2091561258
0.0592787638
0.0395823568
0.0036557682
0.0174448844
0.0621067844
0.0050561903
0.0612121634
0.0356170014
0.0405989476
0.0919475108
0.0047354121
0.0041010915
0.0095210029
0.0311626419
0.6074100137
0.0040008225
0.0175604913
0.0096211825
0.0097729871
0.0044898256
0.0576352589
0.0696727857
0.0638173446
0.4916543663
0.7485077381
0.0039874795
0.0172460228
0.2548039258
0.0505776331
0.0403098799
0.0711266696
0.0468201637
0.0367322080
0.0040521626
0.0031215653
0.9946525693
0.0079338420
0.0710702538
0.8485987186
0.0478378683
0.0276333261
0.0381869264
0.0532678850
0.0048353178
0.0128324712
0.0240923204
0.0177611168
0.0353787541
0.0310551636
0.0029915960
0.0037435021
0.0198214091
0.9502019286
0.8585499525
0.0567926057
0.0117635205
0.0451252051
0.0064249556
0.0348055884
0.0074459040
0.0517422669
0.0380636454
0.0027647403
0.0351829343
0.9822359085
0.0623616762
1.0433319807
0.6657918096
0.0116924234
0.0033212348
0.0132671613
0.0304511711
0.0058718706
0.0247151069
0.0219651368
0.6532311440
0.0303157698
0.0035964851
0.0455956236
0.0307920612
0.0590709560
0.0084502194
0.0128370719
0.0284863859
0.6213536859
0.1237176433
0.0355545059
0.0675344691
0.9938532710
0.0200670455
0.0091285836
0.0039981143
0.0484968647
0.0514463186
0.0046835840
0.0451946892
0.0141906496
0.0434098914
0.0043904157
0.1360936016
0.9370906949
0.0086253555
0.2395059913
0.0236270726
0.9504150748
0.0262941625
0.0528721102
0.8672897220
0.0441062413
0.0643525794
0.8485345840
0.8567920327
0.5716797113
0.8770416975
0.0199478194
0.9865787029
0.3771518469
0.0113843968
0.0423528589
0.0155820297
0.0083463667
0.0050199106
0.0078499038
0.0486300141
0.0091987206
0.0722233951
0.0443736017
0.0284606498
0.0070394580
0.0273827054
0.7589136362
0.6963580847
0.0299237277
0.4374564886
0.0856138840
0.0058340747
0.0483148322
0.1682750583
0.0400872156
0.0672507659
0.0202123001
0.0688721612
0.0065400316
0.0313031301
0.0253773145
0.0654823929
0.0258706082
1.0241047144
0.0717868283
0.0423200019
0.0130763566
0.0076090991
0.0697512925
0.0815564618
0.0603692494
0.0117640784
0.9445134401
0.8152307868
0.0428811833
0.0403900258
0.0140224220
1.0506213903
0.0276273061
0.0032122433
0.0057778889
0.0151918270
0.0360222794
0.7645974159
0.0645703450
0.0229948349
0.0738017559
0.0058814134
0.0031040066
0.0042766952
0.7282496691
0.8654679656
0.0102897892
0.0062088100
0.0063978201
0.0034707969
0.0130295623
0.0096267620
0.0064791739
0.0394792669
0.0336204916
0.0650148317
0.0082591809
0.0197581425
0.4549116492
0.0474946126
0.0140603185
0.0065115876
0.1128893569
0.8385613561
0.7477554679
0.0335538015
0.1075354815
0.8645374179
0.0281349607
0.4652599990
0.0358519591
0.0255348589
1.0392585993
0.0073061269
0.1222529411
0.0071341125
0.0194921494
0.0677975267
0.0456580482
0.0450553894
0.0258611608
0.8034720421
0.1517971009
0.0383257456
0.0133112893
0.0439211354
0.6460441351
0.0463622101
0.0647665486
0.1055464521
0.0038004061
1.0751609802
0.0160483532
0.0106903305
0.0052400716
0.0155215599
0.0430203788
0.9218198061
0.0262616593
0.8782239556
0.0097706774
0.1727253795
0.0637001693
0.0040805610
0.0207820833
0.8527830839
0.0078789117
0.0029180537
0.0125921741
0.0157887954
0.0369134732
0.9584255219
0.9520162940
0.0637534261
0.9983649254
0.0177039262
0.0656178743
0.0898044333
0.0376333147
0.6504052281
0.8251504302
0.0939194113
0.0449840426
0.0634707808
1.0587730408
1.0106384754
0.0051597431
0.8595283628
0.0638395473
0.1585472822
0.4379662275
0.0038587658
0.0048052119
0.0272303913
0.0125435721
0.0241116825
1.0172287226
0.1729442477
0.0553984158
0.0033730103
0.0502265841
0.2087040991
0.0163054112
0.1305036843
0.0734344348
0.0592770167
0.0215253718
0.0085333157
0.0145877004
0.0121975942
0.1843831241
0.0253198221
1.0290491581
0.0340162702
0.1023539528
0.9553257227
0.0175036322
0.6368998885
0.4094948173
0.0319553353
0.9753724933
0.9102441072
0.8201386333
0.0660922751
0.0035310264
0.0166798495
0.0327833407
0.0686018467
0.0514297225
0.0034408013
0.0432089455
0.0385971591
0.9151863456
0.9144101739
0.0536513552
0.0037861678
0.0210510064
0.0108840941
0.9292746186
0.0243773777
0.0047668316
0.0088451849
0.0082784602
0.0404461175
0.0347795226
0.0567379519
0.0044682925
0.0105482666
0.5478624105
0.0044018957
0.1678052545
0.0561020076
0.0278355032
0.0280250553
0.0133376718
0.0231350064
0.0293154996
0.0955289900
0.9231599569
0.0217730161
0.0420551039
0.4054675698
0.0510895550
0.8118299842
0.0055930023
0.0130829737
0.0491348542
0.0067326385
0.0339707322
0.0242588632
0.0274273232
0.0150903501
0.0533124432
0.2522196472
0.0264004152
0.0609948002
0.0137193762
0.0755159631
0.3787774146
0.0039271084
0.0522562116
0.9583643079
0.6972287893
0.0190796219
0.0077227005
0.6344127059
0.0089615388
0.0200136974
0.0921180248
0.0304813944
0.0546417795
0.0055123870
0.7560880184
0.2182979882
0.0469957106
0.0048920852
1.0603305101
0.0406401493
0.8487986922
0.0370418429
0.0260476153
0.0201237146
0.0358231775
0.0152961444
0.0112225274
0.0263794456
0.2418392748
0.9612928629
0.0538194142
0.0182741880
0.0091940211
0.0195070505
0.8976595998
0.0050506708
0.0316092186
0.0090260115
0.0150398882
0.0044445987
0.8757286668
0.0069084479
0.0548105128
0.0107312445
0.3574572802
0.0690333173
0.0590561330
0.0283797365
0.8767006993
0.0125383073
0.0032229591
0.1815937459
0.0105210049
0.0482071936
0.0519518033
0.0110120624
0.0714163631
0.0090125473
0.0069219293
0.0266581699
0.0160078201
0.0148224691
0.0561396591
0.4632366002
0.0041539245
0.0043990565
0.0820803642
0.0120638367
0.8641265035
0.2190797329
0.8611589670
0.0638464466
0.0651406199
0.0150447944
0.8667155504
0.8218148351
0.0086041531
0.9121636748
0.0188586954
0.0263307467
0.0313025191
0.4561013579
0.0240816772
0.0454142019
0.0053444733
0.0099591073
0.0078721130
0.0059024920
0.0073150690
0.0029897522
0.9732051492
0.0139634777
0.0132457269
0.0287957694
0.0065829796
0.0203285422
0.0110937795
0.0050448552
0.0190175492
0.8437964916
0.7444689274
0.0742032230
0.9640666246
0.0065725436
0.0416357629
0.9740366340
0.0057618278
0.0626094788
0.0043076682
0.0037438066
0.0462589227
0.0092558144
0.1299559772
0.0221447740
0.0412706956
1.0731910467
0.0031346534
0.0274753254
0.0101356935
0.0445542149
0.0050027184
0.0383641124
0.0255195610
0.0098856641
0.0192276463
0.3705865145
0.0095796585
0.0591032207
0.0055370606
0.0707891807
0.1523995847
0.3189239204
0.0215841793
0.2178018093
0.2274598628
0.1131799966
0.1496012211
0.0058170808
0.0044359351
0.0186201874
0.1050883308
0.0260738805
0.7637292147
0.0553201959
0.2562027872
0.0487767607
0.0400837436
0.0139487311
0.0203462895
0.0300656669
0.0457272753
0.9210988283
0.0058704107
0.9252443910
0.0536451116
0.0668686628
0.0513553619
0.0413940102
1.0461798906
0.0652790889
0.8299114108
0.0057804300
0.0708288997
0.8694226742
0.0405664928
0.0161923021
0.8088189363
0.1227099374
0.0137309879
0.0056833583
0.4774055779
0.1553177685
0.5518408418
0.0103268800
0.0326929279
0.0492219292
0.0341925249
0.0723845735
0.0052047949
0.0034012964
0.0451092534
0.0281133894
0.0729387254
1.0839818716
0.0031306555
1.0167227983
0.0036208960
0.0171376765
0.7391850352
0.0654809698
0.0047897864
0.7039777040
0.0259319246
0.0179308951
0.0338817164
0.0618730038
0.4940588474
0.8367725611
0.0596110970
0.0066784699
0.0676683187
0.0057022721
0.0512423962
0.0052353945
0.0047948491
0.0701720119
0.0265870392
0.3018645048
0.0832468793
0.0089592356
0.0483545661
0.0402294360
0.9774702787
0.0420380048
0.0094492715
0.0271520484
0.0205964893
0.2037264556
0.0232528225
0.0262111798
0.0050666169
0.0590811484
0.0318701603
0.4512288570
0.0236632880
0.0061008860
0.0376224481
0.0096013024
0.0285337251
0.0060634711
0.1957505494
0.0130502759
0.0425718576
0.0063334033
0.0073240837
0.0033089099
0.1164037287
0.0044999588
0.6515278220
0.7249825597
0.4776956737
0.0283882413
0.0511479937
0.0341434553
0.5672408938
0.0164052155
0.7926198840
0.0552576855
0.0661222562
0.0204035342
0.0164376572
0.2886576653
0.2216184586
0.0417849571
0.0202486496
0.6101441383
0.0151944552
0.0125908386
0.0037081344
0.0128199980
0.0183831677
0.0097315125
0.1398648620
0.8973574638
0.0532298684
0.9526548386
0.8171556592
0.0596249662
0.0264290441
0.0173577592
0.0494420864
0.9522715807
0.9596272111
0.0403594524
0.0097819418
0.0070568323
0.0043750135
1.0257103443
0.0047248811
0.6457278132
0.6252211332
0.0191454552
0.0130545273
0.0265387129
0.9342708588
0.0111773163
0.8542048335
0.0130949421
0.3130136728
0.0391812697
0.0086546894
0.0271623302
0.9361748099
0.0373462476
0.0543768555
0.9060465097
0.0084513836
0.4810647070
0.0238732006
0.0059391521
0.0304883886
0.7865216732
0.2668195665
0.0716251954
0.0042358907
0.0145713659
0.7562499046
0.8426688910
0.1101967469
0.0495033711
0.0459080189
0.0689953268
0.0032403420
0.1136618778
0.0378059894
0.0055622417
0.0401295535
0.0429062508
0.0254732557
0.0345164090
0.9696372747
0.6841792464
0.0234271828
0.0376064591
0.0393715352
0.0044972040
0.4355204701
0.0717781410
0.0635213777
0.0333490632
0.8819030523
0.0089371232
0.0295162648
0.0342536755
0.0034133331
0.0049018562
0.0439510494
0.0388111323
0.0266111363
0.0079061426
0.9663227201
0.0054445276
0.0124045471
0.0548476465
0.0109966081
1.0460077524
0.0417315364
0.0094309580
0.0158445723
0.7154784799
0.4391830266
0.0270028003
0.0029344019
0.7997719646
0.0063616675
0.0344108604
0.0201649908
0.0073905438
0.0089721773
0.1867827326
0.0149789508
0.0071055917
0.6732468009
0.0227820743
0.9614651203
0.0574443489
0.7307798266
0.0034840575
0.0464381836
0.0285624377
0.0172341727
0.0077557382
0.0158128366
0.0660635829
0.5674831271
0.3185789287
0.0108018359
0.0212904513
0.0274139494
0.0402662903
1.0119073391
0.0111504635
0.0059543443
0.0029245813
0.0033547827
0.0204289891
0.0222546458
0.0537701510
0.7547795773
0.0122627597
0.0096218279
0.1982688755
0.4394363463
0.0581557192
0.0163574815
0.0030300645
0.0062583680
0.9502881765
0.0559991300
0.0420705378
0.0102609051
0.4925743639
0.0680321157
0.0529260300
0.0365555957
0.0039307135
0.0336770117
0.0118155153
0.0123697203
0.0366335139
0.0073939655
0.0109488769
0.0100889560
0.0279627535
0.2609568536
0.0613206364
0.0519417375
0.0145724928
0.7791010737
0.0080566918
0.0160034653
0.0358623490
0.0219208095
0.0473472849
0.5010503531
0.0236510225
0.8430449367
0.0617202260
0.0114558497
0.4401446283
0.0389513671
0.0091361878
0.0342877246
0.2843898535
0.4580644369
0.0071444181
1.0320703983
0.6894500852
0.0286855977
0.0055845249
0.0823015645
0.3054389656
0.0514141247
0.0814742371
0.1055524871
0.2012106925
0.0031554729
0.5719950795
0.0573272221
0.2707512081
0.4975995123
0.0304963645
0.0389900357
0.0468996353
0.9384676814
0.0597150363
0.0048986906
0.9824374914
0.0163722150
0.0101008788
0.5973791480
0.1432774067
0.0052846964
0.0532228909
0.0389576107
0.0048395735
0.8836835027
0.0124054234
0.1667988002
0.0327777006
0.9976806045
0.0372314341
0.0241347197
0.0480399057
0.0039357892
0.0188013222
0.0368312821
0.0161109976
0.0604348853
0.6465163231
0.0116730956
0.1713763773
0.0260260887
0.0190125089
0.0605233051
0.0040664612
0.9478358626
0.1436952353
0.1233595163
0.0147489477
0.0073040510
0.0406705029
0.5662930012
0.0101132244
0.7302293777
0.0109372111
0.7532458305
0.0523878895
0.0233038906
0.0049409252
0.0064071245
0.0735723898
0.0056254445
0.0097234361
0.0304961037
0.0077383048
0.0491768941
0.7223870158
0.0069634221
0.0272762515
1.0306577682
0.1162636802
0.2344529182
0.0384138711
0.0032256637
0.8340210915
0.0040279818
0.6348890662
0.0403956957
0.0446383245
0.5054407716
0.0841693357
0.0904733017
0.0038790978
0.0306648277
0.0112627028
0.0108994422
0.0477548577
0.8296445608
0.1412818134
0.2664470375
0.0246273838
0.8674914241
0.0287518390
0.6000862718
0.5827034116
0.2149641812
0.5075337887
0.0047301422
0.0531510413
0.3837388754
0.0086182663
0.0207545366
0.4490012825
0.0142367724
0.0162576642
0.0322435126
0.0044936799
0.0567776822
0.0446520112
0.0728401989
0.5644559860
0.0039789560
0.0169411488
0.0134987365
0.0099041192
0.0317251235
0.0054779379
0.3100309372
0.0864540488
0.0419613980
0.1143499166
0.0143643506
0.2473171204
0.0262650177
0.0268785041
0.0674973652
0.0906073749
0.0376462378
0.0468654558
0.0278949104
0.0623576790
0.0062712370
0.0072070030
0.0635693222
0.0035178759
0.0614433885
0.0031754009
0.0316120200
0.0107408362
0.0190149397
0.0114676151
0.0644777790
0.0125231110
0.0726561174
0.0681868643
0.0234456006
0.1990364045
0.0091739092
0.3028227985
0.0379800610
0.0262658428
0.0818062946
0.0592094809
0.0293004215
0.2239448130
0.0524160787
0.9682706594
0.8883465528
0.8055548668
0.0077136089
0.0371205807
0.0746642426
0.0156263467
0.4876069427
0.3670190871
1.0272514820
0.2299803495
0.0084027713
0.0084606558
0.0104436744
0.0306574646
0.6735718250
0.9563072920
0.5398947001
0.6827457547
0.0230648555
0.0212741029
0.0282274559
1.0239655972
0.0085637514
0.0260928627
0.0112911193
0.9765707850
0.1617455631
0.0107905501
0.0061574485
0.0056206412
0.9986627698
0.0048641223
0.0504017472
0.0724936426
0.0821314976
0.0050731092
0.0095154447
0.0433520973
0.0947894081
0.4990319014
0.0524144955
0.0106483130
0.0176342577
0.0712830722
0.0275433157
0.0751001015
0.0098024486
0.1819549948
0.0048403121
0.0408676006
0.0149853704
0.1838905513
0.0376471281
0.0844151005
0.0781355798
0.9235434532
0.7519094348
1.0349562168
0.0127978623
0.0034276408
0.8210574985
0.8283995986
0.0303621273
0.0122306235
0.0044597401
0.0102875335
0.3671671152
0.0046467395
1.0893110037
0.0122771161
0.0634897128
1.0325438976
0.8168147802
0.0175446495
0.8582643270
0.0699010566
1.0052691698
0.0233390648
0.0197472330
0.0037428706
0.1277637482
0.0047945343
0.9400891662
0.2717662752
0.0066822344
0.4086135328
0.0571506917
0.0292721167
0.0356769264
0.0494251847
0.0209662970
0.0078337397
0.8131942749
0.0156638343
0.0559428781
0.2822007835
0.0236367211
0.0045372769
0.0155575611
0.0047255629
0.0159515478
0.0385466516
0.0364398547
0.0388286449
0.0040961490
0.0052416627
0.0590768903
0.0055953036
0.0700746253
0.0059525152
0.0476060845
0.0051184008
0.0705351755
0.0227166004
0.4144161940
0.0620314479
0.2491561621
0.8497954607
0.0051085195
0.0250923056
0.8502731919
0.0364193730
0.0519321933
0.0072102477
0.2144379318
0.0397303142
0.0177486967
0.0068859551
0.6911223531
0.7841061950
0.1266439259
0.0749273598
0.7863924503
0.5319699645
0.2206790298
0.0114983255
0.0083811581
0.0148643190
0.0609780103
0.0104233846
0.0035388141
0.1782391667
0.0116961366
0.0095115788
0.0044336924
0.0625802651
0.0079845209
0.0181362759
0.0285238028
0.0619305819
0.0542354472
0.0660077408
0.0060886531
0.0051189414
0.0050999573
0.0547430366
0.0144324722
0.0610319898
0.0267623570
0.0277664941
0.0133212898
0.3435397744
0.0082761711
0.0691298842
0.0060592187
0.7679135799
0.7478648424
0.1752308905
0.0069710012
0.0098758433
0.0077855387
0.0044271080
0.2165400088
0.2672931850
0.0078473305
0.0094393501
0.0078727156
0.0105398903
0.0211959910
0.0122559313
0.2034389228
0.0083579216
0.0273244400
0.9165697694
0.0074056392
0.0776167884
0.9328550696
0.0091649313
0.1933240891
0.0099526467
0.1336590350
0.0075723650
0.0576024912
1.0453894138
0.0322540738
0.0263020005
0.0067293467
0.9817887545
0.0102978237
0.0072463946
0.0177319143
0.1056083217
0.0097205620
0.0289473608
0.7609127164
0.0075937151
0.0143735847
0.1268930286
0.0292520784
1.0650913715
0.0543093272
0.0340771861
0.0189834330
0.0310417078
0.4001806676
0.0208964236
0.1402107626
0.0146849761
0.0198616274
0.0546547286
0.0858887658
1.0732401609
0.0188978538
0.0558137186
0.0344292149
0.0700306222
0.0191250648
0.0696846694
0.0574034490
0.0707566366
0.1579623073
0.2032482773
0.0056772307
0.0378651507
0.0393026695
0.3422826231
0.0197577123
0.0122055709
0.0141305262
0.0513678528
0.0069581806
0.0100165708
0.0152327400
0.0592201501
0.5609102845
0.3697119653
0.1137703955
0.0664813071
0.0303956140
0.0701919794
0.0057141217
0.0457014553
0.0575828217
0.0261829067
0.0179234948
0.0491394550
0.0050898055
0.0182515718
0.0185333155
0.0311770458
1.0966488123
0.0242997166
0.0033846260
0.0077706282
0.0369918533
0.0294999015
0.0213978440
0.0986060575
0.0476962142
0.0641646907
0.0403415710
0.0064824466
0.0077316011
0.0348791331
0.0309931934
0.2924819589
0.0534101240
0.0061597028
0.0345963873
0.0602841713
0.0390804261
0.0040581031
0.0235551614
0.0677208677
0.0212336592
0.0092554567
0.3088714778
0.4575490355
1.0043655634
0.0071821865
0.0059841424
0.1917113960
0.1815421432
0.0463883914
0.0135456808
0.0485076569
0.2773306966
0.4007276297
0.0248921067
0.0039383853
0.0566637889
0.0678042173
0.0281289313
0.0152232293
0.0435491130
0.9269502759
0.0111183934
0.0043266378
0.4262989461
0.0110636661
0.0076859165
0.0253612194
0.0445707552
0.0373044312
0.0312759280
0.0522953905
0.0045682979
0.1212070808
0.0117549226
0.0045769969
0.0063696769
0.1731007099
0.0339561887
0.0537132137
0.0577988848
0.0372824110
0.0127909537
0.0724860206
0.0128124934
0.0677420497
0.0622389652
0.0487591550
0.0604570210
0.0096762544
1.0038814545
0.1538171619
0.2812227011
0.0122053958
0.0570213906
0.0066043404
0.0055448688
0.0040323399
0.4500410259
0.0036087404
0.0136370566
0.1287026703
0.0152655113
0.0069685774
0.0466819927
0.0149702849
0.0703656748
0.0207083412
0.0030310741
0.0377166271
0.1538576186
0.0269764941
0.0078236787
0.0329946727
0.0089244265
0.0057197539
0.6817770600
0.0508527942
0.0215310901
0.0672073588
0.0046514589
0.0283506252
0.0413317345
0.2756574750
0.1219689995
0.0105646225
0.0151210781
0.0228472725
0.0206593517
0.0998879969
0.0047984510
0.0073613552
0.0039120396
0.0159265362
0.0947548151
0.0483348258
0.0388329625
0.0033962047
0.0092728827
0.9647578001
0.0435568169
0.0436032042
0.0362824537
0.1011542380
0.0178540703
0.0993944854
0.9037004113
0.0627782941
0.0169814546
0.0096204448
0.0171003658
0.0168461110
1.0641510487
0.5600576997
0.0361886472
0.0079963254
0.0703211799
0.0119953239
0.9118199348
0.0059066634
0.0049101915
0.0110062547
0.0296771415
0.0076419543
0.0282528494
0.0102663627
0.0129803484
0.0190170910
0.0131907538
0.0359595791
0.1197655275
0.0211088881
0.0045454740
0.0690939352
0.3812750280
0.0250015203
0.1072642356
0.1062039360
0.3369885683
0.0260131545
0.4620772600
0.0317342170
0.1290213466
0.0411711074
0.0601530187
0.0076257484
0.1983737350
0.2777728438
0.0659545735
0.0438958891
0.0211498160
0.0385276340
0.0138524910
0.0203599241
0.0243341625
1.0160950422
0.0061484962
0.4658298194
0.1980528831
0.1084560379
0.0720502213
0.0465631261
0.0486391708
0.0364137441
0.0444643982
0.0080946740
0.0078176036
0.0134125492
0.0158192553
0.0666539669
0.2437032163
0.0107498132
0.0364911593
0.8885655403
0.0720414519
0.0202907734
0.2134612948
0.0207354948
0.2905550301
0.0055733500
0.0099737085
0.0688503757
0.4805412591
0.0106998505
0.0212318245
0.0421431586
0.0506600961
0.5806968808
0.1148833632
0.0105681987
0.0227329209
0.5630087256
0.0248931460
0.0221934896
0.0088072121
1.0163466930
0.0529410243
0.0037424190
0.3550044596
0.0116239116
0.0191179849
0.0130283413
0.0558207892
0.0488640778
0.2547031939
0.3593023419
0.0111435354
0.0298030321
0.0351014398
0.0645415187
0.0568168946
0.0129302591
0.0265246071
0.0706094801
0.0574676879
0.0101340981
0.0134200230
0.0050477837
0.0434028953
0.0037160635
0.0135246757
0.0235706475
0.2598424256
0.0301815830
0.8962951303
0.0094102882
0.0106592430
0.0142997019
0.0272274222
0.0455642752
0.8948211670
0.0615738258
0.0161561370
0.0417610742
0.0670354366
0.1771881878
0.0474014357
0.0047249580
0.0229798276
0.0285272058
0.0053535830
0.9266532063
0.0339597315
0.0173010621
0.0032505817
0.0033428688
0.0036928102
0.0556590669
0.0579131544
0.1473153830
0.0029666917
0.0081928531
0.1043699980
0.0066038058
0.0336665474
0.0856283903
0.0974370316
0.0147572625
0.0067304019
0.0131097417
0.1210766509
0.0500282608
0.0094417557
0.6725260615
0.1568468064
0.0063332492
0.0060319346
0.0253808238
0.6449041367
0.1133234426
0.0367756411
0.0694028512
0.0283777695
0.0085213054
0.0231605861
0.9466364980
0.0468566567
0.0089649204
0.2416899353
0.0139476750
0.0063251839
0.0483168326
0.0723716170
0.0049626012
0.0075850147
0.0121657988
0.8853085041
0.0284161456
0.0099673457
0.0585096814
0.9041748643
0.3366816044
0.0279022455
0.0303370114
0.9235295653
0.0085100932
0.9250223041
0.0232792776
0.0656690821
0.0097953472
0.0117957229
0.2267356962
0.0756411850
0.1944423914
0.0247120615
0.0577382334
0.0956572071
0.4969670475
0.0733197257
0.3431366086
0.0279607940
0.0107035181
0.2405530661
0.0501846895
0.0468298867
0.0384261236
0.0089475857
0.1967254132
0.9520037770
0.0112790754
0.0122507326
0.0160044916
0.1267684847
0.0643075109
0.0137026981
0.0061382935
0.1048040539
0.0400163271
0.0727413669
0.0431885421
0.0225150660
0.0210052803
0.0315561630
0.0119152069
0.0041890955
0.0851661265
0.0297286082
0.0130767664
0.0652401075
0.1587623060
0.5236803293
0.2644628286
0.0320756473
0.0038817062
0.3067629039
0.0228042305
0.0460362323
0.0581871234
0.0156837143
0.0531590544
0.7421020865
0.3400287032
0.0112867951
0.9338945746
0.0509817451
0.0718441829
0.0356450602
0.0362155102
0.0352080539
0.0552012958
0.0060217851
0.7323228717
0.0073117823
0.3568674326
0.0052024899
0.0323737152
0.0135834860
0.9622108340
0.0495948680
0.0166466851
0.0077837990
0.0157667976
0.0033634177
0.0062282356
0.0075455317
0.0163866356
0.6118457913
0.0421455875
0.0163077489
0.0561682768
0.0117392940
0.0051752282
0.0182454623
0.0098219560
0.2733407617
0.0044210316
0.0217526220
0.0674523413
0.0043753618
0.0094882576
0.2621547580
0.3264317214
0.2335619181
0.0165545158
0.5600779653
0.0302938372
1.0324633121
0.0043505104
0.0803918242
0.0945825949
0.3917871118
0.0044594370
0.5005187392
0.2476779372
0.0698678493
0.0863895565
0.0354700573
0.0145372981
0.0599239767
0.0282850750
0.0575839579
0.0371965915
0.2565231025
0.1763221622
0.0071824342
0.0113824438
0.0659209415
0.0088211782
0.0033181508
0.0335403457
0.0159872007
0.0538657457
0.0069050496
0.0562021285
0.0047138399
0.0286285318
0.0734004602
0.0245141331
0.6502023339
0.0125964545
0.0126900915
0.0300114527
0.0535532795
0.0404795595
0.0289557967
0.0531311631
0.0417711027
0.0104307234
1.0077439547
0.0150739439
0.9366492629
0.4462255538
0.1328789592
0.1769915819
0.0093631707
0.0268359818
0.0185181182
0.0713513717
0.6222997904
0.0160565712
0.0544403940
0.0105716484
0.0836200714
0.0041943719
0.1345881075
0.0311462209
0.0039459476
0.0559710525
0.0062613622
0.0927071124
0.0303624794
0.0074183177
0.4110881090
0.0339672901
0.0142544508
0.0087938830
0.0216192491
0.0562928021
0.0714581758
0.0046157283
0.0557259209
0.0240431670
0.0188267957
0.0239027683
0.0189676005
0.3931955993
0.1971522868
0.0194551554
0.0041374825
0.0073067020
0.0362528078
0.0304340720
0.2541952133
0.2295097411
0.0124731977
0.0042864121
0.0034838160
0.0923351720
0.0721538588
0.0375476927
0.0668919533
0.0532569662
0.3928962648
0.0309039075
0.0714386106
0.2103937864
0.0038787306
0.0837396681
0.2608856559
0.0074519762
0.0398147702
0.1117966324
0.0245282371
0.2573688626
0.0111148963
0.0397258624
0.0604298413
0.2775264382
0.5715648532
0.0151181063
0.0073294337
0.3362822235
0.0114710657
0.9752609134
0.0311121140
0.0243849177
0.0059847618
0.0156187955
0.0293524619
0.0102820862
0.0093096113
0.0115782991
0.0193435773
0.0046665543
0.5636830926
0.2629886568
0.0049075964
0.0086577320
0.0056553823
0.0576303676
1.0058876276
0.0278069656
0.0036858812
0.0069903559
0.0901168063
0.2357260585
0.0062396568
0.0185423139
0.0089529622
0.0086917998
0.0083356537
0.0275617912
0.0235906933
0.0130940080
0.0269412547
0.0056432658
0.0198337547
0.0522464812
0.0309130661
0.0029910230
0.0197711308
0.1201837286
0.0685296655
0.0540272668
0.0088874903
0.0102254078
0.0554373674
0.0469881110
0.0407672301
0.0040594819
1.0713759661
0.0117586730
0.0530900061
0.2168606371
0.2800323963
0.0808306858
0.5379927158
0.0294353087
0.0404521152
0.0414288007
0.0159787536
0.0158433523
0.0230368320
0.0229615699
0.0140819587
0.9578971863
0.7018265128
1.0517220497
0.0521109179
